0 0.4698996655518395 0.5150501672240803 0.6070234113712375 0.6070234113712375
6 0.822742474916388 0.5919732441471572 0.25752508361204013 0.2909698996655518
6 0.939799331103679 0.7558528428093646 0.12040133779264214 0.3093645484949833
6 0.07859531772575251 0.13043478260869565 0.15719063545150502 0.2608695652173913
6 0.05351170568561873 0.6722408026755853 0.10702341137123746 0.3210702341137124
6 0.6086956521739131 0.9481605351170569 0.2725752508361204 0.10367892976588629
6 0.8795986622073578 0.38294314381270905 0.2391304347826087 0.27591973244147155
6 0.17725752508361203 0.24749163879598662 0.33612040133779264 0.24414715719063546
6 0.8545150501672241 0.09364548494983277 0.2909698996655518 0.18729096989966554
6 0.7357859531772575 0.8327759197324415 0.3294314381270903 0.23076923076923078
6 0.617056856187291 0.12040133779264214 0.27759197324414714 0.2408026755852843