6 0.5652173913043478 0.08862876254180602 0.2140468227424749 0.17725752508361203
6 0.40301003344481606 0.061872909698996656 0.23745819397993312 0.12374581939799331
6 0.47491638795986624 0.1705685618729097 0.33277591973244147 0.2692307692307692
6 0.016722408026755852 0.411371237458194 0.033444816053511704 0.20234113712374582
0 0.5066889632107023 0.5150501672240803 0.46321070234113715 0.5250836120401338
6 0.06020066889632107 0.9013377926421404 0.12040133779264214 0.19732441471571907
6 0.1454849498327759 0.05016722408026756 0.2909698996655518 0.10033444816053512
6 0.7709030100334449 0.4682274247491639 0.21070234113712374 0.2792642140468227
6 0.5986622073578596 0.9448160535117057 0.2608695652173913 0.11036789297658862
6 0.22240802675585283 0.9230769230769231 0.2725752508361204 0.15384615384615385
6 0.8929765886287625 0.1020066889632107 0.21237458193979933 0.20234113712374582
6 0.8963210702341137 0.919732441471572 0.20735785953177258 0.1588628762541806
6 0.11872909698996656 0.2157190635451505 0.23578595317725753 0.25585284280936454
6 0.9230769230769231 0.5150501672240803 0.15384615384615385 0.27424749163879597
6 0.7959866220735786 0.7926421404682275 0.26755852842809363 0.24414715719063546