0 0.5083612040133779 0.5217391304347826 0.5702341137123745 0.6454849498327759
6 0.4280936454849498 0.03678929765886288 0.24247491638795987 0.07357859531772576
6 0.36789297658862874 0.12374581939799331 0.3076923076923077 0.24749163879598662
6 0.03678929765886288 0.5702341137123745 0.07357859531772576 0.24414715719063546
6 0.8812709030100334 0.016722408026755852 0.21070234113712374 0.033444816053511704
6 0.705685618729097 0.051839464882943144 0.20066889632107024 0.10367892976588629
6 0.35785953177257523 0.9063545150501672 0.3377926421404682 0.18729096989966554
6 0.02508361204013378 0.8929765886287625 0.05016722408026756 0.20735785953177258
6 0.5852842809364549 0.9180602006688964 0.29431438127090304 0.16220735785953178
6 0.1354515050167224 0.10702341137123746 0.2709030100334448 0.2140468227424749
6 0.7123745819397993 0.23745819397993312 0.2792642140468227 0.26421404682274247
6 0.8411371237458194 0.8695652173913043 0.3177257525083612 0.2591973244147157