6 0.7224080267558528 0.08361204013377926 0.27424749163879597 0.16722408026755853
6 0.8076923076923077 0.1505016722408027 0.29431438127090304 0.2591973244147157
6 0.9648829431438127 0.2725752508361204 0.07023411371237458 0.3294314381270903
6 0.2625418060200669 0.01839464882943144 0.22742474916387959 0.03511705685618729
6 0.043478260869565216 0.8578595317725752 0.08528428093645485 0.27591973244147155
6 0.03511705685618729 0.09364548494983277 0.07023411371237458 0.18561872909698995
6 0.580267558528428 0.9464882943143813 0.3110367892976589 0.10702341137123746
6 0.1488294314381271 0.9280936454849499 0.2976588628762542 0.14381270903010032
4 0.8862876254180602 0.7909698996655519 0.225752508361204 0.4180602006688963
6 0.8060200668896321 0.3695652173913043 0.2608695652173913 0.25752508361204013
0 0.49498327759197325 0.5083612040133779 0.540133779264214 0.5351170568561873
6 0.8076923076923077 0.580267558528428 0.2508361204013378 0.2909698996655518
6 0.205685618729097 0.09698996655518395 0.27591973244147155 0.1939799331103679
6 0.2842809364548495 0.9080267558528428 0.27591973244147155 0.18394648829431437
6 0.1254180602006689 0.34448160535117056 0.2508361204013378 0.2725752508361204
6 0.08361204013377926 0.5702341137123745 0.16722408026755853 0.27424749163879597