6 0.9247491638795987 0.9515050167224081 0.1505016722408027 0.09197324414715718
6 0.46488294314381273 0.8745819397993311 0.36789297658862874 0.2508361204013378
5 0.9280936454849499 0.9832775919732442 0.05852842809364549 0.030100334448160536
6 0.12876254180602006 0.13879598662207357 0.25585284280936454 0.18561872909698995
6 0.14214046822742474 0.03678929765886288 0.2725752508361204 0.07023411371237458
6 0.9130434782608695 0.45819397993311034 0.17391304347826086 0.342809364548495
6 0.4431438127090301 0.13377926421404682 0.3210702341137124 0.22909698996655517
6 0.7474916387959866 0.03177257525083612 0.30434782608695654 0.061872909698996656
6 0.06354515050167224 0.3528428093645485 0.12709030100334448 0.3177257525083612
6 0.16722408026755853 0.9113712374581939 0.28762541806020064 0.17725752508361203
6 0.2491638795986622 0.23244147157190637 0.3595317725752508 0.2725752508361204
0 0.5016722408026756 0.4983277591973244 0.46321070234113715 0.540133779264214