3 0.7675585284280937 0.10535117056856187 0.46488294314381273 0.21070234113712374
6 0.06354515050167224 0.5652173913043478 0.12709030100334448 0.23745819397993312
6 0.6304347826086957 0.979933110367893 0.23411371237458195 0.038461538461538464
6 0.04013377926421405 0.19230769230769232 0.0802675585284281 0.27759197324414714
6 0.13043478260869565 0.8946488294314381 0.2608695652173913 0.21070234113712374
6 0.28595317725752506 0.8963210702341137 0.3076923076923077 0.20735785953177258
6 0.14715719063545152 0.5702341137123745 0.2842809364548495 0.29431438127090304
0 0.4882943143812709 0.5083612040133779 0.5100334448160535 0.5050167224080268
6 0.8979933110367893 0.23411371237458195 0.2040133779264214 0.18729096989966554
6 0.7474916387959866 0.3394648829431438 0.2608695652173913 0.2608695652173913
6 0.4782608695652174 0.18561872909698995 0.23076923076923078 0.225752508361204
6 0.19063545150501673 0.08193979933110368 0.28762541806020064 0.16220735785953178