6 0.9498327759197325 0.6672240802675585 0.10033444816053512 0.2976588628762542
6 0.9280936454849499 0.3528428093645485 0.13879598662207357 0.28762541806020064
6 0.30434782608695654 0.02508361204013378 0.23411371237458195 0.05016722408026756
0 0.5033444816053512 0.5250836120401338 0.5836120401337793 0.5869565217391305
6 0.07859531772575251 0.8896321070234113 0.15719063545150502 0.22073578595317725
6 0.9632107023411371 0.903010033444816 0.07357859531772576 0.1939799331103679
6 0.8779264214046822 0.5819397993311036 0.23745819397993312 0.2408026755852843
6 0.5468227424749164 0.07190635451505016 0.3210702341137124 0.14214046822742474
6 0.07023411371237458 0.16220735785953178 0.14046822742474915 0.2909698996655518
6 0.1705685618729097 0.41471571906354515 0.2591973244147157 0.2993311036789298
6 0.15551839464882944 0.7307692307692307 0.3093645484949833 0.2959866220735786
6 0.9096989966555183 0.11538461538461539 0.1806020066889632 0.23076923076923078
6 0.7374581939799331 0.794314381270903 0.3110367892976589 0.3093645484949833