0 0.4698996655518395 0.5167224080267558 0.5719063545150501 0.5
6 0.8311036789297659 0.36454849498327757 0.2842809364548495 0.3110367892976589
6 0.033444816053511704 0.5334448160535117 0.06521739130434782 0.22742474916387959
6 0.9782608695652174 0.6655518394648829 0.043478260869565216 0.2792642140468227
6 0.9280936454849499 0.14381270903010032 0.14381270903010032 0.2692307692307692
6 0.6906354515050167 0.20903010033444816 0.2959866220735786 0.23076923076923078
6 0.0903010033444816 0.07023411371237458 0.17892976588628762 0.13879598662207357
6 0.24749163879598662 0.794314381270903 0.3294314381270903 0.24749163879598662
6 0.13712374581939799 0.3595317725752508 0.27424749163879597 0.27424749163879597
6 0.08361204013377926 0.8712374581939799 0.16722408026755853 0.25585284280936454
6 0.8361204013377926 0.7324414715719063 0.3093645484949833 0.25752508361204013