6 0.9498327759197325 0.9615384615384616 0.10033444816053512 0.07692307692307693
0 0.5133779264214047 0.49331103678929766 0.540133779264214 0.5869565217391305
6 0.03511705685618729 0.9280936454849499 0.06856187290969899 0.14381270903010032
5 0.9765886287625418 0.023411371237458192 0.046822742474916385 0.0451505016722408
6 0.06354515050167224 0.431438127090301 0.12709030100334448 0.35451505016722407
6 0.10869565217391304 0.061872909698996656 0.2140468227424749 0.12374581939799331
6 0.05518394648829431 0.7759197324414716 0.10869565217391304 0.2591973244147157
6 0.6806020066889632 0.0451505016722408 0.2625418060200669 0.08862876254180602
6 0.23244147157190637 0.9297658862876255 0.2491638795986622 0.13879598662207357
6 0.5351170568561873 0.06020066889632107 0.25585284280936454 0.11872909698996656
6 0.822742474916388 0.07859531772575251 0.2608695652173913 0.15719063545150502
6 0.27591973244147155 0.2391304347826087 0.2692307692307692 0.25585284280936454
6 0.7591973244147158 0.8377926421404682 0.33612040133779264 0.32441471571906355
6 0.919732441471572 0.23244147157190637 0.1588628762541806 0.2508361204013378