6 0.9347826086956522 0.06020066889632107 0.11705685618729098 0.12040133779264214
6 0.7324414715719063 0.2625418060200669 0.2826086956521739 0.2508361204013378
0 0.5150501672240803 0.5301003344481605 0.5217391304347826 0.5317725752508361
5 0.15217391304347827 0.6053511705685619 0.046822742474916385 0.04180602006688963
6 0.07357859531772576 0.4280936454849498 0.14715719063545152 0.3511705685618729
5 0.8277591973244147 0.7525083612040134 0.07859531772575251 0.06020066889632107
6 0.05351170568561873 0.06020066889632107 0.10702341137123746 0.11705685618729098
6 0.8745819397993311 0.4782608695652174 0.2508361204013378 0.25418060200668896
6 0.9682274247491639 0.7675585284280937 0.061872909698996656 0.3093645484949833
6 0.20066889632107024 0.39297658862876256 0.24581939799331104 0.2842809364548495
6 0.9331103678929766 0.2709030100334448 0.13210702341137123 0.22742474916387959
6 0.4866220735785953 0.18227424749163879 0.29264214046822745 0.25585284280936454
6 0.3093645484949833 0.8595317725752508 0.3528428093645485 0.2792642140468227