6 0.5117056856187291 0.8712374581939799 0.32441471571906355 0.25752508361204013
6 0.6789297658862876 0.04013377926421405 0.27424749163879597 0.0802675585284281
6 0.7608695652173914 0.13210702341137123 0.34448160535117056 0.26421404682274247
6 0.10367892976588629 0.01839464882943144 0.20735785953177258 0.03678929765886288
6 0.24749163879598662 0.7307692307692307 0.2826086956521739 0.26755852842809363
0 0.4765886287625418 0.5066889632107023 0.540133779264214 0.5785953177257525
6 0.8160535117056856 0.39464882943143814 0.28929765886287623 0.3996655518394649
6 0.13712374581939799 0.8076923076923077 0.27424749163879597 0.3093645484949833
6 0.038461538461538464 0.38461538461538464 0.07692307692307693 0.3110367892976589
6 0.07190635451505016 0.6120401337792643 0.14381270903010032 0.2408026755852843
6 0.2525083612040134 0.06020066889632107 0.26421404682274247 0.12040133779264214
6 0.9615384615384616 0.41638795986622074 0.07692307692307693 0.25585284280936454
6 0.9230769230769231 0.8846153846153846 0.15384615384615385 0.22909698996655517
6 0.9147157190635451 0.6505016722408027 0.1705685618729097 0.23244147157190637
6 0.4331103678929766 0.12876254180602006 0.27424749163879597 0.25585284280936454
6 0.4414715719063545 0.9481605351170569 0.3528428093645485 0.10367892976588629