0 0.5451505016722408 0.5301003344481605 0.5016722408026756 0.43645484949832775
6 0.5384615384615384 0.5334448160535117 0.49331103678929766 0.44816053511705684
6 0.3745819397993311 0.6839464882943144 0.19732441471571907 0.18561872909698995
6 0.1705685618729097 0.6605351170568562 0.3093645484949833 0.29264214046822745
6 0.6404682274247492 0.8879598662207357 0.2709030100334448 0.22408026755852842
6 0.9698996655518395 0.0802675585284281 0.056856187290969896 0.1588628762541806
6 0.7792642140468228 0.6906354515050167 0.22408026755852842 0.2157190635451505
6 0.9264214046822743 0.8110367892976589 0.14715719063545152 0.23076923076923078
6 0.061872909698996656 0.9481605351170569 0.12374581939799331 0.10367892976588629
6 0.4230769230769231 0.8712374581939799 0.2692307692307692 0.22742474916387959
6 0.8745819397993311 0.9347826086956522 0.2508361204013378 0.13043478260869565
6 0.26421404682274247 0.9464882943143813 0.25752508361204013 0.10702341137123746
6 0.2525083612040134 0.41638795986622074 0.2391304347826087 0.20735785953177258
6 0.08193979933110368 0.12040133779264214 0.16387959866220736 0.2408026755852843
6 0.8545150501672241 0.30434782608695654 0.2909698996655518 0.2408026755852843