6 0.7709030100334449 0.8093645484949833 0.38294314381270905 0.3695652173913043
6 0.27591973244147155 0.754180602006689 0.28762541806020064 0.225752508361204
0 0.4431438127090301 0.5083612040133779 0.4682274247491639 0.5050167224080268
6 0.03511705685618729 0.4899665551839465 0.07023411371237458 0.3177257525083612
6 0.697324414715719 0.09531772575250837 0.3377926421404682 0.19063545150501673
6 0.1605351170568562 0.9331103678929766 0.31438127090301005 0.13210702341137123
6 0.5518394648829431 0.20234113712374582 0.3076923076923077 0.24414715719063546
6 0.33277591973244147 0.08862876254180602 0.23745819397993312 0.17725752508361203
6 0.09364548494983277 0.10702341137123746 0.18729096989966554 0.2140468227424749
6 0.09531772575250837 0.7608695652173914 0.18896321070234115 0.2809364548494983
6 0.7692307692307693 0.3896321070234114 0.28595317725752506 0.23745819397993312
6 0.14381270903010032 0.3294314381270903 0.28762541806020064 0.26421404682274247
6 0.7976588628762542 0.11705685618729098 0.2692307692307692 0.23244147157190637