4 0.10033444816053512 0.5752508361204013 0.20066889632107024 0.6020066889632107
6 0.24414715719063546 0.3076923076923077 0.2491638795986622 0.2709030100334448
6 0.2525083612040134 0.9414715719063546 0.25418060200668896 0.11705685618729098
6 0.8177257525083612 0.5100334448160535 0.2625418060200669 0.26421404682274247
6 0.6020066889632107 0.8762541806020067 0.2993311036789298 0.24749163879598662
0 0.47491638795986624 0.5150501672240803 0.5451505016722408 0.560200668896321
6 0.8812709030100334 0.6605351170568562 0.23745819397993312 0.2157190635451505
6 0.12709030100334448 0.10033444816053512 0.25418060200668896 0.20066889632107024
6 0.44816053511705684 0.11371237458193979 0.28762541806020064 0.22742474916387959
6 0.7441471571906354 0.18729096989966554 0.32441471571906355 0.36454849498327757
6 0.11705685618729098 0.2591973244147157 0.20735785953177258 0.20735785953177258