0 0.4882943143812709 0.5117056856187291 0.6137123745819398 0.5936454849498328
6 0.8411371237458194 0.4431438127090301 0.2608695652173913 0.2976588628762542
6 0.5267558528428093 0.9364548494983278 0.24414715719063546 0.12709030100334448
6 0.9832775919732442 0.08193979933110368 0.033444816053511704 0.1505016722408027
6 0.697324414715719 0.1588628762541806 0.3311036789297659 0.3177257525083612
6 0.9464882943143813 0.9414715719063546 0.10702341137123746 0.11538461538461539
6 0.033444816053511704 0.0903010033444816 0.06521739130434782 0.1806020066889632
6 0.4866220735785953 0.06856187290969899 0.2725752508361204 0.1354515050167224
6 0.4013377926421405 0.9280936454849499 0.2491638795986622 0.14381270903010032
6 0.5919732441471572 0.8244147157190636 0.2508361204013378 0.225752508361204
6 0.1505016722408027 0.9331103678929766 0.2976588628762542 0.13377926421404682
6 0.1020066889632107 0.4765886287625418 0.20234113712374582 0.2725752508361204
6 0.8779264214046822 0.7625418060200669 0.24414715719063546 0.2608695652173913