6 0.5702341137123745 0.09866220735785954 0.3612040133779264 0.19732441471571907
6 0.6254180602006689 0.9581939799331104 0.3277591973244147 0.08361204013377926
6 0.842809364548495 0.1020066889632107 0.2591973244147157 0.2040133779264214
6 0.9063545150501672 0.08361204013377926 0.18227424749163879 0.16722408026755853
6 0.9163879598662207 0.9732441471571907 0.16722408026755853 0.05351170568561873
6 0.802675585284281 0.5451505016722408 0.25418060200668896 0.2909698996655518
0 0.49331103678929766 0.5217391304347826 0.4531772575250836 0.5050167224080268
6 0.2709030100334448 0.08695652173913043 0.2608695652173913 0.17391304347826086
6 0.09866220735785954 0.13377926421404682 0.19732441471571907 0.26755852842809363
6 0.16387959866220736 0.8963210702341137 0.32441471571906355 0.205685618729097
6 0.6337792642140468 0.7709030100334449 0.34448160535117056 0.3879598662207358