6 0.9080267558528428 0.9816053511705686 0.18394648829431437 0.03678929765886288
0 0.5351170568561873 0.4816053511705686 0.5234113712374582 0.5150501672240803
6 0.22240802675585283 0.1020066889632107 0.33277591973244147 0.20066889632107024
6 0.08862876254180602 0.9565217391304348 0.17725752508361203 0.08695652173913043
6 0.19063545150501673 0.6053511705685619 0.38127090301003347 0.3277591973244147
6 0.33277591973244147 0.17725752508361203 0.28929765886287623 0.2391304347826087
6 0.7976588628762542 0.31438127090301005 0.1939799331103679 0.28929765886287623
6 0.4983277591973244 0.9096989966555183 0.3110367892976589 0.17892976588628762
6 0.6204013377926422 0.15217391304347827 0.30434782608695654 0.2591973244147157
6 0.7441471571906354 0.7842809364548495 0.31438127090301005 0.3110367892976589
6 0.8913043478260869 0.5468227424749164 0.21739130434782608 0.2608695652173913