5 0.3795986622073579 0.046822742474916385 0.12374581939799331 0.09364548494983277
0 0.4916387959866221 0.4782608695652174 0.560200668896321 0.5033444816053512
6 0.1254180602006689 0.43645484949832775 0.2508361204013378 0.3996655518394649
6 0.8612040133779264 0.3795986622073579 0.27759197324414714 0.2508361204013378
6 0.9431438127090301 0.038461538461538464 0.10702341137123746 0.07692307692307693
6 0.26755852842809363 0.9063545150501672 0.36789297658862874 0.18729096989966554
6 0.5652173913043478 0.9364548494983278 0.3076923076923077 0.12709030100334448
6 0.9464882943143813 0.9080267558528428 0.10702341137123746 0.18394648829431437
6 0.5769230769230769 0.09698996655518395 0.34448160535117056 0.1939799331103679
6 0.5668896321070234 0.7675585284280937 0.39464882943143814 0.2709030100334448
6 0.13043478260869565 0.11371237458193979 0.2591973244147157 0.225752508361204
6 0.8846153846153846 0.5752508361204013 0.22909698996655517 0.26755852842809363
6 0.9548494983277592 0.745819397993311 0.08862876254180602 0.23578595317725753