6 0.7658862876254181 0.1939799331103679 0.3695652173913043 0.3076923076923077
6 0.8093645484949833 0.5785953177257525 0.22909698996655517 0.2709030100334448
6 0.9297658862876255 0.5501672240802675 0.13879598662207357 0.2709030100334448
6 0.6321070234113713 0.959866220735786 0.12040133779264214 0.0802675585284281
6 0.16387959866220736 0.20066889632107024 0.26588628762541805 0.2993311036789298
6 0.903010033444816 0.33612040133779264 0.1939799331103679 0.2508361204013378
5 0.6337792642140468 0.959866220735786 0.12374581939799331 0.0802675585284281
0 0.4882943143812709 0.5317725752508361 0.451505016722408 0.46153846153846156
6 0.06020066889632107 0.08361204013377926 0.12040133779264214 0.16555183946488294
6 0.4397993311036789 0.9732441471571907 0.3093645484949833 0.05351170568561873
6 0.5050167224080268 0.8327759197324415 0.26588628762541805 0.21739130434782608
6 0.5133779264214047 0.02508361204013378 0.22408026755852842 0.05016722408026756
6 0.919732441471572 0.8528428093645485 0.1605351170568562 0.29431438127090304
6 0.1254180602006689 0.8695652173913043 0.24581939799331104 0.2591973244147157
5 0.6822742474916388 0.7190635451505016 0.09197324414715718 0.09364548494983277
5 0.677257525083612 0.7625418060200669 0.24581939799331104 0.19899665551839466