6 0.7909698996655519 0.8612040133779264 0.23076923076923078 0.25752508361204013
6 0.8678929765886287 0.9715719063545151 0.26421404682274247 0.056856187290969896
0 0.4866220735785953 0.40635451505016723 0.5869565217391305 0.677257525083612
6 0.9749163879598662 0.8745819397993311 0.043478260869565216 0.2508361204013378
6 0.68561872909699 0.01839464882943144 0.2909698996655518 0.03678929765886288
6 0.033444816053511704 0.07859531772575251 0.06688963210702341 0.15719063545150502
6 0.4013377926421405 0.8294314381270903 0.29264214046822745 0.2842809364548495
6 0.31270903010033446 0.07023411371237458 0.3010033444816054 0.13879598662207357
6 0.1454849498327759 0.8879598662207357 0.2909698996655518 0.22408026755852842
6 0.8545150501672241 0.540133779264214 0.2909698996655518 0.30434782608695654
6 0.8913043478260869 0.7909698996655519 0.15551839464882944 0.27591973244147155