0 0.5234113712374582 0.431438127090301 0.5367892976588629 0.5284280936454849
6 0.04013377926421405 0.9615384615384616 0.0802675585284281 0.07692307692307693
6 0.14381270903010032 0.9816053511705686 0.25585284280936454 0.03678929765886288
6 0.9648829431438127 0.8244147157190636 0.06856187290969899 0.3110367892976589
6 0.10033444816053512 0.09197324414715718 0.20066889632107024 0.18394648829431437
6 0.7006688963210702 0.028428093645484948 0.2976588628762542 0.056856187290969896
6 0.1488294314381271 0.3277591973244147 0.2976588628762542 0.30434782608695654
6 0.9180602006688964 0.06688963210702341 0.16387959866220736 0.13377926421404682
6 0.38294314381270905 0.822742474916388 0.3595317725752508 0.3528428093645485
6 0.05351170568561873 0.782608695652174 0.10702341137123746 0.3294314381270903
6 0.35618729096989965 0.07525083612040134 0.26421404682274247 0.1505016722408027
6 0.8662207357859532 0.939799331103679 0.26755852842809363 0.12040133779264214
6 0.8678929765886287 0.1956521739130435 0.26421404682274247 0.27424749163879597
6 0.8394648829431438 0.5451505016722408 0.3210702341137124 0.3277591973244147