6 0.7675585284280937 0.6906354515050167 0.24581939799331104 0.20066889632107024
6 0.24247491638795987 0.9147157190635451 0.3210702341137124 0.1705685618729097
6 0.2993311036789298 0.038461538461538464 0.34448160535117056 0.07692307692307693
0 0.5066889632107023 0.5117056856187291 0.5284280936454849 0.5367892976588629
6 0.7625418060200669 0.04180602006688963 0.2625418060200669 0.08361204013377926
6 0.2809364548494983 0.7775919732441472 0.28762541806020064 0.26421404682274247
6 0.9046822742474916 0.6237458193979933 0.19063545150501673 0.2525083612040134
6 0.056856187290969896 0.32608695652173914 0.11204013377926421 0.31605351170568563
6 0.9264214046822743 0.3595317725752508 0.14715719063545152 0.30434782608695654
6 0.9264214046822743 0.08695652173913043 0.14715719063545152 0.17391304347826086
6 0.41638795986622074 0.1588628762541806 0.25418060200668896 0.25585284280936454
6 0.1488294314381271 0.13712374581939799 0.2976588628762542 0.2709030100334448