6 0.4916387959866221 0.8695652173913043 0.2140468227424749 0.2508361204013378
4 0.21237458193979933 0.7792642140468228 0.41471571906354515 0.4397993311036789
6 0.9498327759197325 0.637123745819398 0.10033444816053512 0.32441471571906355
6 0.5150501672240803 0.033444816053511704 0.33277591973244147 0.06521739130434782
6 0.13043478260869565 0.11872909698996656 0.2591973244147157 0.23578595317725753
0 0.4280936454849498 0.540133779264214 0.4698996655518395 0.5117056856187291
6 0.697324414715719 0.939799331103679 0.30267558528428096 0.11872909698996656
6 0.9163879598662207 0.3511705685618729 0.16722408026755853 0.26421404682274247
6 0.7123745819397993 0.6003344481605352 0.2508361204013378 0.30434782608695654
6 0.7608695652173914 0.10535117056856187 0.2809364548494983 0.21070234113712374
6 0.7775919732441472 0.3076923076923077 0.2692307692307692 0.23745819397993312
6 0.842809364548495 0.5217391304347826 0.2625418060200669 0.25585284280936454
6 0.9163879598662207 0.9163879598662207 0.16722408026755853 0.16722408026755853
6 0.40468227424749165 0.16220735785953178 0.2508361204013378 0.2709030100334448