0 0.479933110367893 0.49498327759197325 0.637123745819398 0.5869565217391305
6 0.774247491638796 0.8461538461538461 0.2491638795986622 0.28929765886287623
6 0.048494983277591976 0.24414715719063546 0.09698996655518395 0.32274247491638797
6 0.11204013377926421 0.7107023411371237 0.22408026755852842 0.17725752508361203
6 0.8377926421404682 0.3093645484949833 0.3210702341137124 0.30434782608695654
6 0.9163879598662207 0.9297658862876255 0.16722408026755853 0.13879598662207357
6 0.939799331103679 0.697324414715719 0.11872909698996656 0.28762541806020064
6 0.14715719063545152 0.8762541806020067 0.29431438127090304 0.24749163879598662
6 0.8678929765886287 0.5150501672240803 0.26421404682274247 0.2692307692307692
6 0.6070234113712375 0.9096989966555183 0.34448160535117056 0.1806020066889632
6 0.637123745819398 0.06020066889632107 0.2976588628762542 0.12040133779264214