6 0.8377926421404682 0.9464882943143813 0.3110367892976589 0.10702341137123746
6 0.7474916387959866 0.8862876254180602 0.2508361204013378 0.22240802675585283
6 0.3779264214046823 0.903010033444816 0.28762541806020064 0.1939799331103679
6 0.030100334448160536 0.8277591973244147 0.06020066889632107 0.24414715719063546
6 0.0451505016722408 0.2909698996655518 0.0903010033444816 0.2508361204013378
6 0.9063545150501672 0.07190635451505016 0.18561872909698995 0.14214046822742474
6 0.40468227424749165 0.048494983277591976 0.3010033444816054 0.09698996655518395
6 0.1020066889632107 0.08862876254180602 0.2040133779264214 0.17725752508361203
0 0.4866220735785953 0.4916387959866221 0.5133779264214047 0.5501672240802675
6 0.7190635451505016 0.12709030100334448 0.27591973244147155 0.2508361204013378
6 0.5635451505016722 0.8561872909698997 0.24749163879598662 0.2608695652173913