4 0.5284280936454849 0.5100334448160535 0.42642140468227424 0.4916387959866221
6 0.28762541806020064 0.8612040133779264 0.3193979933110368 0.26421404682274247
6 0.7876254180602007 0.016722408026755852 0.2842809364548495 0.033444816053511704
6 0.794314381270903 0.26588628762541805 0.2625418060200669 0.27424749163879597
6 0.939799331103679 0.6237458193979933 0.12040133779264214 0.33612040133779264
6 0.5016722408026756 0.8444816053511706 0.2625418060200669 0.2591973244147157
6 0.14214046822742474 0.7224080267558528 0.2842809364548495 0.34782608695652173
6 0.6204013377926422 0.17224080267558528 0.2591973244147157 0.24749163879598662
6 0.8327759197324415 0.9163879598662207 0.33277591973244147 0.16220735785953178
6 0.24414715719063546 0.17725752508361203 0.33277591973244147 0.3528428093645485
6 0.7759197324414716 0.7207357859531772 0.2976588628762542 0.2792642140468227