5 0.205685618729097 0.8678929765886287 0.10702341137123746 0.11036789297658862
6 0.5953177257525084 0.8879598662207357 0.22742474916387959 0.22408026755852842
6 0.015050167224080268 0.5367892976588629 0.030100334448160536 0.30434782608695654
6 0.030100334448160536 0.8996655518394648 0.06020066889632107 0.19230769230769232
0 0.45819397993311034 0.5183946488294314 0.5167224080267558 0.5785953177257525
6 0.7926421404682275 0.22408026755852842 0.2909698996655518 0.2625418060200669
6 0.7675585284280937 0.8762541806020067 0.2709030100334448 0.24749163879598662
6 0.13712374581939799 0.09197324414715718 0.27424749163879597 0.18394648829431437
6 0.33277591973244147 0.9013377926421404 0.3110367892976589 0.19732441471571907
6 0.8862876254180602 0.11872909698996656 0.22408026755852842 0.23578595317725753
6 0.5919732441471572 0.13043478260869565 0.31438127090301005 0.2608695652173913
6 0.7575250836120402 0.6538461538461539 0.26588628762541805 0.25418060200668896
6 0.8946488294314381 0.4531772575250836 0.20903010033444816 0.27759197324414714
5 0.7324414715719063 0.41304347826086957 0.11371237458193979 0.11705685618729098