5 0.979933110367893 0.020066889632107024 0.04013377926421405 0.04013377926421405
0 0.5033444816053512 0.5100334448160535 0.4682274247491639 0.5367892976588629
6 0.903010033444816 0.30434782608695654 0.1939799331103679 0.3210702341137124
6 0.19063545150501673 0.3862876254180602 0.2725752508361204 0.2608695652173913
6 0.5785953177257525 0.8327759197324415 0.3411371237458194 0.2792642140468227
6 0.44481605351170567 0.9448160535117057 0.2909698996655518 0.11036789297658862
6 0.6806020066889632 0.1939799331103679 0.3394648829431438 0.36789297658862874
6 0.056856187290969896 0.8177257525083612 0.11371237458193979 0.35451505016722407
6 0.9096989966555183 0.9464882943143813 0.1806020066889632 0.10702341137123746
6 0.8745819397993311 0.6220735785953178 0.2491638795986622 0.2140468227424749
6 0.1020066889632107 0.0802675585284281 0.20234113712374582 0.1588628762541806
6 0.8210702341137124 0.8327759197324415 0.27424749163879597 0.225752508361204