0 0.46153846153846156 0.4882943143812709 0.5083612040133779 0.4431438127090301
6 0.04180602006688963 0.06521739130434782 0.08361204013377926 0.13043478260869565
6 0.3294314381270903 0.9749163879598662 0.23076923076923078 0.05016722408026756
5 0.717391304347826 0.07190635451505016 0.24247491638795987 0.14381270903010032
6 0.11872909698996656 0.3093645484949833 0.23578595317725753 0.2692307692307692
6 0.7775919732441472 0.9632107023411371 0.3010033444816054 0.07357859531772576
6 0.8177257525083612 0.5551839464882943 0.2959866220735786 0.30434782608695654
6 0.1254180602006689 0.15217391304347827 0.24749163879598662 0.23745819397993312
6 0.6555183946488294 0.2909698996655518 0.29431438127090304 0.25585284280936454
6 0.8662207357859532 0.794314381270903 0.25752508361204013 0.28929765886287623
6 0.08695652173913043 0.7290969899665551 0.17391304347826086 0.22742474916387959
6 0.9013377926421404 0.3511705685618729 0.19732441471571907 0.24749163879598662