6 0.023411371237458192 0.7207357859531772 0.046822742474916385 0.2976588628762542
6 0.6789297658862876 0.12040133779264214 0.2625418060200669 0.2391304347826087
5 0.10367892976588629 0.782608695652174 0.12876254180602006 0.11371237458193979
6 0.09531772575250837 0.046822742474916385 0.19063545150501673 0.09197324414715718
0 0.4682274247491639 0.5133779264214047 0.5117056856187291 0.44648829431438125
6 0.8561872909698997 0.8879598662207357 0.28762541806020064 0.21739130434782608
6 0.24581939799331104 0.9264214046822743 0.2692307692307692 0.1454849498327759
6 0.4665551839464883 0.22073578595317725 0.35451505016722407 0.2508361204013378
6 0.8545150501672241 0.6521739130434783 0.2591973244147157 0.2959866220735786
6 0.9163879598662207 0.3511705685618729 0.16555183946488294 0.31438127090301005
6 0.10702341137123746 0.5066889632107023 0.2140468227424749 0.3177257525083612
6 0.822742474916388 0.11204013377926421 0.24749163879598662 0.22408026755852842