6 0.9849498327759197 0.3093645484949833 0.030100334448160536 0.2391304347826087
6 0.1688963210702341 0.08361204013377926 0.3210702341137124 0.16722408026755853
6 0.9464882943143813 0.4816053511705686 0.10702341137123746 0.3394648829431438
6 0.7107023411371237 0.7157190635451505 0.26421404682274247 0.2625418060200669
5 0.5434782608695652 0.9832775919732442 0.08361204013377926 0.033444816053511704
6 0.01839464882943144 0.8578595317725752 0.03511705685618729 0.23578595317725753
6 0.8411371237458194 0.6070234113712375 0.26421404682274247 0.25418060200668896
6 0.033444816053511704 0.4280936454849498 0.06521739130434782 0.3210702341137124
0 0.5100334448160535 0.47491638795986624 0.5167224080267558 0.4916387959866221
6 0.14715719063545152 0.9715719063545151 0.29431438127090304 0.056856187290969896
6 0.14715719063545152 0.49331103678929766 0.2591973244147157 0.26755852842809363
6 0.391304347826087 0.9464882943143813 0.25418060200668896 0.10702341137123746
6 0.520066889632107 0.08695652173913043 0.3277591973244147 0.17391304347826086
6 0.1488294314381271 0.2826086956521739 0.2608695652173913 0.2591973244147157
6 0.49498327759197325 0.7926421404682275 0.3060200668896321 0.2692307692307692