0 0.4899665551839465 0.5217391304347826 0.4414715719063545 0.4397993311036789
5 0.25752508361204013 0.6638795986622074 0.07692307692307693 0.05518394648829431
6 0.39297658862876256 0.03678929765886288 0.2842809364548495 0.07357859531772576
6 0.225752508361204 0.7591973244147158 0.33444816053511706 0.22909698996655517
6 0.12709030100334448 0.1588628762541806 0.2508361204013378 0.25418060200668896
6 0.9615384615384616 0.08528428093645485 0.07692307692307693 0.1705685618729097
6 0.06688963210702341 0.11371237458193979 0.13377926421404682 0.22742474916387959
6 0.25418060200668896 0.24749163879598662 0.2491638795986622 0.25585284280936454
5 0.5903010033444817 0.16220735785953178 0.16220735785953178 0.09531772575250837
5 0.8210702341137124 0.5133779264214047 0.10367892976588629 0.08361204013377926
6 0.0903010033444816 0.8862876254180602 0.17892976588628762 0.225752508361204
6 0.7642140468227425 0.2508361204013378 0.4331103678929766 0.33277591973244147
6 0.06856187290969899 0.5953177257525084 0.13712374581939799 0.23244147157190637
6 0.9063545150501672 0.9347826086956522 0.18729096989966554 0.13043478260869565
6 0.6889632107023411 0.8511705685618729 0.34782608695652173 0.2976588628762542
6 0.13043478260869565 0.4180602006688963 0.2608695652173913 0.2525083612040134