0 0.5016722408026756 0.4866220735785953 0.5752508361204013 0.6086956521739131
6 0.9431438127090301 0.9464882943143813 0.10702341137123746 0.10702341137123746
6 0.6204013377926422 0.051839464882943144 0.26421404682274247 0.10367892976588629
6 0.01839464882943144 0.205685618729097 0.03511705685618729 0.3010033444816054
6 0.49498327759197325 0.903010033444816 0.3862876254180602 0.1939799331103679
6 0.520066889632107 0.10702341137123746 0.3311036789297659 0.2140468227424749
6 0.8678929765886287 0.4782608695652174 0.2608695652173913 0.2408026755852843
6 0.8662207357859532 0.6705685618729097 0.26755852842809363 0.2993311036789298
6 0.6755852842809364 0.8361204013377926 0.2792642140468227 0.24414715719063546
6 0.9096989966555183 0.08193979933110368 0.1806020066889632 0.16387959866220736
6 0.2157190635451505 0.08361204013377926 0.3110367892976589 0.16722408026755853
6 0.09866220735785954 0.5167224080267558 0.19732441471571907 0.2909698996655518