0 0.4498327759197324 0.46488294314381273 0.5652173913043478 0.5535117056856187
6 0.9431438127090301 0.8913043478260869 0.11371237458193979 0.2157190635451505
6 0.919732441471572 0.0802675585284281 0.1588628762541806 0.1605351170568562
6 0.3377926421404682 0.06856187290969899 0.28595317725752506 0.13712374581939799
6 0.05351170568561873 0.3528428093645485 0.10702341137123746 0.2709030100334448
6 0.39297658862876256 0.12040133779264214 0.3277591973244147 0.21237458193979933
6 0.6739130434782609 0.23244147157190637 0.2709030100334448 0.29264214046822745
6 0.8929765886287625 0.28929765886287623 0.2140468227424749 0.40635451505016723
6 0.03177257525083612 0.6688963210702341 0.061872909698996656 0.26421404682274247
5 0.19899665551839466 0.6655518394648829 0.09364548494983277 0.08862876254180602
6 0.10535117056856187 0.8996655518394648 0.21070234113712374 0.20066889632107024
6 0.6254180602006689 0.8177257525083612 0.3210702341137124 0.2491638795986622
6 0.44481605351170567 0.9063545150501672 0.29431438127090304 0.18561872909698995
6 0.7892976588628763 0.5618729096989966 0.2591973244147157 0.2591973244147157