0 0.4983277591973244 0.4866220735785953 0.5083612040133779 0.5702341137123745
6 0.5167224080267558 0.17224080267558528 0.2709030100334448 0.17892976588628762
6 0.8193979933110368 0.5301003344481605 0.3210702341137124 0.2909698996655518
6 0.7642140468227425 0.28595317725752506 0.2591973244147157 0.21237458193979933
5 0.2842809364548495 0.802675585284281 0.1505016722408027 0.12374581939799331
6 0.06354515050167224 0.5351170568561873 0.12709030100334448 0.24581939799331104
6 0.05351170568561873 0.1254180602006689 0.10702341137123746 0.2508361204013378
6 0.1254180602006689 0.9381270903010034 0.2508361204013378 0.12374581939799331
6 0.0802675585284281 0.7642140468227425 0.1588628762541806 0.2525083612040134
6 0.5936454849498328 0.11036789297658862 0.22909698996655517 0.22073578595317725
6 0.11204013377926421 0.31605351170568563 0.22408026755852842 0.23076923076923078
6 0.46321070234113715 0.8461538461538461 0.28595317725752506 0.23578595317725753
6 0.7207357859531772 0.8862876254180602 0.27759197324414714 0.22742474916387959