6 0.9163879598662207 0.3528428093645485 0.16387959866220736 0.2591973244147157
6 0.13043478260869565 0.015050167224080268 0.2608695652173913 0.030100334448160536
6 0.5117056856187291 0.8193979933110368 0.24414715719063546 0.205685618729097
6 0.7809364548494984 0.931438127090301 0.21906354515050167 0.1354515050167224
6 0.9448160535117057 0.9615384615384616 0.11036789297658862 0.07692307692307693
6 0.6287625418060201 0.033444816053511704 0.32441471571906355 0.06688963210702341
0 0.4531772575250836 0.5150501672240803 0.4682274247491639 0.5150501672240803
6 0.09197324414715718 0.36454849498327757 0.18227424749163879 0.23578595317725753
6 0.7040133779264214 0.6806020066889632 0.2391304347826087 0.2140468227424749
6 0.17725752508361203 0.1505016722408027 0.3177257525083612 0.2976588628762542
6 0.5066889632107023 0.19230769230769232 0.28595317725752506 0.2508361204013378
6 0.27591973244147155 0.8929765886287625 0.3177257525083612 0.21070234113712374
6 0.6471571906354515 0.8578595317725752 0.33612040133779264 0.1806020066889632