6 0.9297658862876255 0.21070234113712374 0.13712374581939799 0.22240802675585283
6 0.8946488294314381 0.2692307692307692 0.21070234113712374 0.2525083612040134
6 0.9648829431438127 0.5 0.06856187290969899 0.2692307692307692
0 0.4916387959866221 0.47324414715719065 0.4531772575250836 0.46321070234113715
6 0.4782608695652174 0.04013377926421405 0.24581939799331104 0.0802675585284281
6 0.40635451505016723 0.09531772575250837 0.2792642140468227 0.18561872909698995
6 0.8846153846153846 0.07023411371237458 0.22909698996655517 0.14046822742474915
6 0.16220735785953178 0.10702341137123746 0.23244147157190637 0.21237458193979933
6 0.05852842809364549 0.28595317725752506 0.11705685618729098 0.2391304347826087
6 0.5769230769230769 0.7993311036789298 0.2826086956521739 0.27424749163879597
6 0.08361204013377926 0.7658862876254181 0.16555183946488294 0.28762541806020064
6 0.8076923076923077 0.5050167224080268 0.24749163879598662 0.2792642140468227
6 0.3729096989966555 0.7525083612040134 0.22742474916387959 0.23244147157190637
6 0.3110367892976589 0.931438127090301 0.24749163879598662 0.13712374581939799
6 0.11872909698996656 0.5100334448160535 0.23745819397993312 0.2391304347826087