6 0.3979933110367893 0.043478260869565216 0.28929765886287623 0.08528428093645485
0 0.48327759197324416 0.5301003344481605 0.5217391304347826 0.5769230769230769
6 0.01839464882943144 0.5652173913043478 0.03511705685618729 0.2591973244147157
6 0.939799331103679 0.9230769230769231 0.11872909698996656 0.1505016722408027
5 0.7675585284280937 0.5618729096989966 0.08361204013377926 0.07357859531772576
6 0.205685618729097 0.20066889632107024 0.20735785953177258 0.19230769230769232
5 0.8160535117056856 0.8444816053511706 0.13043478260869565 0.10535117056856187
6 0.12207357859531773 0.7976588628762542 0.24414715719063546 0.391304347826087
6 0.431438127090301 0.1605351170568562 0.3294314381270903 0.25418060200668896
6 0.8729096989966555 0.5919732441471572 0.2508361204013378 0.2993311036789298
6 0.12876254180602006 0.061872909698996656 0.25585284280936454 0.12374581939799331
6 0.05518394648829431 0.31438127090301005 0.10869565217391304 0.28929765886287623
6 0.5117056856187291 0.8846153846153846 0.35451505016722407 0.22909698996655517
6 0.9096989966555183 0.14381270903010032 0.1806020066889632 0.28762541806020064