6 0.38127090301003347 0.08193979933110368 0.2725752508361204 0.1605351170568562
0 0.459866220735786 0.49498327759197325 0.5117056856187291 0.43812709030100333
6 0.49331103678929766 0.016722408026755852 0.26421404682274247 0.033444816053511704
6 0.6822742474916388 0.7157190635451505 0.2976588628762542 0.2792642140468227
6 0.8043478260869565 0.5334448160535117 0.26755852842809363 0.24749163879598662
6 0.1020066889632107 0.8344481605351171 0.20234113712374582 0.3093645484949833
6 0.10033444816053512 0.6103678929765887 0.20066889632107024 0.2709030100334448
6 0.10702341137123746 0.28595317725752506 0.2140468227424749 0.26421404682274247
6 0.931438127090301 0.8193979933110368 0.1354515050167224 0.3093645484949833
6 0.8093645484949833 0.2976588628762542 0.3210702341137124 0.2591973244147157
6 0.08361204013377926 0.08528428093645485 0.16722408026755853 0.1705685618729097
6 0.8913043478260869 0.09197324414715718 0.21739130434782608 0.18394648829431437
6 0.3862876254180602 0.23244147157190637 0.30434782608695654 0.21070234113712374