6 0.03177257525083612 0.6321070234113713 0.06354515050167224 0.2391304347826087
6 0.14381270903010032 0.5919732441471572 0.27591973244147155 0.2608695652173913
0 0.5150501672240803 0.45819397993311034 0.520066889632107 0.47491638795986624
6 0.9665551839464883 0.2976588628762542 0.06688963210702341 0.22240802675585283
6 0.2408026755852843 0.01839464882943144 0.2959866220735786 0.03511705685618729
6 0.18729096989966554 0.38461538461538464 0.2993311036789298 0.26755852842809363
6 0.5434782608695652 0.051839464882943144 0.3110367892976589 0.10367892976588629
6 0.6755852842809364 0.9565217391304348 0.3193979933110368 0.08528428093645485
6 0.033444816053511704 0.1688963210702341 0.06521739130434782 0.32274247491638797
6 0.7023411371237458 0.22408026755852842 0.3193979933110368 0.23745819397993312
6 0.4013377926421405 0.16387959866220736 0.3277591973244147 0.25585284280936454