6 0.12040133779264214 0.5986622073578596 0.2408026755852843 0.33277591973244147
0 0.47157190635451507 0.5100334448160535 0.46321070234113715 0.4899665551839465
6 0.10702341137123746 0.3695652173913043 0.2140468227424749 0.27759197324414714
0 0.7357859531772575 0.11371237458193979 0.36622073578595316 0.225752508361204
6 0.7324414715719063 0.11204013377926421 0.36789297658862874 0.22408026755852842
6 0.2842809364548495 0.06020066889632107 0.3010033444816054 0.12040133779264214
6 0.6521739130434783 0.9682274247491639 0.29431438127090304 0.061872909698996656
6 0.6655518394648829 0.7859531772575251 0.31605351170568563 0.2959866220735786
6 0.9230769230769231 0.7157190635451505 0.15384615384615385 0.27424749163879597
6 0.4096989966555184 0.8612040133779264 0.22408026755852842 0.25585284280936454
6 0.2692307692307692 0.9632107023411371 0.2976588628762542 0.07357859531772576