6 0.033444816053511704 0.27424749163879597 0.06521739130434782 0.3311036789297659
6 0.11036789297658862 0.8879598662207357 0.21739130434782608 0.22408026755852842
6 0.05351170568561873 0.1688963210702341 0.10702341137123746 0.3294314381270903
6 0.5668896321070234 0.9665551839464883 0.31605351170568563 0.06688963210702341
6 0.1939799331103679 0.7290969899665551 0.3612040133779264 0.35451505016722407
6 0.7642140468227425 0.7107023411371237 0.3177257525083612 0.3177257525083612
6 0.9180602006688964 0.31605351170568563 0.16220735785953178 0.26421404682274247
6 0.5819397993311036 0.04013377926421405 0.28762541806020064 0.0802675585284281
6 0.81438127090301 0.9013377926421404 0.32274247491638797 0.19732441471571907
0 0.5267558528428093 0.4765886287625418 0.5150501672240803 0.46153846153846156
6 0.14715719063545152 0.4230769230769231 0.29431438127090304 0.2976588628762542