0 0.4765886287625418 0.5234113712374582 0.6254180602006689 0.6153846153846154
6 0.8545150501672241 0.35785953177257523 0.2909698996655518 0.45652173913043476
6 0.016722408026755852 0.8612040133779264 0.033444816053511704 0.18394648829431437
6 0.9347826086956522 0.959866220735786 0.13043478260869565 0.0802675585284281
6 0.31270903010033446 0.15384615384615385 0.30434782608695654 0.30267558528428096
6 0.5484949832775919 0.08528428093645485 0.3193979933110368 0.1705685618729097
6 0.9080267558528428 0.705685618729097 0.18394648829431437 0.2993311036789298
6 0.10535117056856187 0.9665551839464883 0.20735785953177258 0.06688963210702341
6 0.09698996655518395 0.20234113712374582 0.1939799331103679 0.2826086956521739
6 0.3010033444816054 0.8578595317725752 0.36622073578595316 0.2391304347826087
6 0.6086956521739131 0.9130434782608695 0.3210702341137124 0.17391304347826086