6 0.9481605351170569 0.717391304347826 0.10367892976588629 0.28762541806020064
6 0.04013377926421405 0.8595317725752508 0.0802675585284281 0.1939799331103679
6 0.015050167224080268 0.23745819397993312 0.030100334448160536 0.31605351170568563
6 0.14046822742474915 0.717391304347826 0.2792642140468227 0.3076923076923077
6 0.6739130434782609 0.17224080267558528 0.2591973244147157 0.2157190635451505
6 0.9147157190635451 0.7842809364548495 0.16555183946488294 0.2909698996655518
6 0.14214046822742474 0.5719063545150501 0.2826086956521739 0.3277591973244147
6 0.40635451505016723 0.9448160535117057 0.28595317725752506 0.10869565217391304
6 0.903010033444816 0.43812709030100333 0.1939799331103679 0.2608695652173913
6 0.5418060200668896 0.8612040133779264 0.36789297658862874 0.2725752508361204
6 0.7207357859531772 0.919732441471572 0.2591973244147157 0.1588628762541806
5 0.11371237458193979 0.35785953177257523 0.10702341137123746 0.11538461538461539
5 0.822742474916388 0.26421404682274247 0.08361204013377926 0.06856187290969899
0 0.49331103678929766 0.5066889632107023 0.5167224080267558 0.5234113712374582
3 0.8812709030100334 0.14046822742474915 0.23578595317725753 0.2792642140468227
6 0.5167224080267558 0.12876254180602006 0.28929765886287623 0.25585284280936454
6 0.7842809364548495 0.4214046822742475 0.21739130434782608 0.2525083612040134