6 0.9481605351170569 0.862876254180602 0.10033444816053512 0.25752508361204013
0 0.9682274247491639 0.33277591973244147 0.06354515050167224 0.411371237458194
0 0.5016722408026756 0.5117056856187291 0.5551839464882943 0.4765886287625418
6 0.5334448160535117 0.9615384615384616 0.24414715719063546 0.07692307692307693
6 0.06354515050167224 0.5551839464882943 0.12709030100334448 0.3010033444816054
6 0.12374581939799331 0.6906354515050167 0.24749163879598662 0.3595317725752508
6 0.8795986622073578 0.8846153846153846 0.2408026755852843 0.225752508361204
6 0.05351170568561873 0.9464882943143813 0.10702341137123746 0.10702341137123746
6 0.1688963210702341 0.24749163879598662 0.30267558528428096 0.44816053511705684
6 0.7792642140468228 0.6906354515050167 0.2709030100334448 0.2792642140468227
6 0.28929765886287623 0.9264214046822743 0.3110367892976589 0.14715719063545152
6 0.8561872909698997 0.49331103678929766 0.2792642140468227 0.30434782608695654
6 0.6321070234113713 0.8996655518394648 0.25418060200668896 0.20066889632107024
6 0.3963210702341137 0.12374581939799331 0.2909698996655518 0.24749163879598662