0 0.5 0.5284280936454849 0.49331103678929766 0.48494983277591974
6 0.9782608695652174 0.6270903010033445 0.043478260869565216 0.26755852842809363
6 0.016722408026755852 0.5869565217391305 0.033444816053511704 0.30434782608695654
6 0.22909698996655517 0.030100334448160536 0.28929765886287623 0.06020066889632107
6 0.29264214046822745 0.939799331103679 0.3060200668896321 0.12040133779264214
6 0.7859531772575251 0.6705685618729097 0.19732441471571907 0.3193979933110368
6 0.4080267558528428 0.20066889632107024 0.26755852842809363 0.2725752508361204
6 0.14214046822742474 0.2157190635451505 0.26588628762541805 0.3177257525083612
6 0.12709030100334448 0.8896321070234113 0.25418060200668896 0.22073578595317725
6 0.7959866220735786 0.15719063545150502 0.3745819397993311 0.30434782608695654
6 0.1020066889632107 0.13210702341137123 0.20234113712374582 0.26421404682274247
6 0.9816053511705686 0.3595317725752508 0.03511705685618729 0.19899665551839466