3 0.30434782608695654 0.21739130434782608 0.5016722408026756 0.43478260869565216
6 0.5317725752508361 0.03511705685618729 0.22408026755852842 0.07023411371237458
6 0.20234113712374582 0.6839464882943144 0.22073578595317725 0.2959866220735786
0 0.48327759197324416 0.5100334448160535 0.5 0.4782608695652174
6 0.959866220735786 0.6555183946488294 0.0802675585284281 0.24414715719063546
6 0.05518394648829431 0.7709030100334449 0.10869565217391304 0.3010033444816054
0 0.8060200668896321 0.9080267558528428 0.3879598662207358 0.18227424749163879
6 0.7709030100334449 0.1020066889632107 0.3294314381270903 0.2040133779264214
6 0.7474916387959866 0.31270903010033446 0.2608695652173913 0.2608695652173913
6 0.7090301003344481 0.7391304347826086 0.3060200668896321 0.28929765886287623
6 0.3110367892976589 0.7658862876254181 0.2976588628762542 0.3010033444816054