6 0.12040133779264214 0.05852842809364549 0.2140468227424749 0.11705685618729098
0 0.5183946488294314 0.5117056856187291 0.5351170568561873 0.5752508361204013
6 0.939799331103679 0.7023411371237458 0.12040133779264214 0.2709030100334448
6 0.9247491638795987 0.47324414715719065 0.1505016722408027 0.25752508361204013
6 0.2826086956521739 0.20903010033444816 0.3093645484949833 0.3294314381270903
6 0.03511705685618729 0.8913043478260869 0.07023411371237458 0.21739130434782608
6 0.9230769230769231 0.2608695652173913 0.15384615384615385 0.25418060200668896
6 0.903010033444816 0.07859531772575251 0.19230769230769232 0.15719063545150502
5 0.04180602006688963 0.7240802675585284 0.0802675585284281 0.08528428093645485
6 0.5836120401337793 0.8762541806020067 0.411371237458194 0.24749163879598662
6 0.4331103678929766 0.11371237458193979 0.29431438127090304 0.22742474916387959
6 0.1454849498327759 0.5183946488294314 0.2909698996655518 0.3210702341137124
6 0.7240802675585284 0.23578595317725753 0.28595317725752506 0.2959866220735786