5 0.7224080267558528 0.01839464882943144 0.21906354515050167 0.03678929765886288
0 0.5267558528428093 0.4882943143812709 0.5434782608695652 0.5234113712374582
6 0.9632107023411371 0.9230769230769231 0.07357859531772576 0.15384615384615385
5 0.020066889632107024 0.12876254180602006 0.04013377926421405 0.11036789297658862
6 0.07190635451505016 0.4431438127090301 0.14214046822742474 0.33612040133779264
6 0.2842809364548495 0.09531772575250837 0.3411371237458194 0.19063545150501673
6 0.8762541806020067 0.09866220735785954 0.24749163879598662 0.19732441471571907
6 0.26588628762541805 0.3010033444816054 0.3177257525083612 0.25418060200668896
6 0.8595317725752508 0.9096989966555183 0.2591973244147157 0.1806020066889632
6 0.08695652173913043 0.8277591973244147 0.17391304347826086 0.2508361204013378
6 0.2591973244147157 0.7023411371237458 0.2826086956521739 0.27424749163879597
6 0.7993311036789298 0.6906354515050167 0.2508361204013378 0.29431438127090304
6 0.5117056856187291 0.919732441471572 0.27424749163879597 0.1588628762541806