6 0.8210702341137124 0.8745819397993311 0.23745819397993312 0.2491638795986622
6 0.021739130434782608 0.28595317725752506 0.043478260869565216 0.36789297658862874
6 0.5936454849498328 0.9849498327759197 0.21739130434782608 0.030100334448160536
6 0.28929765886287623 0.03678929765886288 0.25752508361204013 0.07357859531772576
6 0.9498327759197325 0.9581939799331104 0.10033444816053512 0.08361204013377926
6 0.8963210702341137 0.6655518394648829 0.20735785953177258 0.34615384615384615
6 0.9565217391304348 0.3076923076923077 0.08528428093645485 0.4080267558528428
6 0.7341137123745819 0.6153846153846154 0.24749163879598662 0.27424749163879597
6 0.7474916387959866 0.04180602006688963 0.4297658862876254 0.08361204013377926
6 0.19732441471571907 0.1939799331103679 0.30434782608695654 0.28929765886287623
0 0.5033444816053512 0.4816053511705686 0.5033444816053512 0.5150501672240803
6 0.08193979933110368 0.07023411371237458 0.16387959866220736 0.13879598662207357
6 0.12040133779264214 0.6337792642140468 0.2408026755852843 0.3110367892976589
6 0.7926421404682275 0.26421404682274247 0.2792642140468227 0.2040133779264214
6 0.08862876254180602 0.9096989966555183 0.17725752508361203 0.1806020066889632
6 0.41638795986622074 0.9013377926421404 0.27759197324414714 0.19732441471571907