6 0.04013377926421405 0.9648829431438127 0.0802675585284281 0.06856187290969899
6 0.5836120401337793 0.8729096989966555 0.32441471571906355 0.2525083612040134
6 0.056856187290969896 0.8177257525083612 0.11371237458193979 0.29264214046822745
6 0.5535117056856187 0.13377926421404682 0.3377926421404682 0.26755852842809363
6 0.7224080267558528 0.07190635451505016 0.28762541806020064 0.14381270903010032
6 0.5836120401337793 0.8729096989966555 0.3210702341137124 0.25418060200668896
6 0.9632107023411371 0.07859531772575251 0.07190635451505016 0.15719063545150502
0 0.48494983277591974 0.4983277591973244 0.5451505016722408 0.5785953177257525
6 0.04013377926421405 0.5150501672240803 0.0802675585284281 0.35451505016722407
6 0.14214046822742474 0.7759197324414716 0.2826086956521739 0.30434782608695654
6 0.9180602006688964 0.47324414715719065 0.16220735785953178 0.3210702341137124
6 0.7658862876254181 0.637123745819398 0.30434782608695654 0.2826086956521739
6 0.8578595317725752 0.8511705685618729 0.2508361204013378 0.2976588628762542