3 0.5033444816053512 0.4983277591973244 0.5468227424749164 0.560200668896321
0 0.5050167224080268 0.5 0.5468227424749164 0.560200668896321
6 0.2625418060200669 0.18729096989966554 0.3528428093645485 0.35618729096989965
6 0.06688963210702341 0.9765886287625418 0.13210702341137123 0.0451505016722408
6 0.30434782608695654 0.033444816053511704 0.32608695652173914 0.06688963210702341
6 0.5635451505016722 0.8244147157190636 0.411371237458194 0.29264214046822745
6 0.7207357859531772 0.05351170568561873 0.3210702341137124 0.10702341137123746
6 0.8862876254180602 0.4214046822742475 0.22742474916387959 0.2408026755852843
6 0.19230769230769232 0.7859531772575251 0.38461538461538464 0.30434782608695654
6 0.9214046822742475 0.08528428093645485 0.15551839464882944 0.1705685618729097
6 0.7324414715719063 0.20903010033444816 0.3528428093645485 0.2391304347826087