6 0.12709030100334448 0.8394648829431438 0.24414715719063546 0.2725752508361204
6 0.754180602006689 0.01839464882943144 0.2408026755852843 0.03678929765886288
6 0.9615384615384616 0.16220735785953178 0.07525083612040134 0.28595317725752506
6 0.4397993311036789 0.9782608695652174 0.3494983277591973 0.043478260869565216
6 0.23578595317725753 0.8779264214046822 0.3060200668896321 0.24247491638795987
6 0.4899665551839465 0.046822742474916385 0.27424749163879597 0.09197324414715718
6 0.8963210702341137 0.4180602006688963 0.20234113712374582 0.3311036789297659
0 0.45484949832775917 0.5016722408026756 0.4682274247491639 0.5083612040133779
6 0.8695652173913043 0.20903010033444816 0.2608695652173913 0.2725752508361204
6 0.9414715719063546 0.8745819397993311 0.11036789297658862 0.2508361204013378
6 0.6839464882943144 0.3110367892976589 0.2591973244147157 0.205685618729097
6 0.7441471571906354 0.6086956521739131 0.29264214046822745 0.34782608695652173
6 0.043478260869565216 0.9448160535117057 0.08528428093645485 0.10869565217391304
6 0.1254180602006689 0.03511705685618729 0.2508361204013378 0.07023411371237458
6 0.568561872909699 0.12207357859531773 0.28762541806020064 0.24414715719063546
6 0.1688963210702341 0.17725752508361203 0.33444816053511706 0.27424749163879597