6 0.7608695652173914 0.9749163879598662 0.2709030100334448 0.05016722408026756
6 0.1688963210702341 0.8311036789297659 0.3377926421404682 0.3377926421404682
0 0.4983277591973244 0.5117056856187291 0.5234113712374582 0.5033444816053512
6 0.18561872909698995 0.2525083612040134 0.29431438127090304 0.2591973244147157
6 0.3745819397993311 0.9682274247491639 0.2692307692307692 0.061872909698996656
6 0.9715719063545151 0.931438127090301 0.056856187290969896 0.13712374581939799
6 0.9214046822742475 0.3879598662207358 0.15551839464882944 0.2508361204013378
6 0.16555183946488294 0.391304347826087 0.3294314381270903 0.34448160535117056
6 0.6588628762541806 0.20066889632107024 0.3060200668896321 0.2792642140468227
6 0.7976588628762542 0.07525083612040134 0.3377926421404682 0.1505016722408027
6 0.17892976588628762 0.06688963210702341 0.35618729096989965 0.13377926421404682