6 0.011705685618729096 0.6187290969899666 0.021739130434782608 0.2709030100334448
6 0.9163879598662207 0.1705685618729097 0.16722408026755853 0.31605351170568563
2 0.9147157190635451 0.16555183946488294 0.1705685618729097 0.3311036789297659
6 0.38461538461538464 0.7759197324414716 0.35618729096989965 0.28595317725752506
6 0.31270903010033446 0.9448160535117057 0.26755852842809363 0.11036789297658862
0 0.9163879598662207 0.16722408026755853 0.16555183946488294 0.3311036789297659
6 0.9849498327759197 0.8779264214046822 0.030100334448160536 0.23578595317725753
0 0.4698996655518395 0.5 0.5100334448160535 0.48327759197324416
6 0.6722408026755853 0.7274247491638796 0.2391304347826087 0.27424749163879597
6 0.6906354515050167 0.09866220735785954 0.29431438127090304 0.1956521739130435
5 0.8979933110367893 0.8896321070234113 0.08361204013377926 0.1020066889632107
6 0.06856187290969899 0.9163879598662207 0.1354515050167224 0.16722408026755853
6 0.8060200668896321 0.6588628762541806 0.2591973244147157 0.2709030100334448
6 0.11371237458193979 0.7759197324414716 0.22408026755852842 0.22240802675585283
6 0.08361204013377926 0.2792642140468227 0.16555183946488294 0.26421404682274247
6 0.11538461538461539 0.08361204013377926 0.23076923076923078 0.16722408026755853
6 0.12876254180602006 0.5267558528428093 0.25585284280936454 0.29264214046822745
6 0.8963210702341137 0.41304347826086957 0.20234113712374582 0.2157190635451505