6 0.9063545150501672 0.015050167224080268 0.18561872909698995 0.030100334448160536
0 0.4816053511705686 0.4782608695652174 0.5117056856187291 0.4983277591973244
3 0.8762541806020067 0.27424749163879597 0.24749163879598662 0.4882943143812709
6 0.9113712374581939 0.9715719063545151 0.17725752508361203 0.05351170568561873
6 0.09698996655518395 0.9782608695652174 0.1939799331103679 0.043478260869565216
6 0.0903010033444816 0.725752508361204 0.17892976588628762 0.43645484949832775
6 0.06521739130434782 0.11538461538461539 0.13043478260869565 0.23076923076923078
6 0.882943143812709 0.7658862876254181 0.23244147157190637 0.3193979933110368
6 0.802675585284281 0.5451505016722408 0.2709030100334448 0.2709030100334448
6 0.2608695652173913 0.08695652173913043 0.2993311036789298 0.17391304347826086
6 0.3010033444816054 0.7709030100334449 0.28595317725752506 0.27759197324414714