0 0.5016722408026756 0.5150501672240803 0.5518394648829431 0.5301003344481605
6 0.939799331103679 0.9414715719063546 0.11538461538461539 0.11538461538461539
6 0.6672240802675585 0.9498327759197325 0.24247491638795987 0.09866220735785954
6 0.7324414715719063 0.8929765886287625 0.28929765886287623 0.21237458193979933
6 0.7190635451505016 0.6672240802675585 0.2976588628762542 0.27424749163879597
6 0.1705685618729097 0.3528428093645485 0.2976588628762542 0.26421404682274247
6 0.4782608695652174 0.9247491638795987 0.29431438127090304 0.1505016722408027
6 0.09197324414715718 0.7040133779264214 0.18394648829431437 0.26755852842809363
6 0.16387959866220736 0.11036789297658862 0.30267558528428096 0.22073578595317725
6 0.4096989966555184 0.18561872909698995 0.3010033444816054 0.22909698996655517
6 0.8879598662207357 0.5100334448160535 0.22408026755852842 0.3110367892976589