0 0.4882943143812709 0.5217391304347826 0.5083612040133779 0.5351170568561873
6 0.046822742474916385 0.5150501672240803 0.09364548494983277 0.28762541806020064
6 0.020066889632107024 0.9063545150501672 0.04013377926421405 0.18227424749163879
6 0.9548494983277592 0.056856187290969896 0.0903010033444816 0.11204013377926421
6 0.9816053511705686 0.8695652173913043 0.03511705685618729 0.2608695652173913
6 0.1488294314381271 0.705685618729097 0.2976588628762542 0.34448160535117056
6 0.5769230769230769 0.8294314381270903 0.28595317725752506 0.2725752508361204
6 0.45652173913043476 0.18394648829431437 0.25752508361204013 0.24749163879598662
6 0.7073578595317725 0.2725752508361204 0.29431438127090304 0.2608695652173913
6 0.862876254180602 0.18729096989966554 0.27424749163879597 0.25418060200668896
6 0.22742474916387959 0.14715719063545152 0.29431438127090304 0.29431438127090304