6 0.8210702341137124 0.10535117056856187 0.35618729096989965 0.21070234113712374
0 0.5066889632107023 0.4866220735785953 0.5903010033444817 0.5702341137123745
6 0.9682274247491639 0.4397993311036789 0.06354515050167224 0.2826086956521739
6 0.8461538461538461 0.9531772575250836 0.27759197324414714 0.09364548494983277
6 0.5551839464882943 0.931438127090301 0.28929765886287623 0.1354515050167224
6 0.8695652173913043 0.5618729096989966 0.2591973244147157 0.27424749163879597
6 0.3311036789297659 0.8862876254180602 0.2391304347826087 0.22742474916387959
6 0.09197324414715718 0.8846153846153846 0.18394648829431437 0.22909698996655517
6 0.2976588628762542 0.12374581939799331 0.2976588628762542 0.22909698996655517
6 0.10033444816053512 0.45652173913043476 0.20066889632107024 0.30267558528428096
6 0.8394648829431438 0.794314381270903 0.3210702341137124 0.25418060200668896