6 0.8879598662207357 0.5334448160535117 0.22408026755852842 0.16387959866220736
6 0.016722408026755852 0.431438127090301 0.033444816053511704 0.2709030100334448
6 0.8311036789297659 0.8361204013377926 0.3060200668896321 0.30267558528428096
5 0.6137123745819398 0.023411371237458192 0.0903010033444816 0.046822742474916385
6 0.9765886287625418 0.1020066889632107 0.046822742474916385 0.1939799331103679
6 0.9615384615384616 0.3879598662207358 0.07692307692307693 0.2692307692307692
0 0.5234113712374582 0.4816053511705686 0.5317725752508361 0.5083612040133779
6 0.6872909698996655 0.03678929765886288 0.2809364548494983 0.07357859531772576
6 0.8060200668896321 0.2625418060200669 0.3210702341137124 0.4096989966555184
6 0.8779264214046822 0.7274247491638796 0.24414715719063546 0.2692307692307692
6 0.5852842809364549 0.7575250836120402 0.3193979933110368 0.25418060200668896
6 0.5919732441471572 0.9448160535117057 0.2976588628762542 0.11036789297658862
6 0.16220735785953178 0.6204013377926422 0.2976588628762542 0.2842809364548495
6 0.10869565217391304 0.1688963210702341 0.2157190635451505 0.2408026755852843