6 0.03678929765886288 0.6471571906354515 0.07357859531772576 0.23076923076923078
0 0.5033444816053512 0.5351170568561873 0.5317725752508361 0.4916387959866221
6 0.26588628762541805 0.05351170568561873 0.3177257525083612 0.10702341137123746
6 0.2525083612040134 0.16722408026755853 0.30267558528428096 0.2993311036789298
6 0.1454849498327759 0.5016722408026756 0.2525083612040134 0.2725752508361204
6 0.06856187290969899 0.225752508361204 0.1354515050167224 0.2909698996655518
6 0.10869565217391304 0.7859531772575251 0.21739130434782608 0.2525083612040134
6 0.8862876254180602 0.8896321070234113 0.22742474916387959 0.2140468227424749
6 0.8060200668896321 0.09698996655518395 0.3862876254180602 0.1939799331103679
6 0.32274247491638797 0.8528428093645485 0.2491638795986622 0.22909698996655517
6 0.8645484949832776 0.34448160535117056 0.2709030100334448 0.3411371237458194