0 0.5 0.5150501672240803 0.48327759197324416 0.5434782608695652
5 0.8929765886287625 0.061872909698996656 0.056856187290969896 0.07525083612040134
6 0.02508361204013378 0.5083612040133779 0.05016722408026756 0.3010033444816054
6 0.5535117056856187 0.1705685618729097 0.27424749163879597 0.21739130434782608
6 0.7023411371237458 0.10702341137123746 0.27424749163879597 0.2140468227424749
6 0.11036789297658862 0.7775919732441472 0.22073578595317725 0.27424749163879597
6 0.9046822742474916 0.6688963210702341 0.19063545150501673 0.24414715719063546
6 0.14214046822742474 0.13043478260869565 0.2842809364548495 0.2608695652173913
6 0.38461538461538464 0.8394648829431438 0.2976588628762542 0.26588628762541805
6 0.9163879598662207 0.8879598662207357 0.16387959866220736 0.22408026755852842
6 0.7073578595317725 0.9180602006688964 0.3093645484949833 0.16387959866220736