0 0.49665551839464883 0.5133779264214047 0.4782608695652174 0.5167224080267558
6 0.015050167224080268 0.47157190635451507 0.030100334448160536 0.22240802675585283
6 0.27759197324414714 0.07525083612040134 0.2826086956521739 0.14715719063545152
6 0.6254180602006689 0.7759197324414716 0.30434782608695654 0.3712374581939799
6 0.9230769230769231 0.22073578595317725 0.15384615384615385 0.25752508361204013
6 0.5083612040133779 0.056856187290969896 0.205685618729097 0.11371237458193979
6 0.9715719063545151 0.4397993311036789 0.056856187290969896 0.23076923076923078
6 0.14046822742474915 0.22909698996655517 0.2491638795986622 0.2591973244147157
6 0.15551839464882944 0.3963210702341137 0.2692307692307692 0.27424749163879597
6 0.8946488294314381 0.06020066889632107 0.20903010033444816 0.12040133779264214
6 0.5886287625418061 0.17558528428093645 0.2792642140468227 0.24581939799331104
6 0.11036789297658862 0.9381270903010034 0.22073578595317725 0.11705685618729098
6 0.12876254180602006 0.6655518394648829 0.25585284280936454 0.27591973244147155
6 0.8879598662207357 0.9063545150501672 0.22408026755852842 0.18729096989966554
6 0.8344481605351171 0.6187290969899666 0.23411371237458195 0.27759197324414714
6 0.7876254180602007 0.45484949832775917 0.24414715719063546 0.2709030100334448
6 0.7324414715719063 0.3177257525083612 0.26421404682274247 0.24247491638795987