0 0.47157190635451507 0.5468227424749164 0.5133779264214047 0.43645484949832775
6 0.12207357859531773 0.04013377926421405 0.24247491638795987 0.0802675585284281
6 0.9648829431438127 0.8812709030100334 0.06856187290969899 0.225752508361204
6 0.05518394648829431 0.3394648829431438 0.11036789297658862 0.33277591973244147
5 0.5468227424749164 0.862876254180602 0.051839464882943144 0.046822742474916385
6 0.12040133779264214 0.08695652173913043 0.2408026755852843 0.17391304347826086
6 0.8444816053511706 0.6688963210702341 0.3110367892976589 0.33612040133779264
6 0.2140468227424749 0.32608695652173914 0.2525083612040134 0.23578595317725753
6 0.09698996655518395 0.9046822742474916 0.1939799331103679 0.18394648829431437
6 0.1354515050167224 0.6705685618729097 0.2709030100334448 0.3193979933110368
6 0.8846153846153846 0.9096989966555183 0.22408026755852842 0.1806020066889632
6 0.6638795986622074 0.19230769230769232 0.17224080267558528 0.20735785953177258
6 0.35451505016722407 0.19230769230769232 0.2625418060200669 0.26421404682274247
6 0.8745819397993311 0.09531772575250837 0.2491638795986622 0.18896321070234115