0 0.5518394648829431 0.5050167224080268 0.5150501672240803 0.49498327759197325
6 0.016722408026755852 0.7608695652173914 0.033444816053511704 0.2976588628762542
6 0.9732441471571907 0.794314381270903 0.05351170568561873 0.2842809364548495
6 0.17224080267558528 0.7525083612040134 0.2976588628762542 0.29431438127090304
6 0.29431438127090304 0.2909698996655518 0.2591973244147157 0.26421404682274247
6 0.07692307692307693 0.09197324414715718 0.15384615384615385 0.18227424749163879
6 0.36454849498327757 0.15217391304347827 0.27424749163879597 0.23578595317725753
6 0.7391304347826086 0.9096989966555183 0.3394648829431438 0.17892976588628762
6 0.23745819397993312 0.6070234113712375 0.2508361204013378 0.2391304347826087
6 0.6438127090301003 0.1505016722408027 0.2976588628762542 0.2625418060200669
6 0.8160535117056856 0.6989966555183946 0.28595317725752506 0.27759197324414714
6 0.09197324414715718 0.26421404682274247 0.18394648829431437 0.2842809364548495
6 0.3745819397993311 0.8578595317725752 0.3076923076923077 0.2842809364548495