0 0.5384615384615384 0.4882943143812709 0.5468227424749164 0.5133779264214047
6 0.8929765886287625 0.9816053511705686 0.20903010033444816 0.03678929765886288
6 0.9498327759197325 0.11705685618729098 0.10033444816053512 0.23411371237458195
6 0.09364548494983277 0.11872909698996656 0.18729096989966554 0.23745819397993312
6 0.3795986622073579 0.8795986622073578 0.391304347826087 0.2408026755852843
6 0.1454849498327759 0.3729096989966555 0.2909698996655518 0.3311036789297659
6 0.8561872909698997 0.5986622073578596 0.28762541806020064 0.35451505016722407
6 0.028428093645484948 0.8545150501672241 0.056856187290969896 0.2842809364548495
6 0.7491638795986622 0.03511705685618729 0.3076923076923077 0.07023411371237458
6 0.8929765886287625 0.2157190635451505 0.21237458193979933 0.2976588628762542
6 0.3612040133779264 0.08695652173913043 0.2809364548494983 0.17391304347826086