4 0.4665551839464883 0.5133779264214047 0.4414715719063545 0.48494983277591974
6 0.979933110367893 0.06521739130434782 0.04013377926421405 0.12876254180602006
6 0.6438127090301003 0.046822742474916385 0.24749163879598662 0.09197324414715718
6 0.5785953177257525 0.959866220735786 0.2591973244147157 0.0802675585284281
6 0.0903010033444816 0.959866220735786 0.17892976588628762 0.0802675585284281
6 0.1254180602006689 0.29264214046822745 0.2491638795986622 0.20735785953177258
6 0.38461538461538464 0.10702341137123746 0.2508361204013378 0.21237458193979933
6 0.41304347826086957 0.9096989966555183 0.3210702341137124 0.17892976588628762
6 0.9414715719063546 0.1588628762541806 0.11705685618729098 0.205685618729097
6 0.5033444816053512 0.1688963210702341 0.24247491638795987 0.22742474916387959
6 0.8327759197324415 0.06354515050167224 0.25418060200668896 0.12709030100334448
6 0.11872909698996656 0.056856187290969896 0.23745819397993312 0.11371237458193979
6 0.1939799331103679 0.2140468227424749 0.225752508361204 0.1939799331103679
6 0.5468227424749164 0.8160535117056856 0.2491638795986622 0.21070234113712374
6 0.7759197324414716 0.8712374581939799 0.2525083612040134 0.22742474916387959
6 0.20234113712374582 0.7140468227424749 0.2157190635451505 0.23745819397993312
6 0.7876254180602007 0.5451505016722408 0.225752508361204 0.2508361204013378
6 0.9163879598662207 0.6605351170568562 0.16722408026755853 0.24749163879598662
6 0.10702341137123746 0.4983277591973244 0.2140468227424749 0.22742474916387959
6 0.8896321070234113 0.34448160535117056 0.22073578595317725 0.2608695652173913
6 0.7207357859531772 0.23745819397993312 0.22240802675585283 0.225752508361204