6 0.8193979933110368 0.9481605351170569 0.34448160535117056 0.10367892976588629
6 0.8812709030100334 0.015050167224080268 0.23578595317725753 0.030100334448160536
6 0.16387959866220736 0.939799331103679 0.225752508361204 0.12040133779264214
6 0.6404682274247492 0.7240802675585284 0.27424749163879597 0.32441471571906355
6 0.959866220735786 0.8511705685618729 0.0802675585284281 0.2525083612040134
6 0.13210702341137123 0.11371237458193979 0.25585284280936454 0.225752508361204
6 0.44481605351170567 0.06521739130434782 0.2976588628762542 0.13043478260869565
6 0.9096989966555183 0.8695652173913043 0.17892976588628762 0.2608695652173913
6 0.5150501672240803 0.9698996655518395 0.28929765886287623 0.06020066889632107
6 0.09866220735785954 0.3311036789297659 0.19732441471571907 0.2625418060200669
6 0.6939799331103679 0.8444816053511706 0.3695652173913043 0.3076923076923077
6 0.9230769230769231 0.06856187290969899 0.15384615384615385 0.1354515050167224
6 0.8260869565217391 0.24247491638795987 0.28929765886287623 0.3193979933110368
6 0.07357859531772576 0.8913043478260869 0.14715719063545152 0.21739130434782608
6 0.27591973244147155 0.13043478260869565 0.32274247491638797 0.2591973244147157
6 0.362876254180602 0.822742474916388 0.3177257525083612 0.3010033444816054
6 0.705685618729097 0.10535117056856187 0.3294314381270903 0.21070234113712374
6 0.11371237458193979 0.5150501672240803 0.22742474916387959 0.3093645484949833
4 0.47157190635451507 0.46153846153846156 0.5384615384615384 0.5551839464882943