6 0.05852842809364549 0.05518394648829431 0.11705685618729098 0.11036789297658862
6 0.0451505016722408 0.4498327759197324 0.0903010033444816 0.2491638795986622
6 0.8411371237458194 0.051839464882943144 0.2591973244147157 0.10367892976588629
4 0.5150501672240803 0.5133779264214047 0.4899665551839465 0.5100334448160535
6 0.6387959866220736 0.013377926421404682 0.12040133779264214 0.026755852842809364
6 0.3595317725752508 0.22240802675585283 0.22240802675585283 0.2508361204013378
6 0.043478260869565216 0.7709030100334449 0.08528428093645485 0.22909698996655517
6 0.5234113712374582 0.9782608695652174 0.28595317725752506 0.043478260869565216
6 0.05351170568561873 0.3010033444816054 0.10702341137123746 0.25418060200668896
6 0.931438127090301 0.07357859531772576 0.13712374581939799 0.14715719063545152
6 0.13712374581939799 0.6989966555183946 0.2391304347826087 0.25752508361204013
6 0.6270903010033445 0.822742474916388 0.2826086956521739 0.27424749163879597
6 0.22408026755852842 0.21070234113712374 0.23578595317725753 0.2157190635451505
6 0.8929765886287625 0.33612040133779264 0.20735785953177258 0.23244147157190637
6 0.7391304347826086 0.9214046822742475 0.2408026755852843 0.15719063545150502
6 0.8745819397993311 0.8010033444816054 0.24749163879598662 0.25585284280936454
6 0.33612040133779264 0.8093645484949833 0.2491638795986622 0.25585284280936454
6 0.1806020066889632 0.4280936454849498 0.22408026755852842 0.2591973244147157
6 0.5668896321070234 0.15551839464882944 0.24414715719063546 0.24414715719063546