6 0.7775919732441472 0.802675585284281 0.24247491638795987 0.25418060200668896
6 0.033444816053511704 0.9581939799331104 0.06688963210702341 0.08361204013377926
6 0.8076923076923077 0.9665551839464883 0.23578595317725753 0.06688963210702341
6 0.15384615384615385 0.19899665551839466 0.28762541806020064 0.2909698996655518
6 0.4498327759197324 0.9765886287625418 0.26755852842809363 0.046822742474916385
6 0.31270903010033446 0.016722408026755852 0.18394648829431437 0.033444816053511704
6 0.9163879598662207 0.02508361204013378 0.16387959866220736 0.05016722408026756
6 0.8862876254180602 0.9615384615384616 0.22742474916387959 0.07692307692307693
6 0.09698996655518395 0.11538461538461539 0.1939799331103679 0.23076923076923078
6 0.5752508361204013 0.9481605351170569 0.22742474916387959 0.10367892976588629
4 0.479933110367893 0.5117056856187291 0.4983277591973244 0.5351170568561873
6 0.9632107023411371 0.11872909698996656 0.07357859531772576 0.23745819397993312
6 0.6923076923076923 0.8177257525083612 0.2608695652173913 0.25418060200668896
6 0.07190635451505016 0.40635451505016723 0.14381270903010032 0.26421404682274247
6 0.6705685618729097 0.28929765886287623 0.27759197324414714 0.23578595317725753
6 0.5217391304347826 0.06521739130434782 0.2491638795986622 0.13043478260869565
6 0.745819397993311 0.06354515050167224 0.24749163879598662 0.12709030100334448
6 0.9347826086956522 0.7274247491638796 0.13043478260869565 0.22909698996655517
6 0.4331103678929766 0.18896321070234115 0.27424749163879597 0.20066889632107024
6 0.1454849498327759 0.8963210702341137 0.2725752508361204 0.20735785953177258
6 0.8645484949832776 0.44648829431438125 0.2709030100334448 0.2408026755852843