6 0.1705685618729097 0.596989966555184 0.21739130434782608 0.27591973244147155
4 0.5016722408026756 0.5050167224080268 0.391304347826087 0.41304347826086957
6 0.9565217391304348 0.06020066889632107 0.08528428093645485 0.11538461538461539
6 0.19899665551839466 0.8979933110367893 0.2508361204013378 0.2040133779264214
6 0.06020066889632107 0.7224080267558528 0.12040133779264214 0.27424749163879597
6 0.23745819397993312 0.6421404682274248 0.28595317725752506 0.2792642140468227
6 0.2792642140468227 0.2625418060200669 0.2826086956521739 0.3612040133779264
6 0.06020066889632107 0.9464882943143813 0.12040133779264214 0.10702341137123746
6 0.9615384615384616 0.8913043478260869 0.07692307692307693 0.21739130434782608
6 0.7374581939799331 0.4197324414715719 0.22742474916387959 0.27591973244147155
6 0.9180602006688964 0.11705685618729098 0.1605351170568562 0.23411371237458195
6 0.16220735785953178 0.08361204013377926 0.2508361204013378 0.16722408026755853
6 0.862876254180602 0.2959866220735786 0.2709030100334448 0.2725752508361204
6 0.6822742474916388 0.13712374581939799 0.26421404682274247 0.2709030100334448
6 0.8010033444816054 0.9063545150501672 0.2826086956521739 0.18561872909698995
6 0.5150501672240803 0.18394648829431437 0.2508361204013378 0.2591973244147157
6 0.4765886287625418 0.8779264214046822 0.2842809364548495 0.24414715719063546