6 0.03511705685618729 0.4782608695652174 0.07023411371237458 0.2792642140468227
6 0.6806020066889632 0.745819397993311 0.2491638795986622 0.2909698996655518
6 0.9581939799331104 0.09531772575250837 0.08361204013377926 0.18896321070234115
6 0.9080267558528428 0.12876254180602006 0.1806020066889632 0.225752508361204
6 0.2692307692307692 0.06688963210702341 0.34615384615384615 0.13377926421404682
6 0.6588628762541806 0.051839464882943144 0.28762541806020064 0.10367892976588629
6 0.7157190635451505 0.6638795986622074 0.26755852842809363 0.2508361204013378
4 0.4682274247491639 0.4983277591973244 0.4866220735785953 0.45652173913043476
6 0.9682274247491639 0.9163879598662207 0.061872909698996656 0.16555183946488294
6 0.7006688963210702 0.9632107023411371 0.24414715719063546 0.07357859531772576
6 0.9013377926421404 0.2976588628762542 0.19732441471571907 0.2408026755852843
6 0.9565217391304348 0.6889632107023411 0.08695652173913043 0.2391304347826087
6 0.11538461538461539 0.48327759197324416 0.23076923076923078 0.27591973244147155
6 0.0903010033444816 0.7759197324414716 0.17892976588628762 0.2508361204013378
6 0.27759197324414714 0.9214046822742475 0.30434782608695654 0.15551839464882944
6 0.48494983277591974 0.14715719063545152 0.2508361204013378 0.27759197324414714
6 0.46488294314381273 0.8076923076923077 0.2826086956521739 0.22909698996655517
6 0.7658862876254181 0.40301003344481606 0.2591973244147157 0.2909698996655518