6 0.959866220735786 0.9147157190635451 0.0802675585284281 0.1705685618729097
2 0.5050167224080268 0.5033444816053512 0.3076923076923077 0.362876254180602
5 0.24581939799331104 0.5434782608695652 0.10367892976588629 0.09531772575250837
6 0.8478260869565217 0.5735785953177257 0.28929765886287623 0.34782608695652173
6 0.14381270903010032 0.09197324414715718 0.2591973244147157 0.1806020066889632
6 0.2491638795986622 0.08193979933110368 0.24581939799331104 0.16220735785953178
6 0.9414715719063546 0.07023411371237458 0.11538461538461539 0.14046822742474915
4 0.24581939799331104 0.8244147157190636 0.4899665551839465 0.3494983277591973
6 0.8277591973244147 0.23745819397993312 0.30267558528428096 0.362876254180602
6 0.39464882943143814 0.21739130434782608 0.26755852842809363 0.26421404682274247
6 0.6304347826086957 0.08695652173913043 0.27759197324414714 0.17391304347826086
6 0.8160535117056856 0.8896321070234113 0.22742474916387959 0.22073578595317725
6 0.13712374581939799 0.2976588628762542 0.2508361204013378 0.2625418060200669
6 0.6187290969899666 0.7809364548494984 0.2508361204013378 0.23745819397993312