6 0.2140468227424749 0.013377926421404682 0.19230769230769232 0.026755852842809364
4 0.5 0.5 0.4431438127090301 0.46488294314381273
6 0.030100334448160536 0.637123745819398 0.06020066889632107 0.19899665551839466
6 0.06020066889632107 0.9531772575250836 0.12040133779264214 0.09197324414715718
5 0.20234113712374582 0.32274247491638797 0.11371237458193979 0.10033444816053512
6 0.8795986622073578 0.02508361204013378 0.23411371237458195 0.05016722408026756
6 0.9063545150501672 0.18561872909698995 0.18561872909698995 0.2491638795986622
6 0.7207357859531772 0.9698996655518395 0.24581939799331104 0.06020066889632107
6 0.36454849498327757 0.1488294314381271 0.27424749163879597 0.19732441471571907
6 0.9431438127090301 0.9230769230769231 0.11371237458193979 0.15384615384615385
6 0.362876254180602 0.9147157190635451 0.25752508361204013 0.1705685618729097
6 0.043478260869565216 0.3879598662207358 0.08528428093645485 0.2508361204013378
6 0.7090301003344481 0.10702341137123746 0.28762541806020064 0.2140468227424749
6 0.4765886287625418 0.2040133779264214 0.2508361204013378 0.1939799331103679
6 0.6070234113712375 0.7207357859531772 0.3060200668896321 0.24749163879598662
6 0.14715719063545152 0.8729096989966555 0.22073578595317725 0.2525083612040134
6 0.8076923076923077 0.6354515050167224 0.2725752508361204 0.2508361204013378
6 0.23745819397993312 0.08695652173913043 0.2140468227424749 0.17391304347826086
6 0.35785953177257523 0.7842809364548495 0.21906354515050167 0.2140468227424749
6 0.8929765886287625 0.41638795986622074 0.2140468227424749 0.225752508361204
6 0.15217391304347827 0.6789297658862876 0.21237458193979933 0.2157190635451505
6 0.08193979933110368 0.11538461538461539 0.16220735785953178 0.23076923076923078