6 0.09531772575250837 0.046822742474916385 0.18896321070234115 0.08862876254180602
6 0.8795986622073578 0.8896321070234113 0.2408026755852843 0.22073578595317725
4 0.5217391304347826 0.5100334448160535 0.4765886287625418 0.5367892976588629
6 0.23578595317725753 0.030100334448160536 0.25752508361204013 0.06020066889632107
6 0.07525083612040134 0.10033444816053512 0.1505016722408027 0.20066889632107024
6 0.10535117056856187 0.5468227424749164 0.20903010033444816 0.2508361204013378
6 0.21237458193979933 0.9013377926421404 0.29264214046822745 0.19732441471571907
6 0.25752508361204013 0.725752508361204 0.2608695652173913 0.2725752508361204
6 0.11036789297658862 0.33444816053511706 0.22073578595317725 0.26755852842809363
6 0.697324414715719 0.13210702341137123 0.2842809364548495 0.26421404682274247
6 0.9063545150501672 0.18394648829431437 0.18561872909698995 0.30267558528428096
6 0.6354515050167224 0.8545150501672241 0.3210702341137124 0.2909698996655518
6 0.2826086956521739 0.18561872909698995 0.2625418060200669 0.2608695652173913
6 0.9214046822742475 0.7591973244147158 0.15719063545150502 0.27759197324414714