6 0.19732441471571907 0.0451505016722408 0.3210702341137124 0.08862876254180602
6 0.9431438127090301 0.03678929765886288 0.11036789297658862 0.07357859531772576
6 0.4866220735785953 0.9448160535117057 0.2508361204013378 0.10869565217391304
6 0.0451505016722408 0.8745819397993311 0.0903010033444816 0.24247491638795987
4 0.47324414715719065 0.5183946488294314 0.45819397993311034 0.4983277591973244
6 0.754180602006689 0.03511705685618729 0.2792642140468227 0.07023411371237458
6 0.03511705685618729 0.4331103678929766 0.07023411371237458 0.22909698996655517
6 0.4765886287625418 0.04013377926421405 0.29431438127090304 0.0802675585284281
6 0.6471571906354515 0.9230769230769231 0.24581939799331104 0.15384615384615385
6 0.6839464882943144 0.1956521739130435 0.3394648829431438 0.26755852842809363
6 0.6688963210702341 0.8444816053511706 0.2391304347826087 0.22240802675585283
6 0.09197324414715718 0.7759197324414716 0.1806020066889632 0.22408026755852842
6 0.17892976588628762 0.6906354515050167 0.24247491638795987 0.23076923076923078
6 0.9364548494983278 0.5752508361204013 0.12709030100334448 0.27424749163879597
6 0.8812709030100334 0.9230769230769231 0.23745819397993312 0.15384615384615385
6 0.8528428093645485 0.7474916387959866 0.225752508361204 0.23244147157190637
6 0.34615384615384615 0.8377926421404682 0.24749163879598662 0.25585284280936454
6 0.3712374581939799 0.1588628762541806 0.26421404682274247 0.23076923076923078
6 0.17558528428093645 0.9046822742474916 0.23578595317725753 0.19063545150501673
6 0.16220735785953178 0.45819397993311034 0.2391304347826087 0.2508361204013378
6 0.9063545150501672 0.20903010033444816 0.18729096989966554 0.27591973244147155
6 0.12040133779264214 0.20903010033444816 0.2408026755852843 0.2709030100334448