5 0.5083612040133779 0.2040133779264214 0.11036789297658862 0.10033444816053512
6 0.06521739130434782 0.9732441471571907 0.13043478260869565 0.05351170568561873
4 0.49498327759197325 0.49331103678929766 0.48327759197324416 0.46321070234113715
6 0.4698996655518395 0.9515050167224081 0.19732441471571907 0.09698996655518395
6 0.717391304347826 0.7391304347826086 0.3076923076923077 0.2508361204013378
6 0.7892976588628763 0.6454849498327759 0.23578595317725753 0.23745819397993312
6 0.27591973244147155 0.10702341137123746 0.25418060200668896 0.2140468227424749
6 0.22408026755852842 0.23578595317725753 0.29264214046822745 0.27424749163879597
6 0.8963210702341137 0.8996655518394648 0.20066889632107024 0.20066889632107024
6 0.5100334448160535 0.08361204013377926 0.2591973244147157 0.16555183946488294
6 0.09866220735785954 0.7909698996655519 0.1939799331103679 0.2959866220735786
6 0.9464882943143813 0.6939799331103679 0.10702341137123746 0.22408026755852842
6 0.9331103678929766 0.19230769230769232 0.13210702341137123 0.2508361204013378
6 0.26755852842809363 0.9247491638795987 0.24749163879598662 0.1505016722408027
6 0.31438127090301005 0.7441471571906354 0.2491638795986622 0.24581939799331104
6 0.8177257525083612 0.3779264214046823 0.25418060200668896 0.2625418060200669
6 0.6471571906354515 0.9180602006688964 0.24749163879598662 0.16220735785953178
6 0.13043478260869565 0.5886287625418061 0.25585284280936454 0.2491638795986622