5 0.9565217391304348 0.9548494983277592 0.08528428093645485 0.08862876254180602
6 0.021739130434782608 0.4397993311036789 0.043478260869565216 0.24581939799331104
4 0.4899665551839465 0.5133779264214047 0.4331103678929766 0.4431438127090301
6 0.7558528428093646 0.046822742474916385 0.24749163879598662 0.09197324414715718
6 0.25585284280936454 0.6471571906354515 0.24414715719063546 0.3010033444816054
6 0.23244147157190637 0.021739130434782608 0.2709030100334448 0.043478260869565216
6 0.9581939799331104 0.18729096989966554 0.08361204013377926 0.27591973244147155
6 0.12876254180602006 0.5083612040133779 0.25418060200668896 0.31605351170568563
6 0.08695652173913043 0.12207357859531773 0.17391304347826086 0.24414715719063546
6 0.6237458193979933 0.8963210702341137 0.2408026755852843 0.205685618729097
6 0.782608695652174 0.4230769230769231 0.24414715719063546 0.27424749163879597
6 0.7976588628762542 0.1956521739130435 0.2508361204013378 0.2391304347826087
6 0.5719063545150501 0.20735785953177258 0.2591973244147157 0.23244147157190637