4 0.47324414715719065 0.5100334448160535 0.362876254180602 0.34448160535117056
6 0.9548494983277592 0.6605351170568562 0.08528428093645485 0.2525083612040134
6 0.7274247491638796 0.8963210702341137 0.21739130434782608 0.20735785953177258
6 0.8127090301003345 0.9849498327759197 0.2608695652173913 0.030100334448160536
6 0.9782608695652174 0.5668896321070234 0.04180602006688963 0.22240802675585283
6 0.5468227424749164 0.013377926421404682 0.20735785953177258 0.026755852842809364
6 0.3695652173913043 0.7157190635451505 0.21906354515050167 0.24414715719063546
6 0.2792642140468227 0.9849498327759197 0.24247491638795987 0.030100334448160536
6 0.06020066889632107 0.7023411371237458 0.11872909698996656 0.21906354515050167
6 0.9515050167224081 0.9464882943143813 0.09698996655518395 0.10702341137123746
6 0.19732441471571907 0.4331103678929766 0.23076923076923078 0.2591973244147157
6 0.06688963210702341 0.2709030100334448 0.13377926421404682 0.28929765886287623
6 0.5167224080267558 0.9464882943143813 0.2391304347826087 0.10702341137123746
6 0.1939799331103679 0.6270903010033445 0.205685618729097 0.20735785953177258
6 0.9548494983277592 0.0802675585284281 0.0903010033444816 0.1588628762541806
6 0.12207357859531773 0.8929765886287625 0.23578595317725753 0.21070234113712374
6 0.9096989966555183 0.8963210702341137 0.17892976588628762 0.20735785953177258
6 0.1488294314381271 0.1354515050167224 0.22742474916387959 0.2525083612040134
6 0.08361204013377926 0.4899665551839465 0.16722408026755853 0.21070234113712374
6 0.5167224080267558 0.8645484949832776 0.225752508361204 0.20735785953177258
6 0.8946488294314381 0.2140468227424749 0.21070234113712374 0.27759197324414714
6 0.23411371237458195 0.8411371237458194 0.2408026755852843 0.2508361204013378
6 0.342809364548495 0.10702341137123746 0.2040133779264214 0.2140468227424749
6 0.8846153846153846 0.6521739130434783 0.23076923076923078 0.25752508361204013
6 0.5250836120401338 0.09866220735785954 0.23244147157190637 0.19732441471571907
6 0.931438127090301 0.36454849498327757 0.1354515050167224 0.2408026755852843
6 0.6939799331103679 0.7408026755852842 0.2391304347826087 0.27759197324414714
6 0.7374581939799331 0.3779264214046823 0.2391304347826087 0.24749163879598662
6 0.8595317725752508 0.49498327759197325 0.2040133779264214 0.2508361204013378