6 0.08193979933110368 0.9832775919732442 0.15719063545150502 0.033444816053511704
6 0.08361204013377926 0.3528428093645485 0.16555183946488294 0.2842809364548495
6 0.7408026755852842 0.10535117056856187 0.2909698996655518 0.20234113712374582
6 0.5234113712374582 0.06020066889632107 0.3996655518394649 0.11872909698996656
6 0.8712374581939799 0.015050167224080268 0.2508361204013378 0.030100334448160536
6 0.09197324414715718 0.09197324414715718 0.18227424749163879 0.18394648829431437
6 0.17558528428093645 0.24414715719063546 0.28595317725752506 0.34448160535117056
6 0.026755852842809364 0.8913043478260869 0.05351170568561873 0.21739130434782608
6 0.6956521739130435 0.9698996655518395 0.28762541806020064 0.06020066889632107
6 0.3060200668896321 0.9749163879598662 0.2842809364548495 0.05016722408026756
4 0.5267558528428093 0.5217391304347826 0.44481605351170567 0.43645484949832775
4 0.9565217391304348 0.39464882943143814 0.08528428093645485 0.3595317725752508
6 0.9581939799331104 0.09531772575250837 0.08361204013377926 0.19063545150501673
6 0.2608695652173913 0.8762541806020067 0.2976588628762542 0.2391304347826087
6 0.4013377926421405 0.16220735785953178 0.25752508361204013 0.24414715719063546
6 0.8177257525083612 0.2625418060200669 0.25585284280936454 0.24247491638795987
6 0.5769230769230769 0.8361204013377926 0.27759197324414714 0.2508361204013378
6 0.7709030100334449 0.7090301003344481 0.2508361204013378 0.25752508361204013