4 0.5050167224080268 0.49331103678929766 0.3729096989966555 0.3177257525083612
6 0.9464882943143813 0.2809364548494983 0.10702341137123746 0.3210702341137124
6 0.36789297658862874 0.023411371237458192 0.24247491638795987 0.0451505016722408
6 0.9264214046822743 0.19732441471571907 0.14715719063545152 0.22073578595317725
6 0.36789297658862874 0.16220735785953178 0.2508361204013378 0.2525083612040134
6 0.023411371237458192 0.13879598662207357 0.046822742474916385 0.2508361204013378
6 0.6622073578595318 0.9648829431438127 0.27424749163879597 0.07023411371237458
6 0.45484949832775917 0.7508361204013378 0.23745819397993312 0.25585284280936454
6 0.10869565217391304 0.0451505016722408 0.21739130434782608 0.0903010033444816
6 0.9013377926421404 0.9548494983277592 0.1939799331103679 0.0903010033444816
6 0.8010033444816054 0.21070234113712374 0.24247491638795987 0.2391304347826087
6 0.19899665551839466 0.16220735785953178 0.2508361204013378 0.2508361204013378
6 0.22073578595317725 0.7675585284280937 0.2709030100334448 0.28929765886287623
6 0.5 0.9147157190635451 0.26421404682274247 0.1705685618729097