6 0.9749163879598662 0.5367892976588629 0.05016722408026756 0.27759197324414714
4 0.4882943143812709 0.46153846153846156 0.47324414715719065 0.46488294314381273
6 0.043478260869565216 0.7591973244147158 0.08528428093645485 0.2391304347826087
6 0.36789297658862874 0.13043478260869565 0.25418060200668896 0.24581939799331104
6 0.6488294314381271 0.22073578595317725 0.28595317725752506 0.24749163879598662
6 0.9682274247491639 0.14715719063545152 0.06354515050167224 0.2391304347826087
6 0.8678929765886287 0.5836120401337793 0.2491638795986622 0.29264214046822745
6 0.07357859531772576 0.6538461538461539 0.14715719063545152 0.24414715719063546
6 0.8896321070234113 0.9548494983277592 0.21906354515050167 0.08862876254180602
6 0.03678929765886288 0.4230769230769231 0.07357859531772576 0.27424749163879597
6 0.9498327759197325 0.7892976588628763 0.10033444816053512 0.22742474916387959
6 0.6989966555183946 0.05351170568561873 0.25752508361204013 0.10702341137123746
6 0.07023411371237458 0.9280936454849499 0.14046822742474915 0.14381270903010032
6 0.16722408026755853 0.061872909698996656 0.23411371237458195 0.12374581939799331
6 0.31605351170568563 0.20903010033444816 0.21906354515050167 0.21739130434782608
6 0.3060200668896321 0.9347826086956522 0.26755852842809363 0.13043478260869565
6 0.8812709030100334 0.3612040133779264 0.23578595317725753 0.21739130434782608
6 0.8846153846153846 0.19063545150501673 0.22240802675585283 0.21739130434782608
6 0.8210702341137124 0.9080267558528428 0.22909698996655517 0.18394648829431437
6 0.451505016722408 0.8193979933110368 0.24247491638795987 0.22909698996655517
6 0.19230769230769232 0.8093645484949833 0.25418060200668896 0.24414715719063546
6 0.15551839464882944 0.3311036789297659 0.225752508361204 0.23745819397993312