4 0.5334448160535117 0.5016722408026756 0.46321070234113715 0.4665551839464883
6 0.09698996655518395 0.023411371237458192 0.1939799331103679 0.0451505016722408
6 0.5668896321070234 0.9715719063545151 0.3076923076923077 0.056856187290969896
6 0.2993311036789298 0.903010033444816 0.2909698996655518 0.1939799331103679
6 0.1488294314381271 0.959866220735786 0.2842809364548495 0.0802675585284281
6 0.31605351170568563 0.6655518394648829 0.2692307692307692 0.28762541806020064
6 0.05016722408026756 0.6822742474916388 0.10033444816053512 0.3010033444816054
6 0.8545150501672241 0.705685618729097 0.2525083612040134 0.20234113712374582
6 0.7090301003344481 0.033444816053511704 0.2525083612040134 0.06521739130434782
6 0.8979933110367893 0.6270903010033445 0.20234113712374582 0.2792642140468227
6 0.7107023411371237 0.8846153846153846 0.2508361204013378 0.23076923076923078
6 0.8812709030100334 0.9180602006688964 0.23578595317725753 0.1605351170568562
6 0.919732441471572 0.1806020066889632 0.1588628762541806 0.2842809364548495
6 0.13712374581939799 0.5016722408026756 0.2692307692307692 0.3193979933110368
6 0.717391304347826 0.15217391304347827 0.2391304347826087 0.24581939799331104
6 0.11872909698996656 0.17892976588628762 0.23745819397993312 0.25585284280936454
6 0.5150501672240803 0.14046822742474915 0.27424749163879597 0.27591973244147155
6 0.3394648829431438 0.32608695652173914 0.2525083612040134 0.2391304347826087