6 0.21070234113712374 0.8561872909698997 0.225752508361204 0.28762541806020064
6 0.046822742474916385 0.033444816053511704 0.09197324414715718 0.06688963210702341
6 0.8862876254180602 0.4866220735785953 0.22408026755852842 0.27424749163879597
6 0.06856187290969899 0.49331103678929766 0.13712374581939799 0.2491638795986622
6 0.046822742474916385 0.1939799331103679 0.09364548494983277 0.2525083612040134
6 0.4431438127090301 0.9013377926421404 0.21070234113712374 0.19732441471571907
6 0.7424749163879598 0.7408026755852842 0.24749163879598662 0.30434782608695654
6 0.34615384615384615 0.1956521739130435 0.18729096989966554 0.2909698996655518
6 0.9130434782608695 0.3294314381270903 0.17391304347826086 0.25752508361204013
6 0.6421404682274248 0.17224080267558528 0.21739130434782608 0.27591973244147155
6 0.7775919732441472 0.2625418060200669 0.22909698996655517 0.2725752508361204
6 0.10367892976588629 0.7107023411371237 0.205685618729097 0.2391304347826087
6 0.9180602006688964 0.7926421404682275 0.16387959866220736 0.30434782608695654
6 0.4765886287625418 0.13879598662207357 0.18561872909698995 0.27591973244147155
6 0.17725752508361203 0.11036789297658862 0.2408026755852843 0.22073578595317725
4 0.5367892976588629 0.4882943143812709 0.5167224080267558 0.4765886287625418
6 0.16220735785953178 0.31270903010033446 0.2826086956521739 0.2508361204013378