6 0.7441471571906354 0.24581939799331104 0.2993311036789298 0.24414715719063546
6 0.5133779264214047 0.3076923076923077 0.2826086956521739 0.22909698996655517
6 0.9632107023411371 0.03678929765886288 0.07357859531772576 0.07357859531772576
6 0.11036789297658862 0.41638795986622074 0.21739130434782608 0.2508361204013378
6 0.479933110367893 0.8645484949832776 0.2525083612040134 0.22909698996655517
6 0.7675585284280937 0.13712374581939799 0.24581939799331104 0.22240802675585283
6 0.8695652173913043 0.9214046822742475 0.2608695652173913 0.15551839464882944
6 0.11036789297658862 0.2993311036789298 0.22073578595317725 0.21739130434782608
6 0.44816053511705684 0.08695652173913043 0.26755852842809363 0.17391304347826086
6 0.8076923076923077 0.021739130434782608 0.2508361204013378 0.04180602006688963
6 0.36622073578595316 0.2491638795986622 0.2625418060200669 0.225752508361204
6 0.061872909698996656 0.22240802675585283 0.12374581939799331 0.2525083612040134
6 0.931438127090301 0.5819397993311036 0.1354515050167224 0.23076923076923078
6 0.7926421404682275 0.49498327759197325 0.25752508361204013 0.2608695652173913
6 0.5836120401337793 0.07190635451505016 0.23076923076923078 0.14214046822742474
6 0.05351170568561873 0.6304347826086957 0.10702341137123746 0.24247491638795987
6 0.9364548494983278 0.18227424749163879 0.12709030100334448 0.2508361204013378
6 0.2157190635451505 0.8043478260869565 0.2391304347826087 0.225752508361204
6 0.061872909698996656 0.8662207357859532 0.12374581939799331 0.26755852842809363
6 0.2157190635451505 0.5468227424749164 0.2608695652173913 0.33612040133779264
6 0.8127090301003345 0.617056856187291 0.2140468227424749 0.22742474916387959
6 0.2140468227424749 0.9230769230769231 0.2508361204013378 0.15384615384615385
4 0.5 0.5033444816053512 0.3695652173913043 0.3060200668896321
6 0.7792642140468228 0.8193979933110368 0.2959866220735786 0.23244147157190637
6 0.38127090301003347 0.8494983277591973 0.21237458193979933 0.22073578595317725