6 0.6321070234113713 0.22073578595317725 0.27424749163879597 0.24581939799331104
6 0.051839464882943144 0.6036789297658863 0.10367892976588629 0.26421404682274247
6 0.5719063545150501 0.14046822742474915 0.19899665551839466 0.22240802675585283
6 0.7859531772575251 0.9749163879598662 0.3277591973244147 0.05016722408026756
4 0.5033444816053512 0.5050167224080268 0.5133779264214047 0.40635451505016723
6 0.08695652173913043 0.939799331103679 0.17391304347826086 0.12040133779264214
6 0.1454849498327759 0.5066889632107023 0.28762541806020064 0.2993311036789298
6 0.17558528428093645 0.25418060200668896 0.3377926421404682 0.2826086956521739
6 0.06856187290969899 0.06521739130434782 0.13712374581939799 0.13043478260869565
6 0.9230769230769231 0.35785953177257523 0.15384615384615385 0.23411371237458195
6 0.8294314381270903 0.3795986622073579 0.2491638795986622 0.2491638795986622
6 0.931438127090301 0.13210702341137123 0.13712374581939799 0.23578595317725753
6 0.25585284280936454 0.06521739130434782 0.2976588628762542 0.13043478260869565
6 0.13712374581939799 0.794314381270903 0.2709030100334448 0.26755852842809363
6 0.8528428093645485 0.617056856187291 0.28762541806020064 0.2491638795986622
6 0.8862876254180602 0.8528428093645485 0.225752508361204 0.28762541806020064
6 0.5016722408026756 0.8210702341137124 0.30267558528428096 0.25585284280936454