6 0.5317725752508361 0.4916387959866221 0.43645484949832775 0.4180602006688963
4 0.5301003344481605 0.48494983277591974 0.4331103678929766 0.4080267558528428
6 0.028428093645484948 0.4230769230769231 0.056856187290969896 0.2491638795986622
6 0.7859531772575251 0.36454849498327757 0.2625418060200669 0.24247491638795987
6 0.9063545150501672 0.043478260869565216 0.18561872909698995 0.08361204013377926
6 0.9163879598662207 0.34615384615384615 0.16722408026755853 0.2959866220735786
6 0.10033444816053512 0.07023411371237458 0.20066889632107024 0.14046822742474915
6 0.862876254180602 0.5418060200668896 0.27424749163879597 0.2608695652173913
6 0.9531772575250836 0.9214046822742475 0.09364548494983277 0.15719063545150502
6 0.6421404682274248 0.046822742474916385 0.2709030100334448 0.09197324414715718
6 0.20234113712374582 0.5953177257525084 0.2909698996655518 0.2591973244147157
6 0.23578595317725753 0.4096989966555184 0.23578595317725753 0.22240802675585283
6 0.43478260869565216 0.7642140468227425 0.2408026755852843 0.19230769230769232
6 0.10033444816053512 0.25585284280936454 0.20066889632107024 0.24749163879598662
6 0.3511705685618729 0.22240802675585283 0.23578595317725753 0.24414715719063546
6 0.4297658862876254 0.9063545150501672 0.28595317725752506 0.18729096989966554
6 0.8762541806020067 0.7909698996655519 0.24581939799331104 0.2391304347826087