5 0.9882943143812709 0.9632107023411371 0.016722408026755852 0.07357859531772576
5 0.5100334448160535 0.1020066889632107 0.07859531772575251 0.06856187290969899
6 0.47324414715719065 0.6103678929765887 0.31438127090301005 0.22742474916387959
4 0.5284280936454849 0.4682274247491639 0.4765886287625418 0.4331103678929766
5 0.5284280936454849 0.9916387959866221 0.056856187290969896 0.015050167224080268
5 0.7709030100334449 0.6103678929765887 0.06688963210702341 0.048494983277591976
6 0.9632107023411371 0.10033444816053512 0.07357859531772576 0.20066889632107024
6 0.40468227424749165 0.842809364548495 0.27424749163879597 0.26588628762541805
6 0.29431438127090304 0.9715719063545151 0.26421404682274247 0.056856187290969896
5 0.8929765886287625 0.8979933110367893 0.07525083612040134 0.06856187290969899
6 0.33444816053511706 0.7608695652173914 0.2976588628762542 0.2725752508361204
5 0.697324414715719 0.9481605351170569 0.06020066889632107 0.06020066889632107
6 0.35618729096989965 0.02508361204013378 0.30434782608695654 0.05016722408026756
6 0.6471571906354515 0.028428093645484948 0.2842809364548495 0.056856187290969896
6 0.9063545150501672 0.1488294314381271 0.18561872909698995 0.29264214046822745
6 0.03678929765886288 0.12374581939799331 0.07357859531772576 0.2408026755852843
6 0.9464882943143813 0.47491638795986624 0.10702341137123746 0.24749163879598662
6 0.6204013377926422 0.7792642140468228 0.2725752508361204 0.2608695652173913
6 0.8578595317725752 0.40468227424749165 0.27759197324414714 0.2692307692307692
6 0.07525083612040134 0.8996655518394648 0.1505016722408027 0.20066889632107024
6 0.8812709030100334 0.7374581939799331 0.23578595317725753 0.26755852842809363
6 0.677257525083612 0.18227424749163879 0.28929765886287623 0.24414715719063546
6 0.18561872909698995 0.5 0.225752508361204 0.2591973244147157
6 0.09531772575250837 0.6622073578595318 0.18896321070234115 0.2692307692307692
6 0.18394648829431437 0.23244147157190637 0.24749163879598662 0.2408026755852843