4 0.4882943143812709 0.5100334448160535 0.4882943143812709 0.451505016722408
6 0.939799331103679 0.1939799331103679 0.11872909698996656 0.25418060200668896
6 0.9531772575250836 0.6488294314381271 0.09197324414715718 0.30434782608695654
6 0.5 0.9531772575250836 0.2525083612040134 0.09197324414715718
6 0.4682274247491639 0.7859531772575251 0.2826086956521739 0.23076923076923078
6 0.9230769230769231 0.391304347826087 0.15384615384615385 0.22742474916387959
6 0.061872909698996656 0.7792642140468228 0.12374581939799331 0.2792642140468227
6 0.5903010033444817 0.10869565217391304 0.2842809364548495 0.21739130434782608
6 0.1806020066889632 0.5016722408026756 0.2157190635451505 0.27424749163879597
6 0.7859531772575251 0.0903010033444816 0.2525083612040134 0.17892976588628762
6 0.7909698996655519 0.45819397993311034 0.21070234113712374 0.25585284280936454
6 0.07023411371237458 0.3745819397993311 0.14046822742474915 0.2525083612040134
6 0.1588628762541806 0.9347826086956522 0.25418060200668896 0.13043478260869565
6 0.22073578595317725 0.7608695652173914 0.225752508361204 0.2625418060200669
6 0.6538461538461539 0.822742474916388 0.25418060200668896 0.24581939799331104
6 0.7591973244147158 0.6939799331103679 0.27759197324414714 0.20234113712374582
6 0.3311036789297659 0.09197324414715718 0.2591973244147157 0.18227424749163879
6 0.23745819397993312 0.26755852842809363 0.2491638795986622 0.22742474916387959
6 0.8745819397993311 0.8795986622073578 0.24414715719063546 0.2391304347826087