6 0.28762541806020064 0.03511705685618729 0.2491638795986622 0.07023411371237458
6 0.9849498327759197 0.8578595317725752 0.030100334448160536 0.23411371237458195
6 0.01839464882943144 0.5100334448160535 0.03511705685618729 0.25585284280936454
6 0.8076923076923077 0.043478260869565216 0.22240802675585283 0.08528428093645485
6 0.26421404682274247 0.6321070234113713 0.2993311036789298 0.31605351170568563
6 0.6471571906354515 0.12876254180602006 0.2508361204013378 0.25752508361204013
6 0.21739130434782608 0.17725752508361203 0.20066889632107024 0.25752508361204013
6 0.6003344481605352 0.6956521739130435 0.2842809364548495 0.21237458193979933
6 0.046822742474916385 0.2976588628762542 0.09364548494983277 0.2140468227424749
6 0.28762541806020064 0.07692307692307693 0.2491638795986622 0.15384615384615385
6 0.12709030100334448 0.4665551839464883 0.22408026755852842 0.23244147157190637
6 0.45484949832775917 0.09866220735785954 0.17725752508361203 0.19732441471571907
6 0.931438127090301 0.5468227424749164 0.13712374581939799 0.2625418060200669
6 0.903010033444816 0.9481605351170569 0.1939799331103679 0.10367892976588629
6 0.8846153846153846 0.774247491638796 0.22909698996655517 0.2692307692307692
6 0.07357859531772576 0.10702341137123746 0.14715719063545152 0.2140468227424749
6 0.7525083612040134 0.5752508361204013 0.20735785953177258 0.19230769230769232
6 0.7625418060200669 0.4013377926421405 0.2157190635451505 0.19732441471571907
6 0.9414715719063546 0.10702341137123746 0.11705685618729098 0.2140468227424749
6 0.7658862876254181 0.8695652173913043 0.20234113712374582 0.2591973244147157
6 0.07525083612040134 0.705685618729097 0.1505016722408027 0.26755852842809363
6 0.5618729096989966 0.8862876254180602 0.22073578595317725 0.22742474916387959
6 0.3879598662207358 0.862876254180602 0.20234113712374582 0.27424749163879597
6 0.17725752508361203 0.8846153846153846 0.25752508361204013 0.23076923076923078
4 0.47491638795986624 0.44648829431438125 0.47157190635451507 0.5451505016722408