6 0.931438127090301 0.9732441471571907 0.13712374581939799 0.05351170568561873
4 0.5066889632107023 0.49498327759197325 0.4280936454849498 0.451505016722408
6 0.07692307692307693 0.5418060200668896 0.15384615384615385 0.2591973244147157
6 0.19732441471571907 0.5016722408026756 0.26421404682274247 0.3177257525083612
6 0.2508361204013378 0.24749163879598662 0.26421404682274247 0.2725752508361204
6 0.7391304347826086 0.9498327759197325 0.27759197324414714 0.10033444816053512
6 0.06856187290969899 0.17725752508361203 0.1354515050167224 0.25418060200668896
6 0.431438127090301 0.11872909698996656 0.22742474916387959 0.23578595317725753
6 0.7792642140468228 0.6354515050167224 0.2508361204013378 0.32441471571906355
6 0.6588628762541806 0.17224080267558528 0.28762541806020064 0.2826086956521739
6 0.2826086956521739 0.81438127090301 0.2692307692307692 0.2525083612040134
6 0.8812709030100334 0.10869565217391304 0.23745819397993312 0.21739130434782608
6 0.45652173913043476 0.9247491638795987 0.2842809364548495 0.1505016722408027
6 0.8879598662207357 0.32441471571906355 0.22408026755852842 0.24414715719063546
6 0.6204013377926422 0.7909698996655519 0.28595317725752506 0.25752508361204013