6 0.011705685618729096 0.6304347826086957 0.023411371237458192 0.27759197324414714
6 0.9565217391304348 0.030100334448160536 0.08528428093645485 0.06020066889632107
4 0.47491638795986624 0.5050167224080268 0.44481605351170567 0.3712374581939799
6 0.5719063545150501 0.030100334448160536 0.20735785953177258 0.06020066889632107
6 0.9615384615384616 0.3060200668896321 0.07692307692307693 0.2408026755852843
6 0.30267558528428096 0.7307692307692307 0.18729096989966554 0.25585284280936454
6 0.8177257525083612 0.021739130434782608 0.3010033444816054 0.043478260869565216
6 0.46488294314381273 0.9682274247491639 0.31605351170568563 0.061872909698996656
6 0.7926421404682275 0.13712374581939799 0.31605351170568563 0.22240802675585283
6 0.09531772575250837 0.9715719063545151 0.18896321070234115 0.05351170568561873
6 0.4882943143812709 0.8645484949832776 0.26755852842809363 0.2408026755852843
6 0.5886287625418061 0.7759197324414716 0.24247491638795987 0.22240802675585283
6 0.9096989966555183 0.5986622073578596 0.1806020066889632 0.3110367892976589
6 0.939799331103679 0.8946488294314381 0.11872909698996656 0.21070234113712374
6 0.06020066889632107 0.7625418060200669 0.12040133779264214 0.3277591973244147
6 0.8327759197324415 0.44481605351170567 0.27591973244147155 0.2408026755852843
6 0.08361204013377926 0.08361204013377926 0.16722408026755853 0.16722408026755853
6 0.17224080267558528 0.8127090301003345 0.18561872909698995 0.3377926421404682
6 0.2491638795986622 0.14046822742474915 0.25752508361204013 0.23076923076923078