6 0.4866220735785953 0.14381270903010032 0.3712374581939799 0.28762541806020064
6 0.725752508361204 0.021739130434782608 0.2792642140468227 0.04180602006688963
6 0.13043478260869565 0.560200668896321 0.25418060200668896 0.33444816053511706
6 0.17892976588628762 0.8795986622073578 0.2709030100334448 0.23745819397993312
6 0.979933110367893 0.5016722408026756 0.04013377926421405 0.2826086956521739
6 0.5250836120401338 0.9464882943143813 0.24749163879598662 0.10702341137123746
6 0.41304347826086957 0.9665551839464883 0.25418060200668896 0.06688963210702341
6 0.7892976588628763 0.9414715719063546 0.3277591973244147 0.11538461538461539
6 0.2591973244147157 0.7558528428093646 0.225752508361204 0.21906354515050167
6 0.15551839464882944 0.9531772575250836 0.25585284280936454 0.09197324414715718
4 0.5016722408026756 0.5 0.3511705685618729 0.3311036789297659
6 0.030100334448160536 0.08695652173913043 0.06020066889632107 0.17391304347826086
6 0.4180602006688963 0.07190635451505016 0.22408026755852842 0.14214046822742474
6 0.5936454849498328 0.1354515050167224 0.22240802675585283 0.2709030100334448
6 0.9531772575250836 0.8862876254180602 0.09197324414715718 0.225752508361204
6 0.1354515050167224 0.38127090301003347 0.25585284280936454 0.225752508361204
6 0.7508361204013378 0.7976588628762542 0.23745819397993312 0.2508361204013378
6 0.5434782608695652 0.7658862876254181 0.22408026755852842 0.2625418060200669
6 0.9414715719063546 0.10535117056856187 0.11705685618729098 0.21070234113712374
6 0.20234113712374582 0.6204013377926422 0.25418060200668896 0.23076923076923078
6 0.19063545150501673 0.09698996655518395 0.2692307692307692 0.1939799331103679
6 0.8076923076923077 0.21906354515050167 0.25418060200668896 0.26421404682274247
6 0.7759197324414716 0.47324414715719065 0.25418060200668896 0.24749163879598662
6 0.8996655518394648 0.6688963210702341 0.20066889632107024 0.24749163879598662