6 0.6705685618729097 0.021739130434782608 0.15384615384615385 0.04180602006688963
6 0.030100334448160536 0.8444816053511706 0.06020066889632107 0.2508361204013378
6 0.225752508361204 0.49498327759197325 0.29431438127090304 0.3511705685618729
6 0.2491638795986622 0.10033444816053512 0.24414715719063546 0.20066889632107024
6 0.1939799331103679 0.9615384615384616 0.2993311036789298 0.07692307692307693
6 0.8612040133779264 0.043478260869565216 0.23244147157190637 0.08528428093645485
6 0.8913043478260869 0.18729096989966554 0.2140468227424749 0.27424749163879597
6 0.4531772575250836 0.7976588628762542 0.2826086956521739 0.27424749163879597
6 0.9581939799331104 0.38461538461538464 0.08361204013377926 0.25585284280936454
6 0.4665551839464883 0.06688963210702341 0.2491638795986622 0.13210702341137123
6 0.06020066889632107 0.44481605351170567 0.12040133779264214 0.2608695652173913
6 0.11204013377926421 0.7090301003344481 0.22408026755852842 0.3010033444816054
6 0.25418060200668896 0.8511705685618729 0.22240802675585283 0.22742474916387959
6 0.13879598662207357 0.2508361204013378 0.2591973244147157 0.21237458193979933
6 0.7040133779264214 0.7240802675585284 0.2826086956521739 0.23076923076923078
6 0.8595317725752508 0.5317725752508361 0.26421404682274247 0.2625418060200669
4 0.5217391304347826 0.46153846153846156 0.5083612040133779 0.4782608695652174
6 0.7274247491638796 0.17391304347826086 0.2040133779264214 0.3210702341137124