6 0.10869565217391304 0.12709030100334448 0.21739130434782608 0.22408026755852842
6 0.9632107023411371 0.2491638795986622 0.07357859531772576 0.32441471571906355
6 0.8678929765886287 0.9648829431438127 0.2491638795986622 0.06688963210702341
6 0.9464882943143813 0.6270903010033445 0.10702341137123746 0.23076923076923078
6 0.7993311036789298 0.5451505016722408 0.22909698996655517 0.24581939799331104
6 0.9448160535117057 0.7625418060200669 0.11036789297658862 0.22408026755852842
6 0.22742474916387959 0.23578595317725753 0.27591973244147155 0.2408026755852843
6 0.21739130434782608 0.6488294314381271 0.2709030100334448 0.27591973244147155
6 0.10033444816053512 0.061872909698996656 0.20066889632107024 0.12374581939799331
6 0.15384615384615385 0.5836120401337793 0.23745819397993312 0.24749163879598662
6 0.8327759197324415 0.6438127090301003 0.25752508361204013 0.22240802675585283
6 0.3177257525083612 0.205685618729097 0.26755852842809363 0.2709030100334448
6 0.9096989966555183 0.931438127090301 0.1806020066889632 0.13043478260869565
6 0.8210702341137124 0.40468227424749165 0.2508361204013378 0.2792642140468227
6 0.06688963210702341 0.31438127090301005 0.13210702341137123 0.2491638795986622
4 0.4983277591973244 0.5301003344481605 0.4297658862876254 0.41638795986622074
6 0.717391304347826 0.17725752508361203 0.3411371237458194 0.2625418060200669
6 0.15551839464882944 0.9347826086956522 0.30434782608695654 0.13043478260869565
6 0.7625418060200669 0.8561872909698997 0.24749163879598662 0.24414715719063546
6 0.9147157190635451 0.06688963210702341 0.1705685618729097 0.13377926421404682