4 0.5150501672240803 0.48327759197324416 0.5234113712374582 0.560200668896321
6 0.20234113712374582 0.342809364548495 0.23244147157190637 0.20903010033444816
6 0.6822742474916388 0.10033444816053512 0.24749163879598662 0.1939799331103679
6 0.0451505016722408 0.08193979933110368 0.0903010033444816 0.16220735785953178
6 0.7591973244147158 0.038461538461538464 0.2826086956521739 0.07692307692307693
6 0.20234113712374582 0.5836120401337793 0.2709030100334448 0.23745819397993312
6 0.9096989966555183 0.3511705685618729 0.1806020066889632 0.25418060200668896
6 0.6555183946488294 0.1705685618729097 0.29431438127090304 0.26421404682274247
6 0.8929765886287625 0.2157190635451505 0.21237458193979933 0.34782608695652173
6 0.048494983277591976 0.4013377926421405 0.09698996655518395 0.2491638795986622
6 0.5451505016722408 0.8327759197324415 0.2826086956521739 0.2508361204013378
6 0.23244147157190637 0.717391304347826 0.2993311036789298 0.2709030100334448
6 0.046822742474916385 0.842809364548495 0.09364548494983277 0.29431438127090304
6 0.9096989966555183 0.8913043478260869 0.1806020066889632 0.21070234113712374
6 0.4698996655518395 0.8996655518394648 0.25418060200668896 0.20066889632107024
6 0.2040133779264214 0.07023411371237458 0.2508361204013378 0.13879598662207357
6 0.7491638795986622 0.6588628762541806 0.23745819397993312 0.26421404682274247
6 0.9214046822742475 0.7140468227424749 0.15551839464882944 0.2608695652173913
6 0.22408026755852842 0.8929765886287625 0.2976588628762542 0.21237458193979933
6 0.27424749163879597 0.2491638795986622 0.23411371237458195 0.18896321070234115