6 0.9632107023411371 0.27759197324414714 0.07357859531772576 0.26755852842809363
4 0.5133779264214047 0.4899665551839465 0.40635451505016723 0.3695652173913043
5 0.560200668896321 0.15384615384615385 0.09531772575250837 0.10367892976588629
6 0.9632107023411371 0.8327759197324415 0.07357859531772576 0.2709030100334448
6 0.09364548494983277 0.2525083612040134 0.18561872909698995 0.23244147157190637
6 0.8896321070234113 0.028428093645484948 0.22073578595317725 0.056856187290969896
6 0.6421404682274248 0.033444816053511704 0.2976588628762542 0.06688963210702341
6 0.1505016722408027 0.07525083612040134 0.23411371237458195 0.1505016722408027
6 0.9230769230769231 0.16722408026755853 0.15384615384615385 0.2408026755852843
6 0.06354515050167224 0.47491638795986624 0.12709030100334448 0.2391304347826087
6 0.7107023411371237 0.9414715719063546 0.22742474916387959 0.11705685618729098
6 0.09531772575250837 0.754180602006689 0.19063545150501673 0.26755852842809363
6 0.6839464882943144 0.22742474916387959 0.24749163879598662 0.27424749163879597
6 0.17224080267558528 0.2976588628762542 0.22408026755852842 0.23745819397993312
6 0.8578595317725752 0.3210702341137124 0.2709030100334448 0.25585284280936454
6 0.5936454849498328 0.7357859531772575 0.2508361204013378 0.20066889632107024
6 0.24247491638795987 0.5150501672240803 0.21070234113712374 0.2491638795986622
6 0.3060200668896321 0.9264214046822743 0.26421404682274247 0.14715719063545152
6 0.33444816053511706 0.7441471571906354 0.2842809364548495 0.24414715719063546
6 0.10033444816053512 0.8946488294314381 0.20066889632107024 0.20903010033444816
6 0.8678929765886287 0.5819397993311036 0.25752508361204013 0.25585284280936454