6 0.06521739130434782 0.01839464882943144 0.13043478260869565 0.03511705685618729
6 0.8795986622073578 0.1939799331103679 0.22742474916387959 0.27424749163879597
4 0.5066889632107023 0.5016722408026756 0.3779264214046823 0.3795986622073579
6 0.9732441471571907 0.8076923076923077 0.05351170568561873 0.26421404682274247
6 0.2157190635451505 0.03177257525083612 0.31438127090301005 0.061872909698996656
6 0.6070234113712375 0.9632107023411371 0.24247491638795987 0.07357859531772576
6 0.06020066889632107 0.1505016722408027 0.11872909698996656 0.2491638795986622
6 0.07190635451505016 0.8846153846153846 0.14381270903010032 0.2040133779264214
6 0.08361204013377926 0.6705685618729097 0.16722408026755853 0.2692307692307692
6 0.7307692307692307 0.12207357859531773 0.23745819397993312 0.24414715719063546
6 0.8076923076923077 0.4214046822742475 0.34615384615384615 0.2625418060200669
6 0.8812709030100334 0.9347826086956522 0.23578595317725753 0.13043478260869565
6 0.13210702341137123 0.39297658862876256 0.22408026755852842 0.21739130434782608
6 0.27424749163879597 0.4080267558528428 0.20066889632107024 0.23411371237458195
6 0.40468227424749165 0.9113712374581939 0.2608695652173913 0.17725752508361203