4 0.5167224080267558 0.5167224080267558 0.33277591973244147 0.3695652173913043
6 0.5986622073578596 0.27759197324414714 0.26755852842809363 0.4397993311036789
6 0.6153846153846154 0.13210702341137123 0.23076923076923078 0.23076923076923078
6 0.04180602006688963 0.26421404682274247 0.08361204013377926 0.2591973244147157
6 0.717391304347826 0.6036789297658863 0.24581939799331104 0.22909698996655517
6 0.3093645484949833 0.023411371237458192 0.25585284280936454 0.046822742474916385
6 0.056856187290969896 0.5484949832775919 0.11371237458193979 0.2508361204013378
5 0.3612040133779264 0.8929765886287625 0.08695652173913043 0.08695652173913043
6 0.9682274247491639 0.2508361204013378 0.061872909698996656 0.2508361204013378
6 0.6906354515050167 0.0802675585284281 0.2692307692307692 0.1588628762541806
6 0.03177257525083612 0.8913043478260869 0.06354515050167224 0.21739130434782608
6 0.8127090301003345 0.32608695652173914 0.2725752508361204 0.28595317725752506
6 0.8929765886287625 0.8779264214046822 0.2140468227424749 0.24414715719063546
6 0.21739130434782608 0.4665551839464883 0.205685618729097 0.24247491638795987
6 0.8913043478260869 0.6538461538461539 0.21739130434782608 0.23076923076923078