4 0.5418060200668896 0.49331103678929766 0.5334448160535117 0.42474916387959866
6 0.28762541806020064 0.725752508361204 0.3494983277591973 0.28595317725752506
6 0.1605351170568562 0.7591973244147158 0.23244147157190637 0.27759197324414714
6 0.046822742474916385 0.9548494983277592 0.09364548494983277 0.08361204013377926
6 0.03511705685618729 0.3695652173913043 0.07023411371237458 0.25585284280936454
6 0.3612040133779264 0.9732441471571907 0.2525083612040134 0.05351170568561873
6 0.8177257525083612 0.05351170568561873 0.2157190635451505 0.10702341137123746
6 0.5886287625418061 0.030100334448160536 0.27591973244147155 0.06020066889632107
6 0.5451505016722408 0.8411371237458194 0.33444816053511706 0.23745819397993312
6 0.32274247491638797 0.09197324414715718 0.20234113712374582 0.18394648829431437
6 0.0451505016722408 0.7909698996655519 0.0903010033444816 0.28929765886287623
6 0.2725752508361204 0.3076923076923077 0.23076923076923078 0.225752508361204
6 0.822742474916388 0.6020066889632107 0.29264214046822745 0.23244147157190637
6 0.14214046822742474 0.13879598662207357 0.2408026755852843 0.27591973244147155
6 0.18227424749163879 0.9297658862876255 0.27759197324414714 0.13879598662207357
6 0.9214046822742475 0.1605351170568562 0.15551839464882944 0.2408026755852843
6 0.8277591973244147 0.9013377926421404 0.24749163879598662 0.19732441471571907
6 0.10033444816053512 0.560200668896321 0.20066889632107024 0.21070234113712374