6 0.7575250836120402 0.6555183946488294 0.21739130434782608 0.23076923076923078
6 0.9782608695652174 0.06856187290969899 0.04180602006688963 0.13377926421404682
6 0.9698996655518395 0.32441471571906355 0.06020066889632107 0.20903010033444816
6 0.35785953177257523 0.048494983277591976 0.2709030100334448 0.09698996655518395
6 0.6036789297658863 0.13043478260869565 0.25752508361204013 0.24581939799331104
4 0.4765886287625418 0.5250836120401338 0.44648829431438125 0.41304347826086957
6 0.5083612040133779 0.10367892976588629 0.23244147157190637 0.205685618729097
6 0.11036789297658862 0.717391304347826 0.22073578595317725 0.2491638795986622
6 0.04013377926421405 0.38461538461538464 0.0802675585284281 0.3076923076923077
6 0.8394648829431438 0.05351170568561873 0.23076923076923078 0.10702341137123746
6 0.11371237458193979 0.0451505016722408 0.225752508361204 0.0903010033444816
6 0.20066889632107024 0.7725752508361204 0.22742474916387959 0.21739130434782608
6 0.8377926421404682 0.14046822742474915 0.22408026755852842 0.20903010033444816
6 0.9481605351170569 0.9046822742474916 0.10033444816053512 0.19063545150501673
6 0.6304347826086957 0.9464882943143813 0.2508361204013378 0.10702341137123746
6 0.9163879598662207 0.5317725752508361 0.16555183946488294 0.2525083612040134
6 0.7775919732441472 0.5150501672240803 0.21237458193979933 0.25585284280936454
6 0.11705685618729098 0.9347826086956522 0.23411371237458195 0.13043478260869565
6 0.7909698996655519 0.7976588628762542 0.24749163879598662 0.2608695652173913
6 0.42642140468227424 0.8779264214046822 0.2408026755852843 0.24247491638795987
6 0.18394648829431437 0.38127090301003347 0.23578595317725753 0.2491638795986622