4 0.5367892976588629 0.5083612040133779 0.5167224080267558 0.5652173913043478
6 0.033444816053511704 0.7240802675585284 0.06688963210702341 0.23076923076923078
6 0.9782608695652174 0.8612040133779264 0.04180602006688963 0.2608695652173913
6 0.939799331103679 0.3712374581939799 0.11872909698996656 0.2391304347826087
6 0.4280936454849498 0.7374581939799331 0.22742474916387959 0.20234113712374582
6 0.3093645484949833 0.40468227424749165 0.18227424749163879 0.23745819397993312
6 0.23244147157190637 0.5301003344481605 0.2408026755852843 0.2491638795986622
6 0.3762541806020067 0.0903010033444816 0.19732441471571907 0.17892976588628762
6 0.9264214046822743 0.6906354515050167 0.14715719063545152 0.21237458193979933
6 0.23076923076923078 0.14046822742474915 0.20234113712374582 0.2725752508361204
6 0.7759197324414716 0.12374581939799331 0.20735785953177258 0.24749163879598662
6 0.5852842809364549 0.08862876254180602 0.22073578595317725 0.17725752508361203
6 0.6872909698996655 0.7775919732441472 0.2391304347826087 0.22909698996655517
6 0.07190635451505016 0.9247491638795987 0.14214046822742474 0.14715719063545152
6 0.08361204013377926 0.5501672240802675 0.16555183946488294 0.24581939799331104
6 0.8846153846153846 0.2608695652173913 0.22240802675585283 0.23244147157190637
6 0.0903010033444816 0.12207357859531773 0.1806020066889632 0.24414715719063546
6 0.225752508361204 0.7809364548494984 0.25585284280936454 0.225752508361204