6 0.8010033444816054 0.6321070234113713 0.21739130434782608 0.22909698996655517
6 0.6070234113712375 0.06020066889632107 0.2591973244147157 0.12040133779264214
6 0.5301003344481605 0.03511705685618729 0.22909698996655517 0.07023411371237458
6 0.9682274247491639 0.3528428093645485 0.061872909698996656 0.25418060200668896
6 0.9698996655518395 0.7157190635451505 0.06020066889632107 0.27424749163879597
6 0.8645484949832776 0.03511705685618729 0.22742474916387959 0.07023411371237458
6 0.8578595317725752 0.5735785953177257 0.2826086956521739 0.2692307692307692
6 0.9498327759197325 0.919732441471572 0.10033444816053512 0.15384615384615385
6 0.9130434782608695 0.2725752508361204 0.17391304347826086 0.23076923076923078
6 0.8779264214046822 0.10702341137123746 0.21906354515050167 0.205685618729097
6 0.7107023411371237 0.26755852842809363 0.24749163879598662 0.2608695652173913
6 0.45484949832775917 0.9698996655518395 0.3177257525083612 0.06020066889632107
6 0.8846153846153846 0.931438127090301 0.22909698996655517 0.13712374581939799
4 0.5083612040133779 0.5050167224080268 0.40635451505016723 0.4013377926421405
6 0.07190635451505016 0.31605351170568563 0.14381270903010032 0.2391304347826087
6 0.2976588628762542 0.24247491638795987 0.225752508361204 0.225752508361204
6 0.5016722408026756 0.20903010033444816 0.22742474916387959 0.225752508361204
6 0.12040133779264214 0.12374581939799331 0.2391304347826087 0.225752508361204
6 0.19230769230769232 0.4782608695652174 0.26421404682274247 0.3076923076923077
6 0.5919732441471572 0.8277591973244147 0.24414715719063546 0.23745819397993312
6 0.35785953177257523 0.802675585284281 0.24749163879598662 0.24749163879598662
6 0.07859531772575251 0.717391304347826 0.15719063545150502 0.24581939799331104