4 0.5117056856187291 0.49331103678929766 0.411371237458194 0.4414715719063545
6 0.8260869565217391 0.028428093645484948 0.24749163879598662 0.056856187290969896
6 0.030100334448160536 0.6839464882943144 0.06020066889632107 0.2408026755852843
6 0.959866220735786 0.0903010033444816 0.0802675585284281 0.1806020066889632
6 0.04180602006688963 0.9214046822742475 0.08361204013377926 0.15719063545150502
6 0.2725752508361204 0.38461538461538464 0.22909698996655517 0.25418060200668896
6 0.5384615384615384 0.9247491638795987 0.24581939799331104 0.1505016722408027
6 0.9214046822742475 0.7240802675585284 0.15551839464882944 0.2625418060200669
6 0.8394648829431438 0.2993311036789298 0.26421404682274247 0.2408026755852843
6 0.17892976588628762 0.7324414715719063 0.23578595317725753 0.21237458193979933
6 0.7993311036789298 0.1688963210702341 0.23244147157190637 0.22742474916387959
6 0.3695652173913043 0.08695652173913043 0.23745819397993312 0.17391304347826086
6 0.11705685618729098 0.5150501672240803 0.23411371237458195 0.2508361204013378
6 0.8879598662207357 0.9264214046822743 0.22408026755852842 0.14715719063545152
6 0.7157190635451505 0.7274247491638796 0.2391304347826087 0.2591973244147157
6 0.15551839464882944 0.18227424749163879 0.3110367892976589 0.2692307692307692
6 0.3110367892976589 0.8913043478260869 0.27424749163879597 0.21739130434782608
6 0.8411371237458194 0.5367892976588629 0.23578595317725753 0.2391304347826087
6 0.560200668896321 0.18394648829431437 0.2625418060200669 0.23244147157190637
6 0.1806020066889632 0.9163879598662207 0.21237458193979933 0.16555183946488294