6 0.637123745819398 0.03177257525083612 0.22742474916387959 0.06354515050167224
6 0.7307692307692307 0.5367892976588629 0.2709030100334448 0.3177257525083612
4 0.49665551839464883 0.49331103678929766 0.451505016722408 0.4665551839464883
6 0.979933110367893 0.2809364548494983 0.038461538461538464 0.25418060200668896
6 0.9130434782608695 0.9264214046822743 0.17391304347826086 0.14715719063545152
6 0.2792642140468227 0.9615384615384616 0.2792642140468227 0.07692307692307693
6 0.9347826086956522 0.48494983277591974 0.13043478260869565 0.25418060200668896
6 0.560200668896321 0.9648829431438127 0.2625418060200669 0.06856187290969899
6 0.14046822742474915 0.023411371237458192 0.26755852842809363 0.046822742474916385
6 0.1956521739130435 0.8511705685618729 0.2525083612040134 0.23578595317725753
6 0.6688963210702341 0.7625418060200669 0.23411371237458195 0.25418060200668896
6 0.22742474916387959 0.6153846153846154 0.225752508361204 0.24749163879598662
6 0.7558528428093646 0.9180602006688964 0.2408026755852843 0.16220735785953178
6 0.8160535117056856 0.06020066889632107 0.22073578595317725 0.12040133779264214
6 0.056856187290969896 0.6521739130434783 0.11204013377926421 0.24581939799331104
6 0.10869565217391304 0.11371237458193979 0.21739130434782608 0.225752508361204
6 0.8812709030100334 0.725752508361204 0.23745819397993312 0.28762541806020064
6 0.15719063545150502 0.3729096989966555 0.25585284280936454 0.2491638795986622
6 0.31605351170568563 0.20066889632107024 0.20903010033444816 0.23745819397993312
6 0.5100334448160535 0.15217391304347827 0.23578595317725753 0.25585284280936454
6 0.8528428093645485 0.26588628762541805 0.23745819397993312 0.2608695652173913