4 0.4899665551839465 0.5100334448160535 0.5484949832775919 0.5384615384615384
6 0.021739130434782608 0.2625418060200669 0.04180602006688963 0.2491638795986622
6 0.030100334448160536 0.5167224080267558 0.06020066889632107 0.2959866220735786
6 0.6204013377926422 0.030100334448160536 0.21906354515050167 0.06020066889632107
6 0.7190635451505016 0.9682274247491639 0.2909698996655518 0.061872909698996656
6 0.05351170568561873 0.9264214046822743 0.10702341137123746 0.14715719063545152
6 0.9448160535117057 0.46488294314381273 0.11036789297658862 0.24247491638795987
6 0.21237458193979933 0.9264214046822743 0.22240802675585283 0.14715719063545152
6 0.5936454849498328 0.12374581939799331 0.23578595317725753 0.2408026755852843
6 0.8076923076923077 0.41304347826086957 0.2157190635451505 0.24247491638795987
6 0.1354515050167224 0.4899665551839465 0.225752508361204 0.2508361204013378
6 0.23076923076923078 0.12374581939799331 0.24581939799331104 0.2391304347826087
6 0.411371237458194 0.8561872909698997 0.2391304347826087 0.2408026755852843
6 0.931438127090301 0.10702341137123746 0.1354515050167224 0.2140468227424749
6 0.8745819397993311 0.6672240802675585 0.23076923076923078 0.24581939799331104