4 0.4916387959866221 0.4983277591973244 0.5183946488294314 0.5
6 0.6923076923076923 0.01839464882943144 0.1688963210702341 0.03678929765886288
6 0.9849498327759197 0.3377926421404682 0.030100334448160536 0.24581939799331104
6 0.8076923076923077 0.4816053511705686 0.2157190635451505 0.2491638795986622
6 0.8979933110367893 0.4983277591973244 0.20066889632107024 0.225752508361204
6 0.03177257525083612 0.2408026755852843 0.061872909698996656 0.2591973244147157
6 0.03511705685618729 0.5986622073578596 0.07023411371237458 0.23076923076923078
6 0.9464882943143813 0.6588628762541806 0.10702341137123746 0.23578595317725753
6 0.36454849498327757 0.04013377926421405 0.23578595317725753 0.0802675585284281
6 0.9347826086956522 0.8913043478260869 0.13043478260869565 0.21739130434782608
6 0.32608695652173914 0.16220735785953178 0.23578595317725753 0.27424749163879597
6 0.4899665551839465 0.8210702341137124 0.24414715719063546 0.22240802675585283
6 0.919732441471572 0.11538461538461539 0.1588628762541806 0.22909698996655517
6 0.0802675585284281 0.8311036789297659 0.1588628762541806 0.2508361204013378
6 0.7558528428093646 0.8929765886287625 0.23745819397993312 0.21237458193979933
6 0.1588628762541806 0.35451505016722407 0.24749163879598662 0.2491638795986622
6 0.17892976588628762 0.6053511705685619 0.23244147157190637 0.25752508361204013