4 0.5167224080267558 0.5083612040133779 0.4665551839464883 0.4531772575250836
6 0.9113712374581939 0.016722408026755852 0.17725752508361203 0.033444816053511704
6 0.8043478260869565 0.9832775919732442 0.2508361204013378 0.033444816053511704
6 0.4916387959866221 0.023411371237458192 0.24247491638795987 0.046822742474916385
6 0.9648829431438127 0.20735785953177258 0.07023411371237458 0.24414715719063546
6 0.7140468227424749 0.038461538461538464 0.23745819397993312 0.07692307692307693
6 0.1688963210702341 0.046822742474916385 0.23076923076923078 0.09364548494983277
6 0.1588628762541806 0.7441471571906354 0.23745819397993312 0.23578595317725753
6 0.9347826086956522 0.6003344481605352 0.13043478260869565 0.23076923076923078
6 0.7792642140468228 0.7073578595317725 0.22909698996655517 0.23244147157190637
6 0.596989966555184 0.9080267558528428 0.225752508361204 0.18227424749163879
6 0.8411371237458194 0.8511705685618729 0.24247491638795987 0.22408026755852842
6 0.07357859531772576 0.1956521739130435 0.14715719063545152 0.21739130434782608
6 0.8193979933110368 0.40635451505016723 0.22909698996655517 0.225752508361204
6 0.5317725752508361 0.1605351170568562 0.23244147157190637 0.2391304347826087
6 0.35785953177257523 0.8862876254180602 0.2408026755852843 0.22742474916387959
6 0.10535117056856187 0.9331103678929766 0.21070234113712374 0.13210702341137123
6 0.13043478260869565 0.459866220735786 0.24247491638795987 0.24247491638795987
6 0.782608695652174 0.17892976588628762 0.24414715719063546 0.2140468227424749
6 0.2625418060200669 0.26421404682274247 0.2408026755852843 0.23578595317725753
6 0.25585284280936454 0.657190635451505 0.21739130434782608 0.22742474916387959