6 0.6939799331103679 0.011705685618729096 0.2976588628762542 0.021739130434782608
4 0.5117056856187291 0.5234113712374582 0.4531772575250836 0.47491638795986624
6 0.35451505016722407 0.04013377926421405 0.3210702341137124 0.0802675585284281
6 0.9481605351170569 0.35618729096989965 0.10367892976588629 0.2591973244147157
6 0.2140468227424749 0.26755852842809363 0.2792642140468227 0.22909698996655517
6 0.9448160535117057 0.7558528428093646 0.10869565217391304 0.28929765886287623
6 0.5535117056856187 0.9464882943143813 0.28762541806020064 0.10702341137123746
6 0.19732441471571907 0.411371237458194 0.25585284280936454 0.225752508361204
6 0.10535117056856187 0.7006688963210702 0.20903010033444816 0.2826086956521739
6 0.939799331103679 0.08528428093645485 0.11872909698996656 0.1705685618729097
6 0.10367892976588629 0.07859531772575251 0.205685618729097 0.15551839464882944
6 0.8745819397993311 0.5535117056856187 0.225752508361204 0.225752508361204
6 0.11371237458193979 0.9113712374581939 0.22742474916387959 0.17725752508361203
6 0.8712374581939799 0.9096989966555183 0.23745819397993312 0.1806020066889632
6 0.23745819397993312 0.7441471571906354 0.26755852842809363 0.27424749163879597
6 0.782608695652174 0.28762541806020064 0.28762541806020064 0.2909698996655518
6 0.7374581939799331 0.7474916387959866 0.2625418060200669 0.26421404682274247