6 0.27759197324414714 0.7926421404682275 0.2491638795986622 0.27591973244147155
6 0.979933110367893 0.5719063545150501 0.038461538461538464 0.3060200668896321
6 0.8879598662207357 0.6889632107023411 0.22408026755852842 0.29431438127090304
4 0.5016722408026756 0.5016722408026756 0.47491638795986624 0.43645484949832775
6 0.9581939799331104 0.9364548494983278 0.08361204013377926 0.12709030100334448
6 0.8277591973244147 0.30434782608695654 0.27424749163879597 0.29264214046822745
6 0.8578595317725752 0.8929765886287625 0.2826086956521739 0.2140468227424749
6 0.13377926421404682 0.540133779264214 0.26755852842809363 0.17892976588628762
6 0.3729096989966555 0.1020066889632107 0.26755852842809363 0.20234113712374582
6 0.5501672240802675 0.04180602006688963 0.2625418060200669 0.08361204013377926
6 0.9347826086956522 0.41638795986622074 0.13043478260869565 0.29264214046822745
6 0.68561872909699 0.15551839464882944 0.28762541806020064 0.22909698996655517
6 0.19732441471571907 0.3729096989966555 0.27424749163879597 0.22742474916387959
6 0.21906354515050167 0.18561872909698995 0.23745819397993312 0.205685618729097
6 0.43812709030100333 0.8461538461538461 0.24414715719063546 0.29431438127090304
6 0.12374581939799331 0.7207357859531772 0.24749163879598662 0.23578595317725753