6 0.9381270903010034 0.048494983277591976 0.11705685618729098 0.09698996655518395
4 0.4665551839464883 0.5066889632107023 0.44816053511705684 0.40301003344481606
6 0.9632107023411371 0.9130434782608695 0.06688963210702341 0.17391304347826086
6 0.0903010033444816 0.048494983277591976 0.1806020066889632 0.09698996655518395
6 0.056856187290969896 0.32274247491638797 0.11204013377926421 0.2792642140468227
6 0.8093645484949833 0.8795986622073578 0.2792642140468227 0.23745819397993312
6 0.22909698996655517 0.9264214046822743 0.3177257525083612 0.14715719063545152
6 0.8946488294314381 0.6337792642140468 0.21070234113712374 0.34448160535117056
6 0.8461538461538461 0.3210702341137124 0.29431438127090304 0.28595317725752506
6 0.5852842809364549 0.09698996655518395 0.28929765886287623 0.1939799331103679
6 0.2993311036789298 0.1454849498327759 0.2909698996655518 0.2792642140468227
6 0.13879598662207357 0.6505016722408027 0.27759197324414714 0.3093645484949833
5 0.7073578595317725 0.43812709030100333 0.09866220735785954 0.09531772575250837