6 0.6521739130434783 0.09698996655518395 0.22909698996655517 0.1939799331103679
4 0.41638795986622074 0.8327759197324415 0.41638795986622074 0.33444816053511706
6 0.5016722408026756 0.06688963210702341 0.2826086956521739 0.13377926421404682
2 0.49498327759197325 0.46321070234113715 0.36454849498327757 0.41304347826086957
6 0.05518394648829431 0.9548494983277592 0.10869565217391304 0.08862876254180602
6 0.01839464882943144 0.2625418060200669 0.03678929765886288 0.24581939799331104
6 0.9565217391304348 0.15551839464882944 0.08695652173913043 0.2525083612040134
6 0.030100334448160536 0.49331103678929766 0.06020066889632107 0.2140468227424749
6 0.033444816053511704 0.754180602006689 0.06688963210702341 0.22742474916387959
6 0.9515050167224081 0.40635451505016723 0.09698996655518395 0.23745819397993312
6 0.9615384615384616 0.8394648829431438 0.07692307692307693 0.25418060200668896
6 0.6254180602006689 0.6287625418060201 0.2140468227424749 0.20735785953177258
6 0.13712374581939799 0.8578595317725752 0.23578595317725753 0.2826086956521739
6 0.8444816053511706 0.7658862876254181 0.19732441471571907 0.21070234113712374
6 0.28762541806020064 0.09866220735785954 0.20234113712374582 0.19732441471571907
6 0.6688963210702341 0.9247491638795987 0.2140468227424749 0.1505016722408027
6 0.8327759197324415 0.10033444816053512 0.24414715719063546 0.20066889632107024
6 0.6688963210702341 0.2692307692307692 0.23411371237458195 0.2157190635451505
6 0.7207357859531772 0.7692307692307693 0.20234113712374582 0.20735785953177258
6 0.8996655518394648 0.5819397993311036 0.20066889632107024 0.22742474916387959