6 0.24414715719063546 0.8812709030100334 0.2508361204013378 0.23745819397993312
6 0.10535117056856187 0.9816053511705686 0.20903010033444816 0.03678929765886288
6 0.23411371237458195 0.06354515050167224 0.2842809364548495 0.12709030100334448
6 0.1939799331103679 0.3862876254180602 0.24247491638795987 0.24414715719063546
6 0.08193979933110368 0.030100334448160536 0.16220735785953178 0.06020066889632107
4 0.4899665551839465 0.48327759197324416 0.5050167224080268 0.5284280936454849
6 0.5451505016722408 0.02508361204013378 0.3394648829431438 0.05016722408026756
6 0.2842809364548495 0.8093645484949833 0.2725752508361204 0.29264214046822745
6 0.6688963210702341 0.7892976588628763 0.24581939799331104 0.2692307692307692
6 0.04180602006688963 0.4665551839464883 0.08361204013377926 0.2709030100334448
6 0.056856187290969896 0.1939799331103679 0.11371237458193979 0.2625418060200669
6 0.18227424749163879 0.22240802675585283 0.20735785953177258 0.20903010033444816
6 0.16722408026755853 0.520066889632107 0.225752508361204 0.2709030100334448
6 0.8762541806020067 0.23244147157190637 0.23411371237458195 0.23578595317725753
6 0.3411371237458194 0.09698996655518395 0.23745819397993312 0.1939799331103679
6 0.6822742474916388 0.8929765886287625 0.22408026755852842 0.21070234113712374
6 0.6789297658862876 0.14046822742474915 0.29264214046822745 0.2709030100334448
6 0.4698996655518395 0.9163879598662207 0.2508361204013378 0.16722408026755853
6 0.09197324414715718 0.754180602006689 0.18227424749163879 0.2842809364548495
6 0.8946488294314381 0.7491638795986622 0.20903010033444816 0.24581939799331104
6 0.8795986622073578 0.9147157190635451 0.2408026755852843 0.1705685618729097
6 0.8311036789297659 0.4866220735785953 0.25418060200668896 0.2792642140468227