6 0.07859531772575251 0.16722408026755853 0.15719063545150502 0.3193979933110368
6 0.979933110367893 0.31270903010033446 0.038461538461538464 0.18896321070234115
6 0.17391304347826086 0.8929765886287625 0.2408026755852843 0.21237458193979933
6 0.19899665551839466 0.06354515050167224 0.22408026755852842 0.12709030100334448
4 0.5367892976588629 0.4866220735785953 0.43645484949832775 0.4397993311036789
6 0.033444816053511704 0.3896321070234114 0.06688963210702341 0.2391304347826087
6 0.2408026755852843 0.1354515050167224 0.2508361204013378 0.23578595317725753
6 0.802675585284281 0.8695652173913043 0.24581939799331104 0.2591973244147157
6 0.0903010033444816 0.9615384615384616 0.1806020066889632 0.07692307692307693
6 0.26588628762541805 0.8979933110367893 0.26421404682274247 0.2040133779264214
6 0.6020066889632107 0.9464882943143813 0.2391304347826087 0.10702341137123746
6 0.43478260869565216 0.07357859531772576 0.2608695652173913 0.14715719063545152
6 0.9464882943143813 0.7357859531772575 0.10702341137123746 0.27424749163879597
6 0.9113712374581939 0.9347826086956522 0.17725752508361203 0.13043478260869565
6 0.17725752508361203 0.4280936454849498 0.28762541806020064 0.2909698996655518
6 0.9096989966555183 0.07859531772575251 0.17892976588628762 0.15719063545150502
6 0.6454849498327759 0.7709030100334449 0.2508361204013378 0.2508361204013378
6 0.842809364548495 0.3377926421404682 0.26588628762541805 0.25418060200668896