6 0.9498327759197325 0.9732441471571907 0.10033444816053512 0.05351170568561873
6 0.056856187290969896 0.030100334448160536 0.11371237458193979 0.06020066889632107
6 0.016722408026755852 0.6220735785953178 0.033444816053511704 0.24749163879598662
6 0.24247491638795987 0.023411371237458192 0.24247491638795987 0.046822742474916385
4 0.4698996655518395 0.5033444816053512 0.48327759197324416 0.43812709030100333
6 0.5033444816053512 0.04013377926421405 0.24414715719063546 0.0802675585284281
6 0.9732441471571907 0.12040133779264214 0.05351170568561873 0.21739130434782608
6 0.02508361204013378 0.2040133779264214 0.05016722408026756 0.2508361204013378
6 0.6003344481605352 0.9648829431438127 0.2391304347826087 0.07023411371237458
6 0.22073578595317725 0.9581939799331104 0.2709030100334448 0.08361204013377926
6 0.9615384615384616 0.5635451505016722 0.07692307692307693 0.26421404682274247
6 0.8729096989966555 0.046822742474916385 0.23411371237458195 0.09364548494983277
6 0.939799331103679 0.3311036789297659 0.12040133779264214 0.22408026755852842
6 0.8193979933110368 0.5986622073578596 0.22408026755852842 0.2391304347826087
6 0.1605351170568562 0.4882943143812709 0.2140468227424749 0.20735785953177258
6 0.17725752508361203 0.09364548494983277 0.2157190635451505 0.18561872909698995
6 0.7324414715719063 0.2391304347826087 0.2391304347826087 0.225752508361204
6 0.5535117056856187 0.8160535117056856 0.25418060200668896 0.2391304347826087
6 0.13712374581939799 0.2976588628762542 0.24247491638795987 0.22742474916387959
6 0.11036789297658862 0.7123745819397993 0.2140468227424749 0.2391304347826087
6 0.2993311036789298 0.8327759197324415 0.2508361204013378 0.23076923076923078
6 0.9046822742474916 0.8913043478260869 0.19063545150501673 0.21739130434782608