6 0.11705685618729098 0.8879598662207357 0.20234113712374582 0.22408026755852842
6 0.056856187290969896 0.11705685618729098 0.10869565217391304 0.21237458193979933
6 0.023411371237458192 0.08528428093645485 0.043478260869565216 0.1705685618729097
6 0.391304347826087 0.048494983277591976 0.23411371237458195 0.09698996655518395
4 0.4698996655518395 0.5066889632107023 0.5217391304347826 0.4080267558528428
6 0.19732441471571907 0.13043478260869565 0.25418060200668896 0.2591973244147157
6 0.31438127090301005 0.0903010033444816 0.2826086956521739 0.1806020066889632
6 0.8795986622073578 0.9581939799331104 0.2391304347826087 0.08361204013377926
6 0.9682274247491639 0.5050167224080268 0.061872909698996656 0.2591973244147157
6 0.21739130434782608 0.8394648829431438 0.22408026755852842 0.21739130434782608
6 0.939799331103679 0.7608695652173914 0.12040133779264214 0.2709030100334448
6 0.056856187290969896 0.677257525083612 0.11204013377926421 0.23076923076923078
6 0.21739130434782608 0.6739130434782609 0.24749163879598662 0.2391304347826087
6 0.05518394648829431 0.2809364548494983 0.11036789297658862 0.24581939799331104
6 0.8210702341137124 0.43645484949832775 0.2709030100334448 0.2959866220735786
6 0.8127090301003345 0.08361204013377926 0.25418060200668896 0.16722408026755853
6 0.5284280936454849 0.23076923076923078 0.26588628762541805 0.23076923076923078
6 0.7508361204013378 0.31438127090301005 0.225752508361204 0.2408026755852843
6 0.7591973244147158 0.9013377926421404 0.28762541806020064 0.19732441471571907
6 0.754180602006689 0.6939799331103679 0.24581939799331104 0.2391304347826087
6 0.6003344481605352 0.07190635451505016 0.22408026755852842 0.14381270903010032
6 0.16722408026755853 0.4230769230769231 0.24749163879598662 0.2508361204013378
6 0.5100334448160535 0.9096989966555183 0.2508361204013378 0.1806020066889632