6 0.42474916387959866 0.7658862876254181 0.28595317725752506 0.21739130434782608
6 0.3528428093645485 0.802675585284281 0.27424749163879597 0.19899665551839466
4 0.45652173913043476 0.4531772575250836 0.46321070234113715 0.4280936454849498
6 0.5785953177257525 0.9665551839464883 0.2625418060200669 0.06688963210702341
6 0.8662207357859532 0.6337792642140468 0.2508361204013378 0.2976588628762542
6 0.7140468227424749 0.07357859531772576 0.27759197324414714 0.14715719063545152
6 0.0802675585284281 0.431438127090301 0.1588628762541806 0.26588628762541805
6 0.0903010033444816 0.7625418060200669 0.17892976588628762 0.22408026755852842
6 0.10535117056856187 0.931438127090301 0.21070234113712374 0.13712374581939799
6 0.6137123745819398 0.6906354515050167 0.31270903010033446 0.27591973244147155
6 0.9364548494983278 0.38294314381270905 0.12709030100334448 0.23076923076923078
6 0.1454849498327759 0.14381270903010032 0.2909698996655518 0.28762541806020064
6 0.4983277591973244 0.0802675585284281 0.27424749163879597 0.1588628762541806
6 0.8745819397993311 0.07692307692307693 0.2508361204013378 0.15384615384615385
6 0.12040133779264214 0.5301003344481605 0.2408026755852843 0.2508361204013378
6 0.9180602006688964 0.8896321070234113 0.16387959866220736 0.22073578595317725