6 0.09531772575250837 0.015050167224080268 0.18729096989966554 0.030100334448160536
4 0.5083612040133779 0.5301003344481605 0.44481605351170567 0.40301003344481606
6 0.7357859531772575 0.9849498327759197 0.2508361204013378 0.030100334448160536
6 0.2140468227424749 0.9665551839464883 0.22408026755852842 0.06688963210702341
6 0.048494983277591976 0.4280936454849498 0.09698996655518395 0.26755852842809363
6 0.05351170568561873 0.7859531772575251 0.10702341137123746 0.25585284280936454
6 0.5317725752508361 0.07525083612040134 0.23578595317725753 0.1505016722408027
6 0.3979933110367893 0.8244147157190636 0.23578595317725753 0.23076923076923078
6 0.931438127090301 0.21739130434782608 0.13712374581939799 0.2408026755852843
6 0.21739130434782608 0.3494983277591973 0.225752508361204 0.24414715719063546
6 0.677257525083612 0.7575250836120402 0.24247491638795987 0.21070234113712374
6 0.842809364548495 0.3996655518394649 0.2525083612040134 0.2408026755852843
6 0.7525083612040134 0.11371237458193979 0.225752508361204 0.225752508361204
6 0.5250836120401338 0.9096989966555183 0.22909698996655517 0.17892976588628762
6 0.8996655518394648 0.754180602006689 0.20066889632107024 0.24414715719063546
6 0.205685618729097 0.7090301003344481 0.2157190635451505 0.2491638795986622