6 0.3210702341137124 0.862876254180602 0.28929765886287623 0.26421404682274247
6 0.8662207357859532 0.7959866220735786 0.24749163879598662 0.29431438127090304
4 0.5083612040133779 0.5117056856187291 0.35618729096989965 0.5852842809364549
6 0.9096989966555183 0.7274247491638796 0.1806020066889632 0.25752508361204013
5 0.782608695652174 0.2608695652173913 0.10869565217391304 0.1020066889632107
6 0.7341137123745819 0.056856187290969896 0.22909698996655517 0.11204013377926421
6 0.09364548494983277 0.9264214046822743 0.18561872909698995 0.14715719063545152
6 0.1020066889632107 0.8327759197324415 0.2040133779264214 0.2608695652173913
6 0.05518394648829431 0.08528428093645485 0.11036789297658862 0.1705685618729097
6 0.35785953177257523 0.9247491638795987 0.29264214046822745 0.14715719063545152
6 0.9096989966555183 0.07859531772575251 0.17725752508361203 0.15719063545150502
6 0.09866220735785954 0.580267558528428 0.19732441471571907 0.27424749163879597
6 0.7809364548494984 0.5468227424749164 0.25752508361204013 0.31270903010033446
6 0.9046822742474916 0.33444816053511706 0.18561872909698995 0.2792642140468227
6 0.11872909698996656 0.3277591973244147 0.23578595317725753 0.2692307692307692
6 0.5117056856187291 0.11204013377926421 0.3076923076923077 0.22408026755852842
6 0.24247491638795987 0.13377926421404682 0.2842809364548495 0.26755852842809363
6 0.6137123745819398 0.8678929765886287 0.27759197324414714 0.26421404682274247
5 0.21739130434782608 0.697324414715719 0.10702341137123746 0.11204013377926421