6 0.9782608695652174 0.8193979933110368 0.043478260869565216 0.2692307692307692
6 0.03678929765886288 0.03177257525083612 0.07357859531772576 0.06020066889632107
6 0.3394648829431438 0.08193979933110368 0.25752508361204013 0.16387959866220736
4 0.5100334448160535 0.5117056856187291 0.3862876254180602 0.46321070234113715
6 0.9548494983277592 0.04180602006688963 0.08528428093645485 0.08361204013377926
6 0.22073578595317725 0.24749163879598662 0.2625418060200669 0.22909698996655517
6 0.2692307692307692 0.3411371237458194 0.225752508361204 0.21739130434782608
6 0.3595317725752508 0.03177257525083612 0.27759197324414714 0.061872909698996656
6 0.08695652173913043 0.4230769230769231 0.17391304347826086 0.23745819397993312
6 0.6421404682274248 0.8729096989966555 0.27591973244147155 0.2525083612040134
6 0.046822742474916385 0.7357859531772575 0.09364548494983277 0.2725752508361204
6 0.959866220735786 0.16220735785953178 0.0802675585284281 0.21739130434782608
6 0.6020066889632107 0.0451505016722408 0.2692307692307692 0.08862876254180602
6 0.4665551839464883 0.1939799331103679 0.27424749163879597 0.225752508361204
6 0.3277591973244147 0.8177257525083612 0.23745819397993312 0.24247491638795987
6 0.1454849498327759 0.8294314381270903 0.2391304347826087 0.25752508361204013
6 0.9381270903010034 0.48494983277591974 0.12374581939799331 0.28762541806020064
6 0.048494983277591976 0.9230769230769231 0.09698996655518395 0.14715719063545152
6 0.9180602006688964 0.7374581939799331 0.16220735785953178 0.2591973244147157
6 0.8979933110367893 0.2608695652173913 0.20234113712374582 0.225752508361204
6 0.8779264214046822 0.9548494983277592 0.24414715719063546 0.0903010033444816
6 0.8394648829431438 0.08695652173913043 0.24749163879598662 0.17391304347826086
6 0.7107023411371237 0.7675585284280937 0.26588628762541805 0.24247491638795987
6 0.08361204013377926 0.1488294314381271 0.16722408026755853 0.25752508361204013
6 0.7709030100334449 0.35785953177257523 0.21739130434782608 0.2408026755852843
6 0.23244147157190637 0.6187290969899666 0.25752508361204013 0.23076923076923078