6 0.9481605351170569 0.7140468227424749 0.10367892976588629 0.24414715719063546
4 0.782608695652174 0.11036789297658862 0.42474916387959866 0.22073578595317725
6 0.6822742474916388 0.2826086956521739 0.2157190635451505 0.225752508361204
6 0.4297658862876254 0.026755852842809364 0.21070234113712374 0.05351170568561873
5 0.11371237458193979 0.391304347826087 0.10033444816053512 0.10367892976588629
6 0.051839464882943144 0.2792642140468227 0.10367892976588629 0.2508361204013378
6 0.9280936454849499 0.6438127090301003 0.14381270903010032 0.2976588628762542
2 0.42642140468227424 0.4214046822742475 0.4682274247491639 0.5150501672240803
6 0.7591973244147158 0.9448160535117057 0.2391304347826087 0.10869565217391304
6 0.7408026755852842 0.8595317725752508 0.2408026755852843 0.20234113712374582
6 0.9331103678929766 0.9096989966555183 0.13210702341137123 0.17892976588628762
6 0.5869565217391305 0.20903010033444816 0.23745819397993312 0.225752508361204
6 0.13879598662207357 0.9297658862876255 0.23244147157190637 0.14046822742474915
6 0.15551839464882944 0.7040133779264214 0.205685618729097 0.2157190635451505
6 0.06856187290969899 0.5351170568561873 0.1354515050167224 0.2391304347826087
6 0.09698996655518395 0.08528428093645485 0.19230769230769232 0.1705685618729097
6 0.36622073578595316 0.7525083612040134 0.24581939799331104 0.23578595317725753
6 0.5836120401337793 0.7357859531772575 0.225752508361204 0.22742474916387959
6 0.47324414715719065 0.9147157190635451 0.22408026755852842 0.16722408026755853
6 0.7575250836120402 0.4899665551839465 0.26588628762541805 0.2391304347826087
6 0.28762541806020064 0.1020066889632107 0.2391304347826087 0.2040133779264214
6 0.8812709030100334 0.29431438127090304 0.23745819397993312 0.27424749163879597