6 0.5585284280936454 0.048494983277591976 0.24749163879598662 0.09531772575250837
6 0.9749163879598662 0.38461538461538464 0.05016722408026756 0.2408026755852843
6 0.9163879598662207 0.2993311036789298 0.16722408026755853 0.19899665551839466
6 0.9632107023411371 0.08528428093645485 0.07357859531772576 0.1705685618729097
6 0.08862876254180602 0.46153846153846156 0.17725752508361203 0.3010033444816054
6 0.2591973244147157 0.919732441471572 0.23244147157190637 0.1588628762541806
6 0.9715719063545151 0.8695652173913043 0.056856187290969896 0.23745819397993312
6 0.5702341137123745 0.11036789297658862 0.24414715719063546 0.2140468227424749
6 0.9615384615384616 0.6287625418060201 0.07692307692307693 0.27424749163879597
4 0.5150501672240803 0.44648829431438125 0.5117056856187291 0.5133779264214047
6 0.6672240802675585 0.754180602006689 0.22408026755852842 0.2391304347826087
6 0.47157190635451507 0.7993311036789298 0.2140468227424749 0.18227424749163879
6 0.8461538461538461 0.4782608695652174 0.21070234113712374 0.2625418060200669
6 0.3762541806020067 0.9063545150501672 0.24414715719063546 0.18729096989966554
6 0.31605351170568563 0.06856187290969899 0.2391304347826087 0.1354515050167224
6 0.8695652173913043 0.0802675585284281 0.19732441471571907 0.1588628762541806
6 0.7642140468227425 0.24749163879598662 0.21070234113712374 0.22240802675585283
6 0.18561872909698995 0.3494983277591973 0.21906354515050167 0.2608695652173913
6 0.6254180602006689 0.9264214046822743 0.23244147157190637 0.14715719063545152
6 0.8311036789297659 0.9331103678929766 0.225752508361204 0.13377926421404682
6 0.862876254180602 0.7408026755852842 0.22240802675585283 0.27424749163879597
6 0.11872909698996656 0.11204013377926421 0.23076923076923078 0.22408026755852842
6 0.1354515050167224 0.7859531772575251 0.24414715719063546 0.25585284280936454