6 0.9816053511705686 0.05518394648829431 0.03678929765886288 0.10869565217391304
6 0.8160535117056856 0.033444816053511704 0.25585284280936454 0.061872909698996656
4 0.5183946488294314 0.5434782608695652 0.5468227424749164 0.6070234113712375
6 0.9464882943143813 0.6404682274247492 0.10535117056856187 0.33444816053511706
5 0.9280936454849499 0.22742474916387959 0.06020066889632107 0.05351170568561873
6 0.8277591973244147 0.6321070234113713 0.2391304347826087 0.28929765886287623
6 0.8210702341137124 0.09197324414715718 0.2608695652173913 0.18227424749163879
6 0.4882943143812709 0.8762541806020067 0.31605351170568563 0.22240802675585283
6 0.24414715719063546 0.41304347826086957 0.2408026755852843 0.3193979933110368
6 0.9063545150501672 0.9096989966555183 0.18561872909698995 0.1806020066889632
6 0.23745819397993312 0.7391304347826086 0.2508361204013378 0.27759197324414714
6 0.10535117056856187 0.5451505016722408 0.20903010033444816 0.3076923076923077
6 0.6555183946488294 0.16387959866220736 0.2508361204013378 0.3010033444816054
6 0.15551839464882944 0.9297658862876255 0.30434782608695654 0.13879598662207357
6 0.4096989966555184 0.1454849498327759 0.2525083612040134 0.2625418060200669
6 0.13210702341137123 0.225752508361204 0.26421404682274247 0.2976588628762542