6 0.4498327759197324 0.010033444816053512 0.2408026755852843 0.020066889632107024
6 0.2959866220735786 0.9648829431438127 0.21906354515050167 0.07023411371237458
4 0.4882943143812709 0.4916387959866221 0.479933110367893 0.4916387959866221
5 0.39297658862876256 0.13043478260869565 0.11371237458193979 0.11036789297658862
6 0.038461538461538464 0.31605351170568563 0.07692307692307693 0.2591973244147157
6 0.6906354515050167 0.048494983277591976 0.24414715719063546 0.09698996655518395
6 0.038461538461538464 0.6204013377926422 0.07692307692307693 0.2909698996655518
6 0.931438127090301 0.939799331103679 0.13712374581939799 0.11872909698996656
6 0.5234113712374582 0.9230769230769231 0.2508361204013378 0.15384615384615385
6 0.1254180602006689 0.9180602006688964 0.2491638795986622 0.16387959866220736
6 0.9297658862876255 0.3779264214046823 0.14046822742474915 0.26421404682274247
6 0.4331103678929766 0.802675585284281 0.25418060200668896 0.20066889632107024
6 0.802675585284281 0.5117056856187291 0.23578595317725753 0.2709030100334448
6 0.2792642140468227 0.22408026755852842 0.22073578595317725 0.24581939799331104
6 0.15719063545150502 0.43478260869565216 0.24247491638795987 0.23745819397993312
6 0.7073578595317725 0.903010033444816 0.24414715719063546 0.1939799331103679
6 0.8929765886287625 0.15719063545150502 0.21237458193979933 0.225752508361204
6 0.14046822742474915 0.07859531772575251 0.24414715719063546 0.15719063545150502
6 0.8612040133779264 0.7374581939799331 0.27424749163879597 0.24749163879598662
6 0.6688963210702341 0.17892976588628762 0.24749163879598662 0.25418060200668896
6 0.20234113712374582 0.6672240802675585 0.25418060200668896 0.2391304347826087