5 0.046822742474916385 0.9096989966555183 0.09197324414715718 0.17892976588628762
6 0.9665551839464883 0.8177257525083612 0.06688963210702341 0.24414715719063546
6 0.2391304347826087 0.033444816053511704 0.24247491638795987 0.06521739130434782
6 0.046822742474916385 0.9113712374581939 0.09197324414715718 0.17558528428093645
6 0.8946488294314381 0.5953177257525084 0.205685618729097 0.3612040133779264
4 0.5167224080267558 0.5117056856187291 0.5150501672240803 0.5367892976588629
6 0.07023411371237458 0.705685618729097 0.14046822742474915 0.21070234113712374
6 0.7892976588628763 0.7374581939799331 0.24581939799331104 0.3093645484949833
6 0.2976588628762542 0.9163879598662207 0.24247491638795987 0.16220735785953178
6 0.9163879598662207 0.9531772575250836 0.16722408026755853 0.09197324414715718
6 0.3712374581939799 0.2491638795986622 0.2792642140468227 0.24749163879598662
6 0.45484949832775917 0.8678929765886287 0.3010033444816054 0.23076923076923078
6 0.12374581939799331 0.5367892976588629 0.23076923076923078 0.22240802675585283
6 0.3979933110367893 0.08361204013377926 0.28595317725752506 0.16555183946488294
6 0.8545150501672241 0.10033444816053512 0.2508361204013378 0.20066889632107024
6 0.14381270903010032 0.17224080267558528 0.25752508361204013 0.25418060200668896