6 0.1688963210702341 0.09197324414715718 0.3277591973244147 0.10702341137123746
6 0.0451505016722408 0.6237458193979933 0.0903010033444816 0.2692307692307692
6 0.7274247491638796 0.9448160535117057 0.3193979933110368 0.10869565217391304
6 0.7240802675585284 0.023411371237458192 0.2826086956521739 0.0451505016722408
6 0.19899665551839466 0.38127090301003347 0.24247491638795987 0.24581939799331104
6 0.8511705685618729 0.15217391304347827 0.27591973244147155 0.2608695652173913
6 0.9464882943143813 0.21070234113712374 0.10702341137123746 0.28762541806020064
6 0.09531772575250837 0.07190635451505016 0.18896321070234115 0.14214046822742474
6 0.19732441471571907 0.056856187290969896 0.2625418060200669 0.11204013377926421
4 0.5 0.5066889632107023 0.3996655518394649 0.4080267558528428
6 0.5702341137123745 0.18729096989966554 0.2976588628762542 0.2725752508361204
6 0.31270903010033446 0.9632107023411371 0.2408026755852843 0.07357859531772576
6 0.9531772575250836 0.5986622073578596 0.09364548494983277 0.24414715719063546
6 0.5953177257525084 0.7759197324414716 0.28929765886287623 0.2591973244147157
6 0.14214046822742474 0.30267558528428096 0.24414715719063546 0.26421404682274247
6 0.08193979933110368 0.5468227424749164 0.16220735785953178 0.23244147157190637
6 0.10869565217391304 0.939799331103679 0.21739130434782608 0.12040133779264214
6 0.9331103678929766 0.8996655518394648 0.13210702341137123 0.20066889632107024
6 0.4882943143812709 0.8862876254180602 0.26421404682274247 0.22408026755852842
6 0.8377926421404682 0.7240802675585284 0.2692307692307692 0.25418060200668896
6 0.8394648829431438 0.46321070234113715 0.2625418060200669 0.2809364548494983
6 0.23578595317725753 0.6555183946488294 0.225752508361204 0.23745819397993312