4 0.5133779264214047 0.5066889632107023 0.520066889632107 0.5284280936454849
6 0.0451505016722408 0.5702341137123745 0.08862876254180602 0.23244147157190637
6 0.782608695652174 0.9698996655518395 0.26755852842809363 0.06020066889632107
6 0.9715719063545151 0.2826086956521739 0.056856187290969896 0.2508361204013378
6 0.7090301003344481 0.919732441471572 0.22408026755852842 0.1605351170568562
6 0.8963210702341137 0.6906354515050167 0.205685618729097 0.24414715719063546
6 0.06020066889632107 0.16220735785953178 0.11872909698996656 0.2491638795986622
6 0.7040133779264214 0.7993311036789298 0.22408026755852842 0.23076923076923078
6 0.056856187290969896 0.903010033444816 0.11204013377926421 0.19230769230769232
6 0.19732441471571907 0.560200668896321 0.22240802675585283 0.34782608695652173
6 0.22073578595317725 0.10033444816053512 0.27424749163879597 0.20066889632107024
6 0.4782608695652174 0.1020066889632107 0.23578595317725753 0.20234113712374582
6 0.2491638795986622 0.8913043478260869 0.25585284280936454 0.21739130434782608
6 0.8193979933110368 0.3177257525083612 0.2508361204013378 0.2709030100334448