3 0.7290969899665551 0.9180602006688964 0.48494983277591974 0.1588628762541806
6 0.05518394648829431 0.9481605351170569 0.11036789297658862 0.10367892976588629
6 0.15384615384615385 0.9632107023411371 0.28762541806020064 0.07357859531772576
6 0.9849498327759197 0.25418060200668896 0.030100334448160536 0.2608695652173913
6 0.7725752508361204 0.2826086956521739 0.26588628762541805 0.1939799331103679
6 0.8612040133779264 0.8545150501672241 0.27591973244147155 0.2792642140468227
4 0.45484949832775917 0.5 0.617056856187291 0.6070234113712375
6 0.7692307692307693 0.6555183946488294 0.3060200668896321 0.3076923076923077
6 0.903010033444816 0.4983277591973244 0.1939799331103679 0.2909698996655518
6 0.34615384615384615 0.882943143812709 0.2976588628762542 0.23244147157190637
6 0.2976588628762542 0.1354515050167224 0.30267558528428096 0.23745819397993312