6 0.03177257525083612 0.048494983277591976 0.06354515050167224 0.09698996655518395
4 0.5301003344481605 0.47324414715719065 0.4397993311036789 0.459866220735786
6 0.01839464882943144 0.5217391304347826 0.03678929765886288 0.27424749163879597
6 0.016722408026755852 0.8913043478260869 0.033444816053511704 0.21739130434782608
6 0.9347826086956522 0.697324414715719 0.13043478260869565 0.25585284280936454
6 0.7642140468227425 0.028428093645484948 0.25585284280936454 0.056856187290969896
6 0.362876254180602 0.9498327759197325 0.2976588628762542 0.10033444816053512
6 0.07357859531772576 0.20903010033444816 0.14715719063545152 0.26421404682274247
6 0.5418060200668896 0.05351170568561873 0.23578595317725753 0.10702341137123746
6 0.6789297658862876 0.17725752508361203 0.25418060200668896 0.2591973244147157
6 0.7424749163879598 0.822742474916388 0.25752508361204013 0.28595317725752506
6 0.8277591973244147 0.2909698996655518 0.2909698996655518 0.26755852842809363
6 0.13712374581939799 0.4180602006688963 0.27424749163879597 0.26421404682274247
6 0.5735785953177257 0.9013377926421404 0.2709030100334448 0.19732441471571907
6 0.862876254180602 0.520066889632107 0.2709030100334448 0.24414715719063546
6 0.3695652173913043 0.19063545150501673 0.28929765886287623 0.2508361204013378
6 0.9130434782608695 0.8929765886287625 0.17391304347826086 0.20735785953177258
6 0.26755852842809363 0.705685618729097 0.2826086956521739 0.23244147157190637
6 0.18394648829431437 0.10535117056856187 0.2792642140468227 0.21070234113712374