2 0.5384615384615384 0.459866220735786 0.4397993311036789 0.46321070234113715
6 0.16220735785953178 0.979933110367893 0.2608695652173913 0.038461538461538464
6 0.9331103678929766 0.6906354515050167 0.13377926421404682 0.225752508361204
6 0.056856187290969896 0.1939799331103679 0.11204013377926421 0.2826086956521739
6 0.1354515050167224 0.7558528428093646 0.2608695652173913 0.2491638795986622
6 0.20234113712374582 0.44481605351170567 0.2608695652173913 0.24247491638795987
6 0.1020066889632107 0.051839464882943144 0.20234113712374582 0.10367892976588629
6 0.9698996655518395 0.47491638795986624 0.06020066889632107 0.24581939799331104
6 0.1020066889632107 0.3511705685618729 0.20234113712374582 0.23578595317725753
6 0.6120401337792643 0.033444816053511704 0.2625418060200669 0.06521739130434782
6 0.8645484949832776 0.04013377926421405 0.2508361204013378 0.0802675585284281
6 0.2993311036789298 0.056856187290969896 0.24414715719063546 0.11204013377926421
6 0.7675585284280937 0.6354515050167224 0.27591973244147155 0.2608695652173913
6 0.30267558528428096 0.6454849498327759 0.23578595317725753 0.24247491638795987
6 0.8979933110367893 0.9531772575250836 0.2040133779264214 0.08695652173913043
6 0.4765886287625418 0.8127090301003345 0.22240802675585283 0.225752508361204
6 0.3745819397993311 0.22073578595317725 0.3076923076923077 0.27424749163879597
6 0.637123745819398 0.1688963210702341 0.2826086956521739 0.2591973244147157
6 0.11204013377926421 0.8745819397993311 0.22408026755852842 0.23745819397993312
6 0.3294314381270903 0.8946488294314381 0.23578595317725753 0.21070234113712374
6 0.862876254180602 0.81438127090301 0.27424749163879597 0.25585284280936454
6 0.862876254180602 0.36789297658862874 0.23244147157190637 0.25752508361204013
6 0.6254180602006689 0.903010033444816 0.24749163879598662 0.1939799331103679
5 0.05518394648829431 0.6555183946488294 0.11036789297658862 0.1354515050167224