3 0.931438127090301 0.782608695652174 0.13712374581939799 0.3996655518394649
6 0.020066889632107024 0.362876254180602 0.04013377926421405 0.22909698996655517
3 0.5819397993311036 0.5 0.4331103678929766 0.5434782608695652
6 0.06688963210702341 0.4230769230769231 0.13210702341137123 0.2976588628762542
6 0.8344481605351171 0.959866220735786 0.3060200668896321 0.07859531772575251
6 0.08695652173913043 0.540133779264214 0.17391304347826086 0.21237458193979933
6 0.3511705685618729 0.9698996655518395 0.27424749163879597 0.06020066889632107
5 0.5551839464882943 0.03511705685618729 0.07692307692307693 0.07023411371237458
6 0.9063545150501672 0.09364548494983277 0.18561872909698995 0.18394648829431437
6 0.038461538461538464 0.08528428093645485 0.07692307692307693 0.1688963210702341
6 0.717391304347826 0.04180602006688963 0.22408026755852842 0.08361204013377926
6 0.07023411371237458 0.16722408026755853 0.14046822742474915 0.205685618729097
6 0.5434782608695652 0.14715719063545152 0.2491638795986622 0.25418060200668896
6 0.08862876254180602 0.9581939799331104 0.17725752508361203 0.08361204013377926
6 0.17558528428093645 0.06020066889632107 0.23745819397993312 0.11872909698996656
6 0.9297658862876255 0.4682274247491639 0.13879598662207357 0.2508361204013378
6 0.7859531772575251 0.882943143812709 0.24247491638795987 0.22408026755852842
6 0.7357859531772575 0.18227424749163879 0.22240802675585283 0.21070234113712374
6 0.1688963210702341 0.23076923076923078 0.2408026755852843 0.22408026755852842
6 0.26755852842809363 0.3779264214046823 0.2391304347826087 0.22742474916387959
6 0.9113712374581939 0.25418060200668896 0.17725752508361203 0.225752508361204
6 0.26421404682274247 0.6120401337792643 0.225752508361204 0.23745819397993312
6 0.08695652173913043 0.6605351170568562 0.17391304347826086 0.23745819397993312
6 0.3745819397993311 0.08193979933110368 0.22240802675585283 0.16220735785953178
6 0.5100334448160535 0.8645484949832776 0.27591973244147155 0.24749163879598662
6 0.17725752508361203 0.8327759197324415 0.2709030100334448 0.23076923076923078