4 0.4899665551839465 0.5317725752508361 0.46488294314381273 0.48494983277591974
6 0.7107023411371237 0.9849498327759197 0.2842809364548495 0.030100334448160536
6 0.9715719063545151 0.20066889632107024 0.056856187290969896 0.2408026755852843
6 0.8578595317725752 0.23244147157190637 0.21739130434782608 0.19732441471571907
6 0.41304347826086957 0.016722408026755852 0.25752508361204013 0.033444816053511704
6 0.030100334448160536 0.09531772575250837 0.06020066889632107 0.19063545150501673
6 0.2842809364548495 0.7909698996655519 0.2842809364548495 0.27591973244147155
6 0.18227424749163879 0.9715719063545151 0.24414715719063546 0.056856187290969896
6 0.39297658862876256 0.9565217391304348 0.22742474916387959 0.08528428093645485
6 0.9381270903010034 0.6220735785953178 0.12374581939799331 0.25585284280936454
6 0.09698996655518395 0.3511705685618729 0.1939799331103679 0.3010033444816054
6 0.9096989966555183 0.520066889632107 0.1806020066889632 0.23745819397993312
6 0.8127090301003345 0.28929765886287623 0.29431438127090304 0.3010033444816054
6 0.27759197324414714 0.2608695652173913 0.2391304347826087 0.20903010033444816
6 0.6688963210702341 0.05852842809364549 0.23076923076923078 0.11705685618729098
6 0.19230769230769232 0.08862876254180602 0.3110367892976589 0.17725752508361203
6 0.07692307692307693 0.9130434782608695 0.15384615384615385 0.17391304347826086
6 0.1020066889632107 0.637123745819398 0.2040133779264214 0.24749163879598662
6 0.8779264214046822 0.8494983277591973 0.24247491638795987 0.23076923076923078
6 0.6454849498327759 0.8545150501672241 0.27424749163879597 0.28595317725752506
6 0.903010033444816 0.08193979933110368 0.1939799331103679 0.16387959866220736