6 0.9615384615384616 0.12374581939799331 0.07692307692307693 0.24749163879598662
4 0.49498327759197325 0.4698996655518395 0.4397993311036789 0.41638795986622074
6 0.7993311036789298 0.023411371237458192 0.2993311036789298 0.046822742474916385
6 0.11204013377926421 0.2993311036789298 0.22408026755852842 0.25752508361204013
6 0.20735785953177258 0.10367892976588629 0.2491638795986622 0.205685618729097
6 0.046822742474916385 0.7023411371237458 0.09364548494983277 0.2709030100334448
6 0.15384615384615385 0.18561872909698995 0.3076923076923077 0.33277591973244147
6 0.05351170568561873 0.9096989966555183 0.10702341137123746 0.1806020066889632
6 0.9431438127090301 0.9147157190635451 0.11371237458193979 0.1705685618729097
6 0.8996655518394648 0.3311036789297659 0.20066889632107024 0.2625418060200669
6 0.5083612040133779 0.09364548494983277 0.2591973244147157 0.18729096989966554
6 0.7608695652173914 0.8411371237458194 0.3210702341137124 0.31605351170568563
6 0.8511705685618729 0.4899665551839465 0.2976588628762542 0.3177257525083612
6 0.4665551839464883 0.8494983277591973 0.31270903010033446 0.3010033444816054
6 0.22240802675585283 0.7023411371237458 0.29264214046822745 0.2909698996655518