6 0.979933110367893 0.9548494983277592 0.04013377926421405 0.0903010033444816
6 0.979933110367893 0.29431438127090304 0.038461538461538464 0.25752508361204013
4 0.5284280936454849 0.5083612040133779 0.4531772575250836 0.459866220735786
6 0.0451505016722408 0.5033444816053512 0.0903010033444816 0.27591973244147155
6 0.3394648829431438 0.9765886287625418 0.2508361204013378 0.0451505016722408
6 0.5836120401337793 0.9581939799331104 0.225752508361204 0.08361204013377926
6 0.8461538461538461 0.8327759197324415 0.24247491638795987 0.2491638795986622
6 0.8729096989966555 0.9063545150501672 0.21906354515050167 0.18227424749163879
6 0.9531772575250836 0.6622073578595318 0.09364548494983277 0.27424749163879597
6 0.11872909698996656 0.9431438127090301 0.23745819397993312 0.11371237458193979
6 0.2140468227424749 0.5518394648829431 0.23076923076923078 0.2591973244147157
6 0.2408026755852843 0.2976588628762542 0.24414715719063546 0.23578595317725753
6 0.8729096989966555 0.07357859531772576 0.25418060200668896 0.14715719063545152
6 0.10033444816053512 0.7725752508361204 0.20066889632107024 0.26755852842809363
6 0.10535117056856187 0.12876254180602006 0.21070234113712374 0.25752508361204013
6 0.4682274247491639 0.8528428093645485 0.26421404682274247 0.22742474916387959
6 0.29431438127090304 0.7073578595317725 0.24749163879598662 0.23076923076923078
6 0.6020066889632107 0.1254180602006689 0.2525083612040134 0.2508361204013378
6 0.8311036789297659 0.5836120401337793 0.23745819397993312 0.2709030100334448
6 0.8210702341137124 0.26755852842809363 0.2591973244147157 0.2692307692307692