6 0.903010033444816 0.015050167224080268 0.1939799331103679 0.030100334448160536
4 0.5050167224080268 0.45819397993311034 0.4531772575250836 0.451505016722408
6 0.9816053511705686 0.8043478260869565 0.03678929765886288 0.24581939799331104
6 0.31438127090301005 0.9782608695652174 0.24581939799331104 0.043478260869565216
6 0.9665551839464883 0.5434782608695652 0.06688963210702341 0.28595317725752506
6 0.051839464882943144 0.43645484949832775 0.10367892976588629 0.29431438127090304
6 0.6404682274247492 0.9565217391304348 0.21906354515050167 0.08695652173913043
6 0.24247491638795987 0.048494983277591976 0.2491638795986622 0.09698996655518395
6 0.4765886287625418 0.048494983277591976 0.2591973244147157 0.09698996655518395
6 0.9080267558528428 0.4866220735785953 0.18394648829431437 0.23745819397993312
6 0.9096989966555183 0.9347826086956522 0.1806020066889632 0.13043478260869565
6 0.7926421404682275 0.6521739130434783 0.2491638795986622 0.2525083612040134
6 0.7859531772575251 0.8010033444816054 0.2391304347826087 0.2391304347826087
6 0.33277591973244147 0.17725752508361203 0.21906354515050167 0.2140468227424749
6 0.568561872909699 0.1688963210702341 0.22742474916387959 0.2157190635451505
6 0.18394648829431437 0.362876254180602 0.24414715719063546 0.23745819397993312
6 0.2709030100334448 0.68561872909699 0.21739130434782608 0.22742474916387959
6 0.4331103678929766 0.8595317725752508 0.24247491638795987 0.2608695652173913
6 0.11036789297658862 0.9147157190635451 0.22073578595317725 0.1705685618729097
6 0.7408026755852842 0.07859531772575251 0.23076923076923078 0.15719063545150502
6 0.08695652173913043 0.6989966555183946 0.17391304347826086 0.2591973244147157
6 0.782608695652174 0.2842809364548495 0.26755852842809363 0.2591973244147157