6 0.010033444816053512 0.81438127090301 0.01839464882943144 0.24247491638795987
6 0.7474916387959866 0.9832775919732442 0.22909698996655517 0.033444816053511704
6 0.1020066889632107 0.6421404682274248 0.20234113712374582 0.2591973244147157
6 0.3779264214046823 0.9615384615384616 0.30267558528428096 0.07692307692307693
6 0.3511705685618729 0.02508361204013378 0.3612040133779264 0.05016722408026756
6 0.033444816053511704 0.048494983277591976 0.06688963210702341 0.09698996655518395
6 0.8327759197324415 0.13043478260869565 0.26421404682274247 0.23076923076923078
4 0.5267558528428093 0.47157190635451507 0.4414715719063545 0.4682274247491639
6 0.0451505016722408 0.6655518394648829 0.0903010033444816 0.22240802675585283
6 0.21739130434782608 0.2959866220735786 0.27591973244147155 0.2826086956521739
6 0.9581939799331104 0.9113712374581939 0.08361204013377926 0.17725752508361203
6 0.22073578595317725 0.5752508361204013 0.2157190635451505 0.20735785953177258
6 0.7993311036789298 0.8444816053511706 0.31270903010033446 0.27424749163879597
6 0.28595317725752506 0.6688963210702341 0.23745819397993312 0.2591973244147157
6 0.9331103678929766 0.5953177257525084 0.13377926421404682 0.2508361204013378
6 0.5267558528428093 0.8060200668896321 0.25752508361204013 0.2692307692307692
6 0.40635451505016723 0.15551839464882944 0.25418060200668896 0.23745819397993312
6 0.882943143812709 0.36789297658862874 0.23244147157190637 0.2508361204013378
6 0.11371237458193979 0.8862876254180602 0.22742474916387959 0.22742474916387959