6 0.45652173913043476 0.5936454849498328 0.21906354515050167 0.18227424749163879
6 0.24581939799331104 0.9531772575250836 0.24581939799331104 0.09364548494983277
6 0.026755852842809364 0.8010033444816054 0.05351170568561873 0.23745819397993312
4 0.48327759197324416 0.47324414715719065 0.44648829431438125 0.43645484949832775
6 0.043478260869565216 0.6839464882943144 0.08528428093645485 0.22408026755852842
6 0.862876254180602 0.7859531772575251 0.21739130434782608 0.24581939799331104
6 0.06688963210702341 0.959866220735786 0.13377926421404682 0.0802675585284281
6 0.7692307692307693 0.22742474916387959 0.28762541806020064 0.2976588628762542
6 0.745819397993311 0.7157190635451505 0.24414715719063546 0.22909698996655517
6 0.2140468227424749 0.6086956521739131 0.25585284280936454 0.2625418060200669
6 0.4297658862876254 0.8043478260869565 0.2909698996655518 0.2792642140468227