6 0.06354515050167224 0.9782608695652174 0.12709030100334448 0.03678929765886288
4 0.4899665551839465 0.45484949832775917 0.5167224080267558 0.5100334448160535
6 0.40301003344481606 0.9832775919732442 0.24414715719063546 0.033444816053511704
6 0.9698996655518395 0.4214046822742475 0.06020066889632107 0.2408026755852843
6 0.05518394648829431 0.22073578595317725 0.11036789297658862 0.225752508361204
6 0.8311036789297659 0.40301003344481606 0.24414715719063546 0.24581939799331104
6 0.431438127090301 0.0451505016722408 0.25752508361204013 0.08862876254180602
6 0.8779264214046822 0.3010033444816054 0.24414715719063546 0.2140468227424749
6 0.4665551839464883 0.8244147157190636 0.2491638795986622 0.27759197324414714
6 0.3177257525083612 0.19899665551839466 0.23578595317725753 0.22408026755852842
6 0.05518394648829431 0.6688963210702341 0.10869565217391304 0.26755852842809363
6 0.939799331103679 0.6538461538461539 0.11872909698996656 0.2391304347826087
6 0.20234113712374582 0.6655518394648829 0.2157190635451505 0.2525083612040134
6 0.34615384615384615 0.754180602006689 0.24749163879598662 0.21906354515050167
6 0.717391304347826 0.7391304347826086 0.2525083612040134 0.22742474916387959
6 0.14381270903010032 0.3695652173913043 0.24414715719063546 0.225752508361204
6 0.17558528428093645 0.8996655518394648 0.2491638795986622 0.20066889632107024
6 0.9013377926421404 0.10702341137123746 0.19732441471571907 0.2140468227424749
6 0.8695652173913043 0.8946488294314381 0.24247491638795987 0.21070234113712374