4 0.4916387959866221 0.5033444816053512 0.5083612040133779 0.5551839464882943
6 0.9816053511705686 0.44481605351170567 0.03678929765886288 0.3076923076923077
6 0.9615384615384616 0.06020066889632107 0.07692307692307693 0.11872909698996656
6 0.03177257525083612 0.46153846153846156 0.06354515050167224 0.2725752508361204
6 0.7692307692307693 0.4214046822742475 0.21739130434782608 0.2959866220735786
6 0.07190635451505016 0.5769230769230769 0.14381270903010032 0.3511705685618729
6 0.11371237458193979 0.09531772575250837 0.22408026755852842 0.19063545150501673
6 0.046822742474916385 0.09866220735785954 0.09364548494983277 0.19732441471571907
6 0.0451505016722408 0.9331103678929766 0.0903010033444816 0.13377926421404682
6 0.9013377926421404 0.39297658862876256 0.19063545150501673 0.3394648829431438
6 0.362876254180602 0.06521739130434782 0.26755852842809363 0.13043478260869565
6 0.19732441471571907 0.6906354515050167 0.2508361204013378 0.3010033444816054
6 0.46488294314381273 0.1605351170568562 0.26755852842809363 0.2591973244147157
6 0.697324414715719 0.06521739130434782 0.2525083612040134 0.13043478260869565
6 0.6020066889632107 0.8745819397993311 0.2591973244147157 0.2408026755852843
6 0.7692307692307693 0.8846153846153846 0.25585284280936454 0.23076923076923078
6 0.8913043478260869 0.13210702341137123 0.21739130434782608 0.25752508361204013