5 0.18729096989966554 0.8076923076923077 0.10033444816053512 0.11705685618729098
6 0.9816053511705686 0.6538461538461539 0.03511705685618729 0.2792642140468227
6 0.8528428093645485 0.40635451505016723 0.27759197324414714 0.2608695652173913
4 0.5150501672240803 0.5133779264214047 0.45819397993311034 0.47324414715719065
6 0.03511705685618729 0.18227424749163879 0.07023411371237458 0.22909698996655517
6 0.5183946488294314 0.9648829431438127 0.2792642140468227 0.07023411371237458
6 0.1588628762541806 0.451505016722408 0.29264214046822745 0.26755852842809363
6 0.8695652173913043 0.5351170568561873 0.2608695652173913 0.3093645484949833
6 0.038461538461538464 0.8762541806020067 0.07692307692307693 0.24749163879598662
6 0.22408026755852842 0.6237458193979933 0.22909698996655517 0.25418060200668896
6 0.13712374581939799 0.06856187290969899 0.2591973244147157 0.1354515050167224
6 0.06688963210702341 0.6220735785953178 0.13210702341137123 0.27424749163879597
6 0.27759197324414714 0.9347826086956522 0.25585284280936454 0.13043478260869565
6 0.31438127090301005 0.19732441471571907 0.3193979933110368 0.31438127090301005
6 0.8010033444816054 0.8444816053511706 0.3294314381270903 0.3093645484949833
6 0.8913043478260869 0.12207357859531773 0.21739130434782608 0.24414715719063546
5 0.11036789297658862 0.919732441471572 0.1020066889632107 0.1020066889632107