4 0.5484949832775919 0.48327759197324416 0.41471571906354515 0.46153846153846156
6 0.2508361204013378 0.4531772575250836 0.205685618729097 0.2157190635451505
6 0.06020066889632107 0.9414715719063546 0.11872909698996656 0.11705685618729098
6 0.5183946488294314 0.939799331103679 0.25418060200668896 0.12040133779264214
6 0.27424749163879597 0.6304347826086957 0.22408026755852842 0.21906354515050167
6 0.5250836120401338 0.7842809364548495 0.22408026755852842 0.20234113712374582
6 0.7675585284280937 0.9331103678929766 0.24414715719063546 0.13210702341137123
6 0.919732441471572 0.8177257525083612 0.1588628762541806 0.24414715719063546
6 0.9431438127090301 0.18227424749163879 0.11371237458193979 0.2391304347826087
6 0.9080267558528428 0.4180602006688963 0.18227424749163879 0.21237458193979933
6 0.3210702341137124 0.2525083612040134 0.2591973244147157 0.23244147157190637
6 0.08528428093645485 0.4397993311036789 0.1705685618729097 0.2709030100334448
6 0.15719063545150502 0.8327759197324415 0.24247491638795987 0.23076923076923078
6 0.7759197324414716 0.23578595317725753 0.2391304347826087 0.225752508361204
6 0.49665551839464883 0.11872909698996656 0.2408026755852843 0.23578595317725753