0 0.5217391304347826 0.4397993311036789 0.43645484949832775 0.479933110367893
6 0.051839464882943144 0.02508361204013378 0.10367892976588629 0.05016722408026756
6 0.30434782608695654 0.9347826086956522 0.3093645484949833 0.13043478260869565
6 0.30267558528428096 0.03177257525083612 0.22909698996655517 0.06354515050167224
6 0.8394648829431438 0.9765886287625418 0.2525083612040134 0.046822742474916385
6 0.028428093645484948 0.21070234113712374 0.056856187290969896 0.22909698996655517
6 0.30267558528428096 0.7157190635451505 0.2508361204013378 0.24247491638795987
6 0.033444816053511704 0.4782608695652174 0.06688963210702341 0.2408026755852843
6 0.6471571906354515 0.028428093645484948 0.24749163879598662 0.056856187290969896
6 0.1939799331103679 0.6438127090301003 0.23745819397993312 0.25585284280936454
6 0.9632107023411371 0.3177257525083612 0.07357859531772576 0.27424749163879597
6 0.7224080267558528 0.1588628762541806 0.24581939799331104 0.2408026755852843
6 0.8210702341137124 0.24414715719063546 0.23244147157190637 0.25418060200668896
6 0.9581939799331104 0.8979933110367893 0.08361204013377926 0.2040133779264214
6 0.6086956521739131 0.9498327759197325 0.23578595317725753 0.10033444816053512
6 0.2040133779264214 0.35785953177257523 0.25585284280936454 0.2508361204013378
6 0.5518394648829431 0.7809364548494984 0.27424749163879597 0.24749163879598662
6 0.38294314381270905 0.15217391304347827 0.24749163879598662 0.22240802675585283
6 0.8260869565217391 0.8210702341137124 0.24749163879598662 0.24247491638795987
6 0.15217391304347827 0.12207357859531773 0.2491638795986622 0.24247491638795987
6 0.10535117056856187 0.8695652173913043 0.21070234113712374 0.25418060200668896
6 0.8327759197324415 0.5719063545150501 0.25585284280936454 0.2391304347826087