4 0.5083612040133779 0.5167224080267558 0.40635451505016723 0.4882943143812709
6 0.013377926421404682 0.06688963210702341 0.026755852842809364 0.13043478260869565
6 0.011705685618729096 0.5434782608695652 0.023411371237458192 0.2508361204013378
6 0.2140468227424749 0.520066889632107 0.20066889632107024 0.2508361204013378
6 0.8812709030100334 0.020066889632107024 0.22909698996655517 0.04013377926421405
4 0.81438127090301 0.4280936454849498 0.3712374581939799 0.48327759197324416
6 0.9347826086956522 0.7909698996655519 0.13043478260869565 0.23745819397993312
6 0.28929765886287623 0.28929765886287623 0.2408026755852843 0.20066889632107024
6 0.225752508361204 0.023411371237458192 0.23745819397993312 0.046822742474916385
6 0.8963210702341137 0.7391304347826086 0.20735785953177258 0.22240802675585283
6 0.13043478260869565 0.9715719063545151 0.2608695652173913 0.056856187290969896
6 0.07692307692307693 0.4230769230769231 0.15384615384615385 0.2608695652173913
6 0.745819397993311 0.09866220735785954 0.27424749163879597 0.19732441471571907
6 0.2692307692307692 0.14214046822742474 0.24749163879598662 0.21739130434782608
6 0.4983277591973244 0.08193979933110368 0.27759197324414714 0.16220735785953178
6 0.15551839464882944 0.23745819397993312 0.2408026755852843 0.22909698996655517
6 0.07190635451505016 0.8595317725752508 0.14381270903010032 0.23411371237458195
6 0.3093645484949833 0.8311036789297659 0.24414715719063546 0.23076923076923078
6 0.7775919732441472 0.8963210702341137 0.2608695652173913 0.205685618729097
6 0.5434782608695652 0.8695652173913043 0.25752508361204013 0.2591973244147157
6 0.14381270903010032 0.6421404682274248 0.24749163879598662 0.25585284280936454
5 0.06856187290969899 0.10702341137123746 0.07859531772575251 0.08361204013377926