4 0.5100334448160535 0.48494983277591974 0.3595317725752508 0.3745819397993311
6 0.9632107023411371 0.051839464882943144 0.06688963210702341 0.10367892976588629
6 0.22073578595317725 0.7307692307692307 0.2625418060200669 0.27424749163879597
6 0.6555183946488294 0.06020066889632107 0.26755852842809363 0.11872909698996656
6 0.03177257525083612 0.16722408026755853 0.06354515050167224 0.28762541806020064
6 0.9531772575250836 0.4180602006688963 0.09364548494983277 0.25585284280936454
6 0.26588628762541805 0.6421404682274248 0.2508361204013378 0.205685618729097
6 0.8678929765886287 0.903010033444816 0.26421404682274247 0.1939799331103679
6 0.27759197324414714 0.22073578595317725 0.3177257525083612 0.36622073578595316
6 0.10367892976588629 0.05852842809364549 0.205685618729097 0.11705685618729098
6 0.9247491638795987 0.2625418060200669 0.1505016722408027 0.2709030100334448
6 0.11538461538461539 0.7976588628762542 0.22742474916387959 0.225752508361204
6 0.44648829431438125 0.9448160535117057 0.2608695652173913 0.11036789297658862
6 0.7959866220735786 0.5769230769230769 0.2525083612040134 0.2591973244147157
6 0.8010033444816054 0.41304347826086957 0.23578595317725753 0.2140468227424749
6 0.2157190635451505 0.9297658862876255 0.24581939799331104 0.13879598662207357
6 0.7274247491638796 0.8812709030100334 0.2709030100334448 0.23578595317725753
6 0.7508361204013378 0.06521739130434782 0.2408026755852843 0.13043478260869565