6 0.9782608695652174 0.5066889632107023 0.043478260869565216 0.2608695652173913
6 0.8160535117056856 0.9816053511705686 0.26755852842809363 0.03511705685618729
6 0.11204013377926421 0.021739130434782608 0.22408026755852842 0.043478260869565216
6 0.08528428093645485 0.4665551839464883 0.1705685618729097 0.34448160535117056
6 0.23244147157190637 0.046822742474916385 0.2508361204013378 0.09197324414715718
4 0.5016722408026756 0.5016722408026756 0.44816053511705684 0.47491638795986624
6 0.47157190635451507 0.033444816053511704 0.26421404682274247 0.06521739130434782
6 0.07357859531772576 0.8879598662207357 0.14381270903010032 0.22408026755852842
6 0.13043478260869565 0.9297658862876255 0.23745819397993312 0.13879598662207357
6 0.5384615384615384 0.7909698996655519 0.2608695652173913 0.21906354515050167
6 0.46488294314381273 0.15719063545150502 0.27759197324414714 0.20735785953177258
6 0.08862876254180602 0.11705685618729098 0.17725752508361203 0.23411371237458195
6 0.2608695652173913 0.23578595317725753 0.2508361204013378 0.24749163879598662
6 0.7073578595317725 0.754180602006689 0.24581939799331104 0.2709030100334448
6 0.9013377926421404 0.10033444816053512 0.19732441471571907 0.20066889632107024
6 0.23411371237458195 0.6755852842809364 0.2525083612040134 0.23578595317725753
6 0.8979933110367893 0.6739130434782609 0.20234113712374582 0.2591973244147157
6 0.8311036789297659 0.46488294314381273 0.2491638795986622 0.2625418060200669
6 0.33444816053511706 0.8745819397993311 0.26755852842809363 0.2508361204013378
6 0.7140468227424749 0.14214046822742474 0.2491638795986622 0.2525083612040134