6 0.011705685618729096 0.4331103678929766 0.021739130434782608 0.24581939799331104
4 0.5100334448160535 0.5133779264214047 0.4916387959866221 0.42474916387959866
6 0.1688963210702341 0.9832775919732442 0.2508361204013378 0.033444816053511704
6 0.038461538461538464 0.046822742474916385 0.07692307692307693 0.09364548494983277
6 0.0451505016722408 0.5317725752508361 0.08862876254180602 0.2157190635451505
6 0.033444816053511704 0.931438127090301 0.06688963210702341 0.1354515050167224
6 0.44648829431438125 0.051839464882943144 0.24414715719063546 0.10367892976588629
6 0.7374581939799331 0.043478260869565216 0.2525083612040134 0.08528428093645485
6 0.9381270903010034 0.2792642140468227 0.12374581939799331 0.24581939799331104
6 0.4983277591973244 0.9280936454849499 0.23578595317725753 0.14381270903010032
6 0.9080267558528428 0.5117056856187291 0.18394648829431437 0.24247491638795987
6 0.342809364548495 0.20234113712374582 0.22408026755852842 0.25752508361204013
6 0.8913043478260869 0.11036789297658862 0.21739130434782608 0.22073578595317725
6 0.13210702341137123 0.23244147157190637 0.22909698996655517 0.225752508361204
6 0.18729096989966554 0.4498327759197324 0.2508361204013378 0.2591973244147157
6 0.7307692307692307 0.9013377926421404 0.2591973244147157 0.19732441471571907
6 0.8511705685618729 0.7324414715719063 0.2909698996655518 0.25418060200668896
6 0.3394648829431438 0.7976588628762542 0.25752508361204013 0.2408026755852843
6 0.11036789297658862 0.7424749163879598 0.22073578595317725 0.25585284280936454