4 0.5384615384615384 0.5083612040133779 0.5066889632107023 0.46153846153846156
6 0.030100334448160536 0.7842809364548495 0.06020066889632107 0.27424749163879597
6 0.6672240802675585 0.03177257525083612 0.21739130434782608 0.06354515050167224
6 0.9581939799331104 0.81438127090301 0.08361204013377926 0.25752508361204013
6 0.056856187290969896 0.08193979933110368 0.11371237458193979 0.16387959866220736
6 0.4230769230769231 0.19230769230769232 0.225752508361204 0.22240802675585283
6 0.11036789297658862 0.43812709030100333 0.22073578595317725 0.2408026755852843
6 0.9448160535117057 0.19230769230769232 0.10869565217391304 0.22742474916387959
6 0.16722408026755853 0.5702341137123745 0.27759197324414714 0.24414715719063546
6 0.2391304347826087 0.08695652173913043 0.23745819397993312 0.17391304347826086
6 0.2625418060200669 0.21739130434782608 0.2525083612040134 0.24581939799331104
6 0.5785953177257525 0.794314381270903 0.30434782608695654 0.20234113712374582
6 0.8277591973244147 0.6789297658862876 0.24414715719063546 0.28929765886287623
6 0.35618729096989965 0.9096989966555183 0.25752508361204013 0.1806020066889632
6 0.28595317725752506 0.7073578595317725 0.2792642140468227 0.25418060200668896
6 0.7809364548494984 0.13043478260869565 0.225752508361204 0.22408026755852842
6 0.8712374581939799 0.3712374581939799 0.24749163879598662 0.2591973244147157