4 0.4983277591973244 0.4899665551839465 0.49331103678929766 0.5167224080267558
6 0.4197324414715719 0.9715719063545151 0.27591973244147155 0.056856187290969896
6 0.9665551839464883 0.46153846153846156 0.06688963210702341 0.2842809364548495
6 0.8645484949832776 0.038461538461538464 0.2709030100334448 0.07692307692307693
6 0.20903010033444816 0.8678929765886287 0.2608695652173913 0.22742474916387959
6 0.22742474916387959 0.056856187290969896 0.28762541806020064 0.11204013377926421
6 0.1254180602006689 0.23745819397993312 0.2508361204013378 0.2959866220735786
6 0.39464882943143814 0.1454849498327759 0.27759197324414714 0.2508361204013378
6 0.8277591973244147 0.34782608695652173 0.26421404682274247 0.26421404682274247
6 0.8244147157190636 0.6153846153846154 0.25585284280936454 0.26421404682274247
6 0.6053511705685619 0.8812709030100334 0.27591973244147155 0.23745819397993312