6 0.40468227424749165 0.010033444816053512 0.1454849498327759 0.020066889632107024
6 0.02508361204013378 0.9297658862876255 0.05016722408026756 0.14046822742474915
4 0.5183946488294314 0.5133779264214047 0.4080267558528428 0.4882943143812709
6 0.7859531772575251 0.9448160535117057 0.25418060200668896 0.11036789297658862
6 0.8729096989966555 0.822742474916388 0.25418060200668896 0.22909698996655517
6 0.07525083612040134 0.23411371237458195 0.1505016722408027 0.2408026755852843
6 0.07525083612040134 0.6923076923076923 0.1505016722408027 0.28595317725752506
6 0.5668896321070234 0.09197324414715718 0.27759197324414714 0.18227424749163879
6 0.36454849498327757 0.2625418060200669 0.25418060200668896 0.24581939799331104
6 0.22073578595317725 0.8913043478260869 0.24749163879598662 0.21739130434782608
6 0.2408026755852843 0.11371237458193979 0.26421404682274247 0.22742474916387959
6 0.24749163879598662 0.6020066889632107 0.24414715719063546 0.2591973244147157
6 0.5301003344481605 0.8712374581939799 0.24581939799331104 0.25418060200668896