6 0.9882943143812709 0.7408026755852842 0.021739130434782608 0.29431438127090304
6 0.7608695652173914 0.7591973244147158 0.25752508361204013 0.28929765886287623
6 0.9832775919732442 0.3862876254180602 0.033444816053511704 0.23578595317725753
6 0.05016722408026756 0.9431438127090301 0.10033444816053512 0.11371237458193979
6 0.49331103678929766 0.8478260869565217 0.22408026755852842 0.2692307692307692
6 0.5903010033444817 0.7441471571906354 0.24749163879598662 0.22408026755852842
6 0.35618729096989965 0.7374581939799331 0.2842809364548495 0.2608695652173913
6 0.028428093645484948 0.38294314381270905 0.056856187290969896 0.25752508361204013
6 0.09364548494983277 0.03511705685618729 0.18561872909698995 0.07023411371237458
6 0.1454849498327759 0.6521739130434783 0.2408026755852843 0.26588628762541805
4 0.5117056856187291 0.40301003344481606 0.4916387959866221 0.5451505016722408
6 0.8946488294314381 0.48327759197324416 0.20735785953177258 0.2508361204013378
6 0.9180602006688964 0.9347826086956522 0.15719063545150502 0.13043478260869565
6 0.45652173913043476 0.061872909698996656 0.27424749163879597 0.12374581939799331
6 0.8846153846153846 0.8076923076923077 0.23076923076923078 0.2391304347826087
6 0.08361204013377926 0.8060200668896321 0.16555183946488294 0.2391304347826087
6 0.7157190635451505 0.23076923076923078 0.25752508361204013 0.27591973244147155
6 0.07525083612040134 0.17892976588628762 0.1505016722408027 0.23578595317725753
6 0.7391304347826086 0.05852842809364549 0.24414715719063546 0.11705685618729098
6 0.2993311036789298 0.18729096989966554 0.2591973244147157 0.2408026755852843
6 0.17391304347826086 0.391304347826087 0.2608695652173913 0.2591973244147157
6 0.903010033444816 0.1806020066889632 0.19230769230769232 0.23745819397993312
6 0.3110367892976589 0.9013377926421404 0.25418060200668896 0.19732441471571907