4 0.4782608695652174 0.4983277591973244 0.459866220735786 0.43478260869565216
6 0.17391304347826086 0.3879598662207358 0.2508361204013378 0.29264214046822745
6 0.7725752508361204 0.568561872909699 0.24581939799331104 0.2625418060200669
6 0.2792642140468227 0.19230769230769232 0.2993311036789298 0.2709030100334448
6 0.842809364548495 0.9431438127090301 0.31438127090301005 0.11371237458193979
6 0.9331103678929766 0.8444816053511706 0.13210702341137123 0.2959866220735786
6 0.774247491638796 0.8177257525083612 0.2976588628762542 0.2725752508361204
6 0.8979933110367893 0.5384615384615384 0.20234113712374582 0.2993311036789298
6 0.07023411371237458 0.18394648829431437 0.13879598662207357 0.2608695652173913
6 0.5418060200668896 0.7892976588628763 0.3010033444816054 0.2692307692307692
6 0.9214046822742475 0.12040133779264214 0.15719063545150502 0.2408026755852843
6 0.7892976588628763 0.23578595317725753 0.25418060200668896 0.25585284280936454