4 0.5100334448160535 0.5384615384615384 0.560200668896321 0.5334448160535117
6 0.7792642140468228 0.5317725752508361 0.2391304347826087 0.33612040133779264
6 0.5535117056856187 0.9698996655518395 0.3177257525083612 0.06020066889632107
6 0.20066889632107024 0.033444816053511704 0.3177257525083612 0.06688963210702341
6 0.5217391304347826 0.038461538461538464 0.3411371237458194 0.07692307692307693
6 0.2157190635451505 0.411371237458194 0.2709030100334448 0.2408026755852843
6 0.8160535117056856 0.9548494983277592 0.2408026755852843 0.0903010033444816
6 0.05351170568561873 0.5100334448160535 0.10702341137123746 0.2591973244147157
6 0.617056856187291 0.8193979933110368 0.3277591973244147 0.22909698996655517
6 0.3411371237458194 0.7909698996655519 0.25585284280936454 0.25585284280936454
6 0.2909698996655518 0.20903010033444816 0.2792642140468227 0.22909698996655517
6 0.08193979933110368 0.26588628762541805 0.16220735785953178 0.23745819397993312
6 0.8963210702341137 0.4665551839464883 0.205685618729097 0.2408026755852843
6 0.5852842809364549 0.1806020066889632 0.25418060200668896 0.23745819397993312
6 0.1505016722408027 0.6655518394648829 0.26755852842809363 0.2591973244147157
6 0.842809364548495 0.1705685618729097 0.30434782608695654 0.24414715719063546