6 0.9849498327759197 0.4882943143812709 0.030100334448160536 0.19899665551839466
6 0.4916387959866221 0.1806020066889632 0.22909698996655517 0.20234113712374582
6 0.9832775919732442 0.06020066889632107 0.033444816053511704 0.11872909698996656
6 0.021739130434782608 0.6538461538461539 0.043478260869565216 0.225752508361204
4 0.5234113712374582 0.5217391304347826 0.4916387959866221 0.46321070234113715
6 0.6003344481605352 0.20234113712374582 0.21070234113712374 0.1939799331103679
6 0.026755852842809364 0.1688963210702341 0.05351170568561873 0.22408026755852842
6 0.9632107023411371 0.24581939799331104 0.07357859531772576 0.23745819397993312
6 0.13043478260869565 0.35785953177257523 0.25752508361204013 0.2591973244147157
6 0.056856187290969896 0.7357859531772575 0.11371237458193979 0.2792642140468227
6 0.38127090301003347 0.19899665551839466 0.23244147157190637 0.225752508361204
6 0.6020066889632107 0.05518394648829431 0.26588628762541805 0.10869565217391304
6 0.10535117056856187 0.11371237458193979 0.20903010033444816 0.225752508361204
6 0.27591973244147155 0.9247491638795987 0.23244147157190637 0.1505016722408027
6 0.20903010033444816 0.7374581939799331 0.225752508361204 0.23745819397993312
6 0.4414715719063545 0.8277591973244147 0.27759197324414714 0.27424749163879597
6 0.8461538461538461 0.09531772575250837 0.22742474916387959 0.19063545150501673
6 0.8411371237458194 0.3695652173913043 0.225752508361204 0.2608695652173913