6 0.3745819397993311 0.015050167224080268 0.18227424749163879 0.030100334448160536
4 0.5117056856187291 0.4916387959866221 0.4665551839464883 0.4080267558528428
6 0.8528428093645485 0.36789297658862874 0.20066889632107024 0.18394648829431437
6 0.9498327759197325 0.5635451505016722 0.10033444816053512 0.27424749163879597
6 0.939799331103679 0.24749163879598662 0.12040133779264214 0.2508361204013378
6 0.4197324414715719 0.7625418060200669 0.2491638795986622 0.24581939799331104
6 0.06020066889632107 0.7140468227424749 0.12040133779264214 0.2508361204013378
6 0.25752508361204013 0.27759197324414714 0.23244147157190637 0.23244147157190637
6 0.07023411371237458 0.2591973244147157 0.14046822742474915 0.2725752508361204
6 0.6521739130434783 0.8127090301003345 0.25752508361204013 0.2391304347826087
6 0.21237458193979933 0.5468227424749164 0.25418060200668896 0.26421404682274247
6 0.7157190635451505 0.12374581939799331 0.2608695652173913 0.24749163879598662
6 0.8461538461538461 0.697324414715719 0.27424749163879597 0.2591973244147157
6 0.26755852842809363 0.8846153846153846 0.2608695652173913 0.22909698996655517