4 0.5133779264214047 0.4916387959866221 0.4882943143812709 0.4782608695652174
6 0.7759197324414716 0.9816053511705686 0.22073578595317725 0.03678929765886288
6 0.015050167224080268 0.4013377926421405 0.030100334448160536 0.225752508361204
6 0.048494983277591976 0.0802675585284281 0.09698996655518395 0.1605351170568562
6 0.25752508361204013 0.3394648829431438 0.26421404682274247 0.21906354515050167
6 0.9682274247491639 0.13210702341137123 0.061872909698996656 0.24581939799331104
6 0.9448160535117057 0.5133779264214047 0.10869565217391304 0.2491638795986622
6 0.6839464882943144 0.030100334448160536 0.2725752508361204 0.06020066889632107
6 0.959866220735786 0.8929765886287625 0.0802675585284281 0.21070234113712374
6 0.862876254180602 0.3277591973244147 0.2709030100334448 0.20066889632107024
6 0.07190635451505016 0.20066889632107024 0.14381270903010032 0.2408026755852843
6 0.04013377926421405 0.6220735785953178 0.0802675585284281 0.24749163879598662
6 0.2508361204013378 0.21070234113712374 0.21237458193979933 0.23578595317725753
6 0.40468227424749165 0.13210702341137123 0.22240802675585283 0.2625418060200669
6 0.3394648829431438 0.7525083612040134 0.22909698996655517 0.22408026755852842
6 0.13043478260869565 0.8244147157190636 0.22742474916387959 0.29264214046822745
6 0.18729096989966554 0.5852842809364549 0.2157190635451505 0.21070234113712374
6 0.7959866220735786 0.13879598662207357 0.2625418060200669 0.22742474916387959
6 0.4297658862876254 0.9180602006688964 0.2508361204013378 0.16387959866220736
6 0.8010033444816054 0.8177257525083612 0.24581939799331104 0.26755852842809363