6 0.1605351170568562 0.41471571906354515 0.22240802675585283 0.15551839464882944
4 0.4983277591973244 0.4782608695652174 0.5150501672240803 0.48327759197324416
6 0.02508361204013378 0.3076923076923077 0.05016722408026756 0.2692307692307692
6 0.11036789297658862 0.01839464882943144 0.22073578595317725 0.03511705685618729
6 0.17391304347826086 0.4983277591973244 0.23244147157190637 0.3193979933110368
6 0.0802675585284281 0.5903010033444817 0.1588628762541806 0.2809364548494983
6 0.32274247491638797 0.07692307692307693 0.23745819397993312 0.15384615384615385
6 0.15217391304347827 0.23076923076923078 0.225752508361204 0.2157190635451505
6 0.3695652173913043 0.7625418060200669 0.2408026755852843 0.24247491638795987
6 0.8645484949832776 0.41304347826086957 0.2608695652173913 0.23076923076923078
6 0.6204013377926422 0.8244147157190636 0.2508361204013378 0.2709030100334448
6 0.8913043478260869 0.8913043478260869 0.21739130434782608 0.21739130434782608
6 0.8294314381270903 0.6672240802675585 0.27591973244147155 0.2608695652173913