6 0.342809364548495 0.01839464882943144 0.27591973244147155 0.03678929765886288
6 0.6906354515050167 0.01839464882943144 0.3394648829431438 0.03678929765886288
6 0.9816053511705686 0.6755852842809364 0.03678929765886288 0.2591973244147157
6 0.028428093645484948 0.16220735785953178 0.056856187290969896 0.23076923076923078
6 0.10033444816053512 0.04013377926421405 0.20066889632107024 0.0802675585284281
6 0.07692307692307693 0.9531772575250836 0.15384615384615385 0.08695652173913043
6 0.03678929765886288 0.6454849498327759 0.07357859531772576 0.23411371237458195
4 0.4531772575250836 0.459866220735786 0.46488294314381273 0.451505016722408
6 0.9247491638795987 0.038461538461538464 0.1505016722408027 0.07692307692307693
6 0.6237458193979933 0.9615384615384616 0.26421404682274247 0.07692307692307693
6 0.5033444816053512 0.7959866220735786 0.23076923076923078 0.2525083612040134
6 0.7374581939799331 0.637123745819398 0.22240802675585283 0.21906354515050167
6 0.705685618729097 0.8093645484949833 0.2692307692307692 0.26755852842809363
6 0.9013377926421404 0.8327759197324415 0.19732441471571907 0.3010033444816054
6 0.21237458193979933 0.6488294314381271 0.24749163879598662 0.205685618729097
6 0.15719063545150502 0.8712374581939799 0.25585284280936454 0.2508361204013378
6 0.8511705685618729 0.17725752508361203 0.24581939799331104 0.22909698996655517
6 0.3862876254180602 0.919732441471572 0.225752508361204 0.1588628762541806
6 0.1505016722408027 0.2408026755852843 0.2491638795986622 0.23745819397993312
6 0.6103678929765887 0.14381270903010032 0.25752508361204013 0.22909698996655517
6 0.8795986622073578 0.3762541806020067 0.2408026755852843 0.22408026755852842