6 0.903010033444816 0.9665551839464883 0.1939799331103679 0.06020066889632107
6 0.12374581939799331 0.8896321070234113 0.24749163879598662 0.22073578595317725
4 0.5150501672240803 0.5351170568561873 0.451505016722408 0.4013377926421405
6 0.14381270903010032 0.9782608695652174 0.27424749163879597 0.043478260869565216
6 0.5618729096989966 0.016722408026755852 0.2591973244147157 0.033444816053511704
6 0.1354515050167224 0.7859531772575251 0.2709030100334448 0.2508361204013378
6 0.11538461538461539 0.028428093645484948 0.225752508361204 0.056856187290969896
6 0.39297658862876256 0.8311036789297659 0.2909698996655518 0.2525083612040134
6 0.18896321070234115 0.5919732441471572 0.2792642140468227 0.2391304347826087
6 0.411371237458194 0.9247491638795987 0.27424749163879597 0.1505016722408027
6 0.9080267558528428 0.6270903010033445 0.18394648829431437 0.2591973244147157
6 0.6454849498327759 0.8294314381270903 0.25418060200668896 0.2976588628762542
6 0.32441471571906355 0.06020066889632107 0.27424749163879597 0.12040133779264214
6 0.8528428093645485 0.9096989966555183 0.2709030100334448 0.17892976588628762
6 0.9247491638795987 0.22909698996655517 0.1505016722408027 0.2842809364548495
6 0.8361204013377926 0.4331103678929766 0.2608695652173913 0.25418060200668896
6 0.18561872909698995 0.43645484949832775 0.2692307692307692 0.2625418060200669
6 0.2157190635451505 0.20234113712374582 0.27424749163879597 0.23578595317725753
6 0.5618729096989966 0.1454849498327759 0.225752508361204 0.21739130434782608
6 0.7809364548494984 0.10535117056856187 0.24749163879598662 0.21070234113712374