5 0.023411371237458192 0.8812709030100334 0.046822742474916385 0.13712374581939799
6 0.9414715719063546 0.038461538461538464 0.11036789297658862 0.07692307692307693
6 0.9715719063545151 0.9247491638795987 0.056856187290969896 0.1505016722408027
6 0.5183946488294314 0.9481605351170569 0.33444816053511706 0.10367892976588629
6 0.048494983277591976 0.2725752508361204 0.09698996655518395 0.2591973244147157
4 0.5083612040133779 0.49331103678929766 0.45819397993311034 0.46488294314381273
6 0.6989966555183946 0.0451505016722408 0.29264214046822745 0.0903010033444816
6 0.8311036789297659 0.9414715719063546 0.26755852842809363 0.11538461538461539
6 0.5702341137123745 0.8043478260869565 0.2709030100334448 0.24581939799331104
6 0.22909698996655517 0.8745819397993311 0.2909698996655518 0.2508361204013378
6 0.8896321070234113 0.6521739130434783 0.21906354515050167 0.2408026755852843
6 0.8578595317725752 0.5367892976588629 0.2792642140468227 0.22742474916387959
6 0.5484949832775919 0.15551839464882944 0.225752508361204 0.24414715719063546
6 0.17558528428093645 0.40635451505016723 0.2608695652173913 0.31438127090301005
6 0.7575250836120402 0.20234113712374582 0.24581939799331104 0.26421404682274247
6 0.15217391304347827 0.14214046822742474 0.2408026755852843 0.2491638795986622