6 0.048494983277591976 0.9548494983277592 0.09698996655518395 0.0903010033444816
6 0.3795986622073579 0.9698996655518395 0.2993311036789298 0.06020066889632107
6 0.40468227424749165 0.048494983277591976 0.26755852842809363 0.09698996655518395
6 0.9648829431438127 0.8846153846153846 0.06856187290969899 0.23076923076923078
6 0.05852842809364549 0.07023411371237458 0.11705685618729098 0.14046822742474915
6 0.8862876254180602 0.7357859531772575 0.22742474916387959 0.23745819397993312
6 0.9247491638795987 0.09531772575250837 0.14715719063545152 0.18896321070234115
6 0.056856187290969896 0.26755852842809363 0.11371237458193979 0.2842809364548495
6 0.9063545150501672 0.5066889632107023 0.18561872909698995 0.25418060200668896
4 0.5434782608695652 0.6086956521739131 0.3210702341137124 0.5986622073578596
6 0.7290969899665551 0.7023411371237458 0.2709030100334448 0.25752508361204013
6 0.8979933110367893 0.27759197324414714 0.2040133779264214 0.2608695652173913
6 0.6989966555183946 0.9046822742474916 0.28595317725752506 0.19063545150501673
6 0.29431438127090304 0.7324414715719063 0.27424749163879597 0.2976588628762542
6 0.7274247491638796 0.12207357859531773 0.29431438127090304 0.24414715719063546
6 0.08862876254180602 0.7474916387959866 0.17725752508361203 0.27759197324414714
6 0.22073578595317725 0.3795986622073579 0.29264214046822745 0.2725752508361204
6 0.19899665551839466 0.12709030100334448 0.26421404682274247 0.25418060200668896