4 0.5150501672240803 0.48494983277591974 0.4665551839464883 0.47157190635451507
6 0.03678929765886288 0.04180602006688963 0.07357859531772576 0.08361204013377926
6 0.02508361204013378 0.49331103678929766 0.05016722408026756 0.2140468227424749
6 0.9615384615384616 0.06856187290969899 0.07692307692307693 0.13712374581939799
6 0.41471571906354515 0.023411371237458192 0.2608695652173913 0.046822742474916385
6 0.9381270903010034 0.21739130434782608 0.12374581939799331 0.22742474916387959
6 0.9464882943143813 0.38461538461538464 0.10702341137123746 0.22909698996655517
6 0.3210702341137124 0.6822742474916388 0.25752508361204013 0.25418060200668896
6 0.9615384615384616 0.8745819397993311 0.07692307692307693 0.23745819397993312
6 0.8545150501672241 0.9464882943143813 0.24414715719063546 0.10702341137123746
6 0.046822742474916385 0.8812709030100334 0.09364548494983277 0.23745819397993312
6 0.20066889632107024 0.9013377926421404 0.225752508361204 0.19732441471571907
6 0.3595317725752508 0.18561872909698995 0.2508361204013378 0.2508361204013378
6 0.17558528428093645 0.47491638795986624 0.22742474916387959 0.24749163879598662
6 0.7324414715719063 0.7575250836120402 0.23745819397993312 0.22240802675585283
6 0.6254180602006689 0.09698996655518395 0.23578595317725753 0.1939799331103679
6 0.13879598662207357 0.10702341137123746 0.2408026755852843 0.21237458193979933
6 0.48494983277591974 0.8394648829431438 0.2692307692307692 0.2525083612040134
6 0.7892976588628763 0.20066889632107024 0.225752508361204 0.2709030100334448
6 0.8812709030100334 0.5919732441471572 0.23244147157190637 0.23076923076923078