6 0.03511705685618729 0.1254180602006689 0.07023411371237458 0.2391304347826087
6 0.9749163879598662 0.061872909698996656 0.05016722408026756 0.12374581939799331
6 0.043478260869565216 0.2157190635451505 0.08528428093645485 0.3511705685618729
6 0.10702341137123746 0.043478260869565216 0.21237458193979933 0.08528428093645485
4 0.5016722408026756 0.4765886287625418 0.4866220735785953 0.5468227424749164
6 0.9464882943143813 0.4297658862876254 0.10702341137123746 0.24581939799331104
6 0.8929765886287625 0.959866220735786 0.21070234113712374 0.0802675585284281
6 0.7408026755852842 0.056856187290969896 0.2692307692307692 0.11371237458193979
6 0.9347826086956522 0.5919732441471572 0.13043478260869565 0.24247491638795987
6 0.3177257525083612 0.18394648829431437 0.33612040133779264 0.27759197324414714
6 0.9096989966555183 0.2040133779264214 0.17892976588628762 0.2591973244147157
6 0.06688963210702341 0.9147157190635451 0.13377926421404682 0.1705685618729097
6 0.8127090301003345 0.520066889632107 0.21237458193979933 0.2508361204013378
6 0.18227424749163879 0.6053511705685619 0.23244147157190637 0.2525083612040134
6 0.08193979933110368 0.46321070234113715 0.16220735785953178 0.24581939799331104
6 0.2140468227424749 0.8277591973244147 0.2625418060200669 0.22909698996655517
6 0.7892976588628763 0.7591973244147158 0.28762541806020064 0.25752508361204013
6 0.5852842809364549 0.8929765886287625 0.2709030100334448 0.21237458193979933