4 0.5150501672240803 0.5334448160535117 0.5234113712374582 0.4983277591973244
6 0.9715719063545151 0.7224080267558528 0.056856187290969896 0.225752508361204
6 0.028428093645484948 0.49498327759197325 0.056856187290969896 0.28595317725752506
4 0.8913043478260869 0.28929765886287623 0.21739130434782608 0.38461538461538464
6 0.35785953177257523 0.8311036789297659 0.23244147157190637 0.2391304347826087
6 0.6923076923076923 0.05518394648829431 0.2408026755852843 0.10869565217391304
6 0.14046822742474915 0.16387959866220736 0.2157190635451505 0.2408026755852843
6 0.4013377926421405 0.06354515050167224 0.26588628762541805 0.12709030100334448
6 0.22909698996655517 0.7809364548494984 0.22240802675585283 0.21237458193979933
6 0.5635451505016722 0.9046822742474916 0.23244147157190637 0.19063545150501673
6 0.9046822742474916 0.5635451505016722 0.18729096989966554 0.2157190635451505
6 0.9180602006688964 0.9096989966555183 0.16220735785953178 0.1806020066889632
6 0.697324414715719 0.2157190635451505 0.23076923076923078 0.2391304347826087
6 0.11036789297658862 0.9013377926421404 0.22073578595317725 0.1939799331103679
6 0.1688963210702341 0.48494983277591974 0.2491638795986622 0.26755852842809363
5 0.5117056856187291 0.16555183946488294 0.10702341137123746 0.09531772575250837