6 0.5869565217391305 0.033444816053511704 0.2709030100334448 0.06688963210702341
4 0.4899665551839465 0.5234113712374582 0.45484949832775917 0.41638795986622074
6 0.043478260869565216 0.16555183946488294 0.08528428093645485 0.2826086956521739
6 0.11036789297658862 0.030100334448160536 0.22073578595317725 0.06020066889632107
6 0.931438127090301 0.6337792642140468 0.13712374581939799 0.2959866220735786
6 0.6070234113712375 0.10702341137123746 0.26421404682274247 0.20903010033444816
6 0.07692307692307693 0.5066889632107023 0.15384615384615385 0.3110367892976589
6 0.9264214046822743 0.10033444816053512 0.14715719063545152 0.20066889632107024
6 0.1254180602006689 0.8779264214046822 0.23578595317725753 0.2391304347826087
6 0.16555183946488294 0.7157190635451505 0.3277591973244147 0.2959866220735786
6 0.6070234113712375 0.9096989966555183 0.2709030100334448 0.17892976588628762
6 0.35618729096989965 0.9180602006688964 0.26755852842809363 0.16387959866220736
6 0.8929765886287625 0.28929765886287623 0.21237458193979933 0.28762541806020064
6 0.8545150501672241 0.9063545150501672 0.2608695652173913 0.18729096989966554
6 0.411371237458194 0.20234113712374582 0.26755852842809363 0.2608695652173913
5 0.7040133779264214 0.4498327759197324 0.0903010033444816 0.09866220735785954