6 0.7859531772575251 0.7876254180602007 0.32274247491638797 0.24414715719063546
4 0.520066889632107 0.5167224080267558 0.44816053511705684 0.5903010033444817
6 0.2625418060200669 0.17224080267558528 0.26755852842809363 0.2591973244147157
6 0.25585284280936454 0.939799331103679 0.2976588628762542 0.11872909698996656
6 0.9565217391304348 0.11872909698996656 0.08361204013377926 0.23578595317725753
6 0.342809364548495 0.12374581939799331 0.21070234113712374 0.24749163879598662
6 0.6304347826086957 0.939799331103679 0.2491638795986622 0.11872909698996656
6 0.12876254180602006 0.12876254180602006 0.25585284280936454 0.2408026755852843
6 0.8160535117056856 0.2508361204013378 0.2993311036789298 0.34448160535117056
6 0.8979933110367893 0.9414715719063546 0.2040133779264214 0.11705685618729098
6 0.5618729096989966 0.12040133779264214 0.23745819397993312 0.2408026755852843
6 0.14046822742474915 0.677257525083612 0.2725752508361204 0.25418060200668896