4 0.4916387959866221 0.4816053511705686 0.4414715719063545 0.459866220735786
6 0.9682274247491639 0.4431438127090301 0.06354515050167224 0.2625418060200669
6 0.9464882943143813 0.9481605351170569 0.10702341137123746 0.10367892976588629
6 0.48327759197324416 0.9565217391304348 0.27424749163879597 0.08528428093645485
6 0.9531772575250836 0.7692307692307693 0.09364548494983277 0.27424749163879597
6 0.1705685618729097 0.3612040133779264 0.2792642140468227 0.2709030100334448
6 0.8963210702341137 0.22073578595317725 0.205685618729097 0.28929765886287623
6 0.09197324414715718 0.14715719063545152 0.18394648829431437 0.2909698996655518
6 0.8110367892976589 0.4866220735785953 0.2140468227424749 0.22408026755852842
6 0.07357859531772576 0.8779264214046822 0.14715719063545152 0.23745819397993312
6 0.3963210702341137 0.8244147157190636 0.2608695652173913 0.24414715719063546
6 0.17892976588628762 0.6789297658862876 0.2959866220735786 0.31605351170568563
6 0.27424749163879597 0.11705685618729098 0.24414715719063546 0.23244147157190637
6 0.717391304347826 0.10535117056856187 0.25418060200668896 0.20903010033444816
6 0.6454849498327759 0.8377926421404682 0.27424749163879597 0.26421404682274247