4 0.5117056856187291 0.5301003344481605 0.5234113712374582 0.45819397993311034
6 0.9732441471571907 0.11872909698996656 0.05351170568561873 0.23244147157190637
6 0.9147157190635451 0.5367892976588629 0.1705685618729097 0.26421404682274247
6 0.34448160535117056 0.40468227424749165 0.33612040133779264 0.3595317725752508
6 0.9648829431438127 0.8160535117056856 0.06856187290969899 0.2709030100334448
6 0.5284280936454849 0.20903010033444816 0.28929765886287623 0.28595317725752506
6 0.19230769230769232 0.2491638795986622 0.3494983277591973 0.28595317725752506
6 0.18729096989966554 0.7290969899665551 0.3060200668896321 0.25418060200668896
6 0.11705685618729098 0.10033444816053512 0.23244147157190637 0.20066889632107024
6 0.8795986622073578 0.8695652173913043 0.2408026755852843 0.25418060200668896
6 0.6622073578595318 0.8846153846153846 0.28929765886287623 0.23076923076923078
6 0.7324414715719063 0.20066889632107024 0.23076923076923078 0.21237458193979933
6 0.8511705685618729 0.4280936454849498 0.21070234113712374 0.25585284280936454