4 0.49331103678929766 0.5317725752508361 0.44816053511705684 0.479933110367893
6 0.9849498327759197 0.9347826086956522 0.028428093645484948 0.13043478260869565
6 0.979933110367893 0.10702341137123746 0.04013377926421405 0.2140468227424749
6 0.03177257525083612 0.7993311036789298 0.06354515050167224 0.225752508361204
6 0.22742474916387959 0.7909698996655519 0.3060200668896321 0.28929765886287623
6 0.046822742474916385 0.6488294314381271 0.09364548494983277 0.25418060200668896
6 0.8812709030100334 0.7424749163879598 0.225752508361204 0.225752508361204
6 0.8846153846153846 0.9682274247491639 0.22909698996655517 0.061872909698996656
6 0.9247491638795987 0.1488294314381271 0.1505016722408027 0.24414715719063546
6 0.10702341137123746 0.02508361204013378 0.2140468227424749 0.05016722408026756
6 0.07190635451505016 0.9632107023411371 0.14381270903010032 0.06688963210702341
6 0.6237458193979933 0.22073578595317725 0.3177257525083612 0.225752508361204
6 0.8060200668896321 0.5618729096989966 0.23745819397993312 0.2408026755852843
6 0.39297658862876256 0.11538461538461539 0.23244147157190637 0.22408026755852842
6 0.40301003344481606 0.919732441471572 0.21739130434782608 0.1588628762541806
6 0.6421404682274248 0.8812709030100334 0.24414715719063546 0.22742474916387959
6 0.8712374581939799 0.3695652173913043 0.2525083612040134 0.225752508361204
6 0.13879598662207357 0.4431438127090301 0.26421404682274247 0.24581939799331104
5 0.12040133779264214 0.6655518394648829 0.09866220735785954 0.09197324414715718
5 0.9481605351170569 0.431438127090301 0.08361204013377926 0.0802675585284281