6 0.6387959866220736 0.9581939799331104 0.3210702341137124 0.08361204013377926
4 0.5133779264214047 0.49331103678929766 0.5384615384615384 0.5100334448160535
6 0.8461538461538461 0.38294314381270905 0.2959866220735786 0.24581939799331104
6 0.14381270903010032 0.5250836120401338 0.2826086956521739 0.2809364548494983
6 0.02508361204013378 0.4498327759197324 0.05016722408026756 0.26421404682274247
6 0.2157190635451505 0.01839464882943144 0.2792642140468227 0.03678929765886288
6 0.8996655518394648 0.028428093645484948 0.20066889632107024 0.056856187290969896
6 0.6906354515050167 0.2508361204013378 0.2909698996655518 0.22073578595317725
6 0.8177257525083612 0.6020066889632107 0.3110367892976589 0.2625418060200669
6 0.6337792642140468 0.8411371237458194 0.3010033444816054 0.26755852842809363
6 0.745819397993311 0.09698996655518395 0.26755852842809363 0.1939799331103679
6 0.9247491638795987 0.23244147157190637 0.1505016722408027 0.24414715719063546
6 0.8695652173913043 0.8494983277591973 0.2608695652173913 0.2826086956521739
6 0.49331103678929766 0.10033444816053512 0.27759197324414714 0.20066889632107024