6 0.2525083612040134 0.04180602006688963 0.2826086956521739 0.0802675585284281
6 0.16220735785953178 0.0903010033444816 0.2792642140468227 0.1806020066889632
6 0.3996655518394649 0.038461538461538464 0.2508361204013378 0.07692307692307693
6 0.9080267558528428 0.9782608695652174 0.18227424749163879 0.043478260869565216
6 0.7775919732441472 0.7207357859531772 0.23745819397993312 0.22909698996655517
6 0.9749163879598662 0.6404682274247492 0.05016722408026756 0.25752508361204013
6 0.959866220735786 0.8444816053511706 0.0802675585284281 0.21906354515050167
6 0.81438127090301 0.8311036789297659 0.2976588628762542 0.3193979933110368
6 0.06856187290969899 0.5484949832775919 0.1354515050167224 0.2625418060200669
6 0.09698996655518395 0.9464882943143813 0.1939799331103679 0.10702341137123746
6 0.4916387959866221 0.6739130434782609 0.23745819397993312 0.21739130434782608
6 0.24414715719063546 0.8812709030100334 0.2976588628762542 0.23745819397993312
6 0.10033444816053512 0.30434782608695654 0.20066889632107024 0.27424749163879597
6 0.8612040133779264 0.05518394648829431 0.25585284280936454 0.10869565217391304
6 0.3277591973244147 0.23244147157190637 0.27759197324414714 0.33612040133779264
4 0.5217391304347826 0.48494983277591974 0.41471571906354515 0.3511705685618729
6 0.061872909698996656 0.10869565217391304 0.12374581939799331 0.21739130434782608
6 0.20903010033444816 0.5501672240802675 0.23745819397993312 0.24581939799331104
6 0.4816053511705686 0.8494983277591973 0.23076923076923078 0.21739130434782608
6 0.5434782608695652 0.12374581939799331 0.23076923076923078 0.19899665551839466
6 0.26421404682274247 0.68561872909699 0.2408026755852843 0.2157190635451505