6 0.9531772575250836 0.9247491638795987 0.09364548494983277 0.1505016722408027
4 0.5016722408026756 0.5 0.4916387959866221 0.4882943143812709
6 0.0802675585284281 0.023411371237458192 0.1588628762541806 0.046822742474916385
6 0.10367892976588629 0.7642140468227425 0.205685618729097 0.23745819397993312
6 0.8963210702341137 0.931438127090301 0.205685618729097 0.13712374581939799
6 0.046822742474916385 0.7224080267558528 0.09364548494983277 0.2591973244147157
6 0.596989966555184 0.9096989966555183 0.2709030100334448 0.17892976588628762
6 0.05518394648829431 0.4080267558528428 0.11036789297658862 0.24581939799331104
6 0.9347826086956522 0.4280936454849498 0.13043478260869565 0.25418060200668896
6 0.2157190635451505 0.7040133779264214 0.22909698996655517 0.22909698996655517
6 0.26755852842809363 0.19899665551839466 0.2692307692307692 0.2959866220735786
6 0.7207357859531772 0.09197324414715718 0.25418060200668896 0.18394648829431437
6 0.8461538461538461 0.7709030100334449 0.2391304347826087 0.22909698996655517
6 0.32441471571906355 0.8979933110367893 0.27424749163879597 0.2040133779264214
6 0.8394648829431438 0.3528428093645485 0.24749163879598662 0.26755852842809363