6 0.7341137123745819 0.09866220735785954 0.23745819397993312 0.19732441471571907
4 0.5334448160535117 0.4665551839464883 0.4983277591973244 0.5050167224080268
6 0.9849498327759197 0.14214046822742474 0.030100334448160536 0.27591973244147155
6 0.026755852842809364 0.6287625418060201 0.05351170568561873 0.28762541806020064
6 0.06020066889632107 0.9749163879598662 0.12040133779264214 0.05016722408026756
6 0.09866220735785954 0.06354515050167224 0.19732441471571907 0.12709030100334448
6 0.5418060200668896 0.0451505016722408 0.25585284280936454 0.08862876254180602
6 0.9715719063545151 0.9297658862876255 0.056856187290969896 0.14046822742474915
6 0.4698996655518395 0.9732441471571907 0.3093645484949833 0.05351170568561873
6 0.8193979933110368 0.9698996655518395 0.2692307692307692 0.06020066889632107
6 0.08361204013377926 0.3979933110367893 0.16555183946488294 0.21906354515050167
6 0.2909698996655518 0.046822742474916385 0.225752508361204 0.09364548494983277
6 0.8729096989966555 0.09197324414715718 0.2525083612040134 0.18227424749163879
6 0.24414715719063546 0.27759197324414714 0.2391304347826087 0.225752508361204
6 0.9565217391304348 0.4297658862876254 0.08695652173913043 0.2709030100334448
6 0.11705685618729098 0.13377926421404682 0.23411371237458195 0.2591973244147157
6 0.451505016722408 0.12207357859531773 0.24749163879598662 0.22742474916387959
6 0.8913043478260869 0.5 0.21739130434782608 0.2826086956521739
6 0.12876254180602006 0.5317725752508361 0.2140468227424749 0.2508361204013378
6 0.05351170568561873 0.8595317725752508 0.10702341137123746 0.22240802675585283
6 0.41638795986622074 0.8327759197324415 0.2976588628762542 0.25752508361204013
6 0.2525083612040134 0.919732441471572 0.24749163879598662 0.1605351170568562
6 0.18227424749163879 0.745819397993311 0.24247491638795987 0.22408026755852842
6 0.6505016722408027 0.8963210702341137 0.23578595317725753 0.20735785953177258
6 0.8862876254180602 0.7642140468227425 0.22742474916387959 0.26755852842809363