4 0.5334448160535117 0.5100334448160535 0.5167224080267558 0.44648829431438125
6 0.033444816053511704 0.07023411371237458 0.061872909698996656 0.13879598662207357
6 0.12040133779264214 0.5066889632107023 0.2408026755852843 0.3110367892976589
6 0.19230769230769232 0.4531772575250836 0.26421404682274247 0.23076923076923078
6 0.9715719063545151 0.22909698996655517 0.056856187290969896 0.3177257525083612
6 0.9632107023411371 0.5117056856187291 0.07357859531772576 0.2408026755852843
6 0.22408026755852842 0.7006688963210702 0.2826086956521739 0.2625418060200669
6 0.4765886287625418 0.9648829431438127 0.27591973244147155 0.07023411371237458
6 0.9531772575250836 0.8010033444816054 0.09197324414715718 0.2157190635451505
6 0.9448160535117057 0.9464882943143813 0.11036789297658862 0.10702341137123746
6 0.09866220735785954 0.8193979933110368 0.19732441471571907 0.31438127090301005
6 0.8394648829431438 0.6070234113712375 0.24749163879598662 0.24749163879598662
6 0.2625418060200669 0.939799331103679 0.2491638795986622 0.11872909698996656
6 0.38127090301003347 0.22240802675585283 0.27424749163879597 0.26421404682274247
6 0.8394648829431438 0.40468227424749165 0.2692307692307692 0.225752508361204
6 0.7658862876254181 0.9297658862876255 0.2792642140468227 0.13879598662207357
6 0.6070234113712375 0.8478260869565217 0.32441471571906355 0.225752508361204
6 0.21739130434782608 0.07190635451505016 0.3177257525083612 0.14381270903010032
6 0.6070234113712375 0.21070234113712374 0.29264214046822745 0.24581939799331104
6 0.862876254180602 0.1454849498327759 0.27424749163879597 0.25585284280936454