6 0.9515050167224081 0.9113712374581939 0.09364548494983277 0.17558528428093645
6 0.822742474916388 0.7759197324414716 0.225752508361204 0.2608695652173913
4 0.4866220735785953 0.4765886287625418 0.5 0.5183946488294314
6 0.07023411371237458 0.9715719063545151 0.14046822742474915 0.056856187290969896
6 0.09531772575250837 0.033444816053511704 0.19063545150501673 0.06688963210702341
6 0.7324414715719063 0.7508361204013378 0.2591973244147157 0.30267558528428096
6 0.030100334448160536 0.4197324414715719 0.06020066889632107 0.2792642140468227
6 0.038461538461538464 0.16220735785953178 0.07692307692307693 0.27759197324414714
6 0.8996655518394648 0.919732441471572 0.20066889632107024 0.1605351170568562
6 0.27424749163879597 0.9548494983277592 0.2508361204013378 0.08862876254180602
6 0.9448160535117057 0.1705685618729097 0.10869565217391304 0.2976588628762542
6 0.10702341137123746 0.8729096989966555 0.2140468227424749 0.23745819397993312
6 0.15551839464882944 0.6471571906354515 0.2725752508361204 0.27591973244147155
6 0.30267558528428096 0.08361204013377926 0.2792642140468227 0.16722408026755853
6 0.8311036789297659 0.0802675585284281 0.26421404682274247 0.1588628762541806
6 0.3277591973244147 0.8060200668896321 0.27424749163879597 0.24414715719063546
6 0.7842809364548495 0.26421404682274247 0.2792642140468227 0.25752508361204013
6 0.5551839464882943 0.10535117056856187 0.27424749163879597 0.20903010033444816
6 0.21237458193979933 0.2725752508361204 0.2725752508361204 0.2792642140468227
6 0.5518394648829431 0.8729096989966555 0.2692307692307692 0.25418060200668896
6 0.8745819397993311 0.48327759197324416 0.2508361204013378 0.29431438127090304