6 0.043478260869565216 0.4080267558528428 0.08528428093645485 0.24749163879598662
6 0.9715719063545151 0.5267558528428093 0.056856187290969896 0.26421404682274247
4 0.5585284280936454 0.4816053511705686 0.5217391304347826 0.5050167224080268
6 0.6387959866220736 0.7692307692307693 0.22408026755852842 0.225752508361204
6 0.9147157190635451 0.05518394648829431 0.1705685618729097 0.10869565217391304
6 0.9347826086956522 0.774247491638796 0.13043478260869565 0.23745819397993312
6 0.5752508361204013 0.9381270903010034 0.24749163879598662 0.12374581939799331
6 0.07859531772575251 0.9381270903010034 0.15719063545150502 0.12374581939799331
6 0.12876254180602006 0.2508361204013378 0.2508361204013378 0.2491638795986622
6 0.8127090301003345 0.8578595317725752 0.21237458193979933 0.2842809364548495
6 0.29264214046822745 0.7207357859531772 0.27424749163879597 0.2709030100334448
6 0.6254180602006689 0.13210702341137123 0.28929765886287623 0.26421404682274247