6 0.011705685618729096 0.21070234113712374 0.021739130434782608 0.23578595317725753
6 0.33277591973244147 0.5869565217391305 0.27424749163879597 0.3377926421404682
6 0.06354515050167224 0.016722408026755852 0.12709030100334448 0.033444816053511704
5 0.8093645484949833 0.560200668896321 0.08361204013377926 0.08361204013377926
6 0.9214046822742475 0.9615384615384616 0.15551839464882944 0.07692307692307693
6 0.979933110367893 0.8595317725752508 0.04013377926421405 0.2792642140468227
6 0.11705685618729098 0.36454849498327757 0.23244147157190637 0.27759197324414714
6 0.056856187290969896 0.9682274247491639 0.11204013377926421 0.061872909698996656
6 0.4916387959866221 0.9565217391304348 0.27759197324414714 0.08528428093645485
6 0.9615384615384616 0.12207357859531773 0.07692307692307693 0.24414715719063546
6 0.8645484949832776 0.046822742474916385 0.2692307692307692 0.09197324414715718
6 0.13043478260869565 0.459866220735786 0.23244147157190637 0.22240802675585283
3 0.4916387959866221 0.4214046822742475 0.42474916387959866 0.5836120401337793
6 0.7324414715719063 0.931438127090301 0.2491638795986622 0.13712374581939799
6 0.11872909698996656 0.06856187290969899 0.23244147157190637 0.13712374581939799
6 0.7625418060200669 0.23076923076923078 0.3277591973244147 0.28929765886287623
6 0.8511705685618729 0.8662207357859532 0.25418060200668896 0.26755852842809363
6 0.2608695652173913 0.8377926421404682 0.23244147157190637 0.2625418060200669
6 0.657190635451505 0.11036789297658862 0.23745819397993312 0.22073578595317725
6 0.19899665551839466 0.9247491638795987 0.22408026755852842 0.1505016722408027
6 0.08193979933110368 0.7842809364548495 0.16220735785953178 0.25418060200668896
6 0.4297658862876254 0.061872909698996656 0.2909698996655518 0.12374581939799331
6 0.9113712374581939 0.39297658862876256 0.17725752508361203 0.2842809364548495
6 0.4899665551839465 0.8779264214046822 0.25418060200668896 0.23244147157190637
6 0.6939799331103679 0.6872909698996655 0.27591973244147155 0.2809364548494983
6 0.27759197324414714 0.18394648829431437 0.2508361204013378 0.25418060200668896
5 0.11371237458193979 0.6588628762541806 0.11371237458193979 0.12040133779264214