4 0.4916387959866221 0.4899665551839465 0.38461538461538464 0.4230769230769231
6 0.5752508361204013 0.030100334448160536 0.2491638795986622 0.06020066889632107
6 0.05518394648829431 0.9247491638795987 0.11036789297658862 0.1505016722408027
6 0.31438127090301005 0.9414715719063546 0.2491638795986622 0.11538461538461539
6 0.9096989966555183 0.19063545150501673 0.17892976588628762 0.225752508361204
6 0.5351170568561873 0.08528428093645485 0.2608695652173913 0.1705685618729097
6 0.4665551839464883 0.9431438127090301 0.23578595317725753 0.11371237458193979
6 0.028428093645484948 0.34782608695652173 0.056856187290969896 0.25418060200668896
6 0.2826086956521739 0.8561872909698997 0.225752508361204 0.205685618729097
6 0.4013377926421405 0.13879598662207357 0.23578595317725753 0.27591973244147155
6 0.8678929765886287 0.3979933110367893 0.26421404682274247 0.2608695652173913
6 0.8929765886287625 0.9515050167224081 0.20735785953177258 0.09698996655518395
6 0.09364548494983277 0.8093645484949833 0.18729096989966554 0.2826086956521739
6 0.774247491638796 0.08695652173913043 0.2692307692307692 0.17391304347826086
6 0.11872909698996656 0.5735785953177257 0.23578595317725753 0.24414715719063546
6 0.9013377926421404 0.6070234113712375 0.19732441471571907 0.225752508361204
6 0.6822742474916388 0.9247491638795987 0.26421404682274247 0.1505016722408027
6 0.15384615384615385 0.3311036789297659 0.24581939799331104 0.2709030100334448
6 0.8745819397993311 0.8093645484949833 0.2391304347826087 0.23244147157190637