6 0.9832775919732442 0.8327759197324415 0.033444816053511704 0.2608695652173913
6 0.3311036789297659 0.015050167224080268 0.2608695652173913 0.030100334448160536
4 0.5 0.4983277591973244 0.46153846153846156 0.45484949832775917
6 0.0451505016722408 0.28762541806020064 0.08862876254180602 0.27591973244147155
6 0.03678929765886288 0.9414715719063546 0.07357859531772576 0.11705685618729098
6 0.8511705685618729 0.3511705685618729 0.2625418060200669 0.24749163879598662
6 0.061872909698996656 0.717391304347826 0.12374581939799331 0.2491638795986622
6 0.9548494983277592 0.13043478260869565 0.08862876254180602 0.25585284280936454
6 0.8695652173913043 0.033444816053511704 0.25585284280936454 0.06688963210702341
6 0.9130434782608695 0.9531772575250836 0.17391304347826086 0.08695652173913043
6 0.6153846153846154 0.9548494983277592 0.3110367892976589 0.08862876254180602
6 0.6237458193979933 0.8010033444816054 0.28595317725752506 0.24749163879598662
6 0.18561872909698995 0.20234113712374582 0.2692307692307692 0.2826086956521739
6 0.11538461538461539 0.5100334448160535 0.23076923076923078 0.2625418060200669
6 0.3745819397993311 0.8327759197324415 0.25752508361204013 0.2976588628762542
6 0.15217391304347827 0.8745819397993311 0.27759197324414714 0.2508361204013378
6 0.4431438127090301 0.13043478260869565 0.30434782608695654 0.25752508361204013
6 0.8779264214046822 0.5852842809364549 0.24414715719063546 0.26421404682274247
5 0.9130434782608695 0.22240802675585283 0.08528428093645485 0.09531772575250837
5 0.7207357859531772 0.8996655518394648 0.12709030100334448 0.09531772575250837