6 0.9832775919732442 0.08528428093645485 0.033444816053511704 0.1705685618729097
4 0.479933110367893 0.5 0.4782608695652174 0.5367892976588629
6 0.03177257525083612 0.9297658862876255 0.061872909698996656 0.13879598662207357
6 0.5903010033444817 0.8076923076923077 0.3177257525083612 0.22909698996655517
6 0.33612040133779264 0.9749163879598662 0.3177257525083612 0.05016722408026756
6 0.5468227424749164 0.02508361204013378 0.28595317725752506 0.05016722408026756
6 0.8729096989966555 0.030100334448160536 0.2525083612040134 0.06020066889632107
6 0.31270903010033446 0.31438127090301005 0.2993311036789298 0.23578595317725753
6 0.7491638795986622 0.9264214046822743 0.3277591973244147 0.14715719063545152
6 0.9264214046822743 0.47491638795986624 0.14715719063545152 0.23411371237458195
6 0.7692307692307693 0.4397993311036789 0.24414715719063546 0.24247491638795987
6 0.5418060200668896 0.13712374581939799 0.26755852842809363 0.21237458193979933
6 0.10367892976588629 0.26421404682274247 0.20234113712374582 0.23578595317725753
6 0.12374581939799331 0.8862876254180602 0.24749163879598662 0.22742474916387959
6 0.8678929765886287 0.7274247491638796 0.26421404682274247 0.22408026755852842
6 0.7625418060200669 0.13043478260869565 0.2508361204013378 0.24749163879598662
6 0.11036789297658862 0.6471571906354515 0.22073578595317725 0.26755852842809363