4 0.4899665551839465 0.4899665551839465 0.4782608695652174 0.4297658862876254
6 0.09197324414715718 0.4765886287625418 0.18394648829431437 0.2725752508361204
5 0.19063545150501673 0.717391304347826 0.06020066889632107 0.07190635451505016
6 0.9147157190635451 0.021739130434782608 0.1688963210702341 0.04180602006688963
6 0.7525083612040134 0.7023411371237458 0.23076923076923078 0.20234113712374582
6 0.046822742474916385 0.3394648829431438 0.09364548494983277 0.29264214046822745
6 0.44648829431438125 0.8260869565217391 0.22240802675585283 0.22909698996655517
6 0.09698996655518395 0.7090301003344481 0.1939799331103679 0.26755852842809363
6 0.1939799331103679 0.3595317725752508 0.2157190635451505 0.27759197324414714
6 0.6304347826086957 0.9615384615384616 0.26755852842809363 0.07692307692307693
6 0.44648829431438125 0.17558528428093645 0.22408026755852842 0.24581939799331104
6 0.31605351170568563 0.14381270903010032 0.21739130434782608 0.225752508361204
6 0.697324414715719 0.8294314381270903 0.28595317725752506 0.2491638795986622
6 0.8294314381270903 0.41304347826086957 0.2157190635451505 0.20066889632107024
6 0.9297658862876255 0.717391304347826 0.14046822742474915 0.2391304347826087
6 0.3311036789297659 0.7357859531772575 0.2491638795986622 0.22909698996655517
6 0.6739130434782609 0.23244147157190637 0.23076923076923078 0.24749163879598662
6 0.09866220735785954 0.9096989966555183 0.19732441471571907 0.17725752508361203