4 0.47157190635451507 0.5250836120401338 0.4882943143812709 0.451505016722408
6 0.4397993311036789 0.023411371237458192 0.25585284280936454 0.0451505016722408
6 0.023411371237458192 0.1688963210702341 0.046822742474916385 0.22742474916387959
6 0.9632107023411371 0.6839464882943144 0.07357859531772576 0.25585284280936454
6 0.580267558528428 0.9481605351170569 0.23745819397993312 0.10367892976588629
6 0.7140468227424749 0.9715719063545151 0.2508361204013378 0.056856187290969896
6 0.8193979933110368 0.028428093645484948 0.28762541806020064 0.056856187290969896
6 0.1020066889632107 0.9715719063545151 0.20234113712374582 0.056856187290969896
6 0.8127090301003345 0.5 0.24247491638795987 0.21906354515050167
6 0.8645484949832776 0.16722408026755853 0.23745819397993312 0.25418060200668896
6 0.939799331103679 0.1605351170568562 0.12040133779264214 0.22240802675585283
6 0.20234113712374582 0.7123745819397993 0.2391304347826087 0.24581939799331104
6 0.6304347826086957 0.1254180602006689 0.24414715719063546 0.2508361204013378
6 0.9448160535117057 0.4397993311036789 0.11036789297658862 0.23411371237458195
6 0.5050167224080268 0.08528428093645485 0.2140468227424749 0.1705685618729097
6 0.08361204013377926 0.5919732441471572 0.16555183946488294 0.21739130434782608
6 0.16387959866220736 0.842809364548495 0.23745819397993312 0.22742474916387959
6 0.6103678929765887 0.8043478260869565 0.24414715719063546 0.22240802675585283
6 0.09866220735785954 0.3762541806020067 0.19732441471571907 0.21739130434782608
6 0.1705685618729097 0.07525083612040134 0.24749163879598662 0.1505016722408027
6 0.8929765886287625 0.8645484949832776 0.2140468227424749 0.24749163879598662
6 0.2692307692307692 0.24414715719063546 0.23745819397993312 0.22240802675585283
6 0.8160535117056856 0.6538461538461539 0.2525083612040134 0.23244147157190637