4 0.5150501672240803 0.5451505016722408 0.4682274247491639 0.5016722408026756
6 0.5083612040133779 0.24247491638795987 0.2792642140468227 0.17892976588628762
6 0.45652173913043476 0.051839464882943144 0.23745819397993312 0.10367892976588629
5 0.9698996655518395 0.2491638795986622 0.06020066889632107 0.1454849498327759
6 0.14214046822742474 0.2157190635451505 0.2842809364548495 0.23076923076923078
6 0.12876254180602006 0.4180602006688963 0.25752508361204013 0.24749163879598662
6 0.7575250836120402 0.17892976588628762 0.3110367892976589 0.25418060200668896
6 0.3210702341137124 0.11036789297658862 0.23578595317725753 0.21906354515050167
6 0.7859531772575251 0.6337792642140468 0.24749163879598662 0.2792642140468227
6 0.7508361204013378 0.07190635451505016 0.33612040133779264 0.14214046822742474
6 0.9013377926421404 0.44648829431438125 0.19732441471571907 0.3010033444816054
6 0.4498327759197324 0.8913043478260869 0.3110367892976589 0.21739130434782608
6 0.2391304347826087 0.7107023411371237 0.27759197324414714 0.28929765886287623
6 0.12876254180602006 0.10033444816053512 0.25585284280936454 0.20066889632107024