5 0.7290969899665551 0.023411371237458192 0.08862876254180602 0.046822742474916385
6 0.34448160535117056 0.9632107023411371 0.2792642140468227 0.07357859531772576
4 0.5050167224080268 0.4899665551839465 0.4765886287625418 0.47324414715719065
6 0.6270903010033445 0.9498327759197325 0.2709030100334448 0.10033444816053512
6 0.8812709030100334 0.5434782608695652 0.23578595317725753 0.3210702341137124
6 0.06354515050167224 0.7709030100334449 0.12709030100334448 0.3110367892976589
6 0.5468227424749164 0.8093645484949833 0.25585284280936454 0.25585284280936454
6 0.47491638795986624 0.08361204013377926 0.25585284280936454 0.16722408026755853
6 0.7709030100334449 0.8060200668896321 0.25418060200668896 0.25752508361204013
6 0.17224080267558528 0.5919732441471572 0.2709030100334448 0.29431438127090304
6 0.8862876254180602 0.09197324414715718 0.22742474916387959 0.18394648829431437
6 0.21237458193979933 0.09197324414715718 0.26755852842809363 0.18227424749163879
6 0.205685618729097 0.3060200668896321 0.28595317725752506 0.2508361204013378