4 0.5066889632107023 0.520066889632107 0.40635451505016723 0.3745819397993311
6 0.04013377926421405 0.5083612040133779 0.0802675585284281 0.22909698996655517
6 0.8846153846153846 0.9648829431438127 0.22742474916387959 0.07023411371237458
6 0.9147157190635451 0.8177257525083612 0.1705685618729097 0.2508361204013378
6 0.9698996655518395 0.11204013377926421 0.06020066889632107 0.22408026755852842
6 0.939799331103679 0.568561872909699 0.11872909698996656 0.28929765886287623
6 0.717391304347826 0.8478260869565217 0.2591973244147157 0.2591973244147157
6 0.09364548494983277 0.5050167224080268 0.18729096989966554 0.24247491638795987
6 0.4080267558528428 0.20735785953177258 0.22408026755852842 0.2692307692307692
6 0.21070234113712374 0.25752508361204013 0.23244147157190637 0.23244147157190637
6 0.05351170568561873 0.9180602006688964 0.10702341137123746 0.16220735785953178
6 0.12876254180602006 0.08193979933110368 0.23578595317725753 0.16387959866220736
6 0.6053511705685619 0.10869565217391304 0.23076923076923078 0.21739130434782608
6 0.7859531772575251 0.6086956521739131 0.24247491638795987 0.2408026755852843
6 0.5150501672240803 0.919732441471572 0.2959866220735786 0.1588628762541806
6 0.21070234113712374 0.8879598662207357 0.25418060200668896 0.22408026755852842
6 0.28595317725752506 0.06856187290969899 0.2408026755852843 0.1354515050167224
6 0.1939799331103679 0.6421404682274248 0.23076923076923078 0.22408026755852842
6 0.8561872909698997 0.22742474916387959 0.2842809364548495 0.2625418060200669
6 0.782608695652174 0.056856187290969896 0.07357859531772576 0.07190635451505016
6 0.11538461538461539 0.18729096989966554 0.2157190635451505 0.26421404682274247