6 0.39297658862876256 0.05852842809364549 0.32441471571906355 0.11705685618729098
6 0.023411371237458192 0.8093645484949833 0.0451505016722408 0.225752508361204
6 0.5785953177257525 0.013377926421404682 0.23411371237458195 0.026755852842809364
4 0.479933110367893 0.6103678929765887 0.3294314381270903 0.5250836120401338
6 0.9448160535117057 0.6923076923076923 0.10869565217391304 0.2591973244147157
6 0.7792642140468228 0.9565217391304348 0.24749163879598662 0.08528428093645485
6 0.023411371237458192 0.9096989966555183 0.046822742474916385 0.1806020066889632
6 0.03678929765886288 0.05518394648829431 0.07357859531772576 0.11036789297658862
6 0.9548494983277592 0.46488294314381273 0.08862876254180602 0.22742474916387959
6 0.7023411371237458 0.03177257525083612 0.2391304347826087 0.061872909698996656
6 0.9080267558528428 0.4013377926421405 0.1806020066889632 0.21906354515050167
6 0.5301003344481605 0.7725752508361204 0.21739130434782608 0.22240802675585283
6 0.8177257525083612 0.5903010033444817 0.21739130434782608 0.2491638795986622
6 0.19732441471571907 0.09531772575250837 0.3210702341137124 0.18896321070234115
6 0.41638795986622074 0.2157190635451505 0.32441471571906355 0.2608695652173913
6 0.2591973244147157 0.9665551839464883 0.23076923076923078 0.06688963210702341
6 0.048494983277591976 0.48494983277591974 0.09698996655518395 0.2909698996655518
6 0.3695652173913043 0.7993311036789298 0.15551839464882944 0.1705685618729097
6 0.6153846153846154 0.9063545150501672 0.21070234113712374 0.18561872909698995
6 0.4916387959866221 0.9381270903010034 0.22909698996655517 0.12374581939799331
6 0.7926421404682275 0.4096989966555184 0.22408026755852842 0.24247491638795987
6 0.7157190635451505 0.7240802675585284 0.24414715719063546 0.23244147157190637
6 0.11705685618729098 0.6839464882943144 0.23411371237458195 0.23244147157190637
6 0.20234113712374582 0.4765886287625418 0.25418060200668896 0.2709030100334448
6 0.13879598662207357 0.882943143812709 0.24581939799331104 0.22742474916387959
6 0.8862876254180602 0.8561872909698997 0.22742474916387959 0.23076923076923078
6 0.8913043478260869 0.16555183946488294 0.21739130434782608 0.2826086956521739