6 0.9698996655518395 0.9414715719063546 0.06020066889632107 0.11538461538461539
4 0.4983277591973244 0.49498327759197325 0.46488294314381273 0.4698996655518395
6 0.9046822742474916 0.020066889632107024 0.18561872909698995 0.04013377926421405
6 0.26588628762541805 0.023411371237458192 0.2826086956521739 0.046822742474916385
6 0.794314381270903 0.05518394648829431 0.2792642140468227 0.11036789297658862
6 0.048494983277591976 0.6404682274247492 0.09698996655518395 0.3010033444816054
6 0.9531772575250836 0.32608695652173914 0.09197324414715718 0.24581939799331104
6 0.5267558528428093 0.05518394648829431 0.2826086956521739 0.11036789297658862
6 0.05351170568561873 0.8913043478260869 0.10702341137123746 0.21739130434782608
6 0.6638795986622074 0.19732441471571907 0.29264214046822745 0.2608695652173913
6 0.10033444816053512 0.22073578595317725 0.20066889632107024 0.26755852842809363
6 0.81438127090301 0.4397993311036789 0.2709030100334448 0.28762541806020064
6 0.5301003344481605 0.8645484949832776 0.2591973244147157 0.24247491638795987
6 0.7006688963210702 0.7107023411371237 0.26421404682274247 0.2608695652173913
6 0.2842809364548495 0.7926421404682275 0.2709030100334448 0.25418060200668896
5 0.8662207357859532 0.8979933110367893 0.09197324414715718 0.10702341137123746