6 0.8528428093645485 0.03678929765886288 0.2408026755852843 0.07357859531772576
6 0.3010033444816054 0.021739130434782608 0.2591973244147157 0.043478260869565216
6 0.09364548494983277 0.04013377926421405 0.18729096989966554 0.0802675585284281
4 0.411371237458194 0.5083612040133779 0.560200668896321 0.5284280936454849
6 0.9531772575250836 0.11036789297658862 0.08695652173913043 0.22073578595317725
6 0.10869565217391304 0.31605351170568563 0.21739130434782608 0.25752508361204013
6 0.7491638795986622 0.6153846153846154 0.225752508361204 0.2792642140468227
6 0.43478260869565216 0.8545150501672241 0.30267558528428096 0.2591973244147157
6 0.7240802675585284 0.1688963210702341 0.27424749163879597 0.27759197324414714
6 0.9013377926421404 0.4866220735785953 0.19732441471571907 0.27759197324414714
6 0.7876254180602007 0.8745819397993311 0.25752508361204013 0.2508361204013378