6 0.9665551839464883 0.04013377926421405 0.06020066889632107 0.0802675585284281
6 0.8277591973244147 0.9632107023411371 0.2909698996655518 0.07357859531772576
4 0.5284280936454849 0.5016722408026756 0.44481605351170567 0.44648829431438125
6 0.3979933110367893 0.03511705685618729 0.26755852842809363 0.07023411371237458
6 0.9698996655518395 0.9180602006688964 0.06020066889632107 0.16387959866220736
6 0.4899665551839465 0.9648829431438127 0.2993311036789298 0.06856187290969899
6 0.959866220735786 0.31605351170568563 0.0802675585284281 0.2608695652173913
6 0.04013377926421405 0.8762541806020067 0.0802675585284281 0.24749163879598662
6 0.12709030100334448 0.9648829431438127 0.2508361204013378 0.06856187290969899
6 0.7190635451505016 0.22240802675585283 0.2491638795986622 0.23244147157190637
6 0.10367892976588629 0.06521739130434782 0.205685618729097 0.13043478260869565
6 0.5819397993311036 0.07023411371237458 0.2625418060200669 0.13879598662207357
6 0.9414715719063546 0.6705685618729097 0.11705685618729098 0.23578595317725753
6 0.07525083612040134 0.6220735785953178 0.1505016722408027 0.2809364548494983
6 0.7842809364548495 0.7107023411371237 0.23578595317725753 0.22240802675585283
6 0.7809364548494984 0.11872909698996656 0.25752508361204013 0.225752508361204
6 0.11204013377926421 0.2408026755852843 0.22408026755852842 0.25418060200668896
6 0.3010033444816054 0.882943143812709 0.24749163879598662 0.22909698996655517
6 0.205685618729097 0.431438127090301 0.2491638795986622 0.26755852842809363
6 0.637123745819398 0.8996655518394648 0.2826086956521739 0.19899665551839466
6 0.8612040133779264 0.4765886287625418 0.2625418060200669 0.2608695652173913