5 0.5234113712374582 0.9816053511705686 0.12207357859531773 0.03511705685618729
4 0.8127090301003345 0.8344481605351171 0.3745819397993311 0.3294314381270903
6 0.35785953177257523 0.2508361204013378 0.2591973244147157 0.24414715719063546
6 0.9364548494983278 0.11371237458193979 0.1254180602006689 0.21237458193979933
6 0.5367892976588629 0.8327759197324415 0.30434782608695654 0.2408026755852843
6 0.1454849498327759 0.362876254180602 0.23745819397993312 0.25418060200668896
3 0.5451505016722408 0.4816053511705686 0.451505016722408 0.5183946488294314
6 0.25752508361204013 0.9481605351170569 0.3762541806020067 0.10367892976588629
6 0.8327759197324415 0.6020066889632107 0.17892976588628762 0.1454849498327759
6 0.2826086956521739 0.28929765886287623 0.23745819397993312 0.23578595317725753
6 0.8812709030100334 0.19230769230769232 0.23578595317725753 0.2725752508361204
6 0.2525083612040134 0.46488294314381273 0.2525083612040134 0.28595317725752506
6 0.06354515050167224 0.3294314381270903 0.12709030100334448 0.26421404682274247
6 0.18394648829431437 0.10535117056856187 0.2792642140468227 0.21070234113712374
6 0.6705685618729097 0.1254180602006689 0.2608695652173913 0.2508361204013378
6 0.39464882943143814 0.06354515050167224 0.25418060200668896 0.12709030100334448
6 0.06020066889632107 0.5769230769230769 0.11872909698996656 0.29431438127090304
6 0.18896321070234115 0.81438127090301 0.27591973244147155 0.3294314381270903
6 0.9096989966555183 0.3996655518394649 0.17892976588628762 0.225752508361204
5 0.34448160535117056 0.882943143812709 0.12207357859531773 0.12040133779264214