6 0.939799331103679 0.038461538461538464 0.12040133779264214 0.07692307692307693
6 0.8996655518394648 0.919732441471572 0.20066889632107024 0.15384615384615385
4 0.5050167224080268 0.5 0.47157190635451507 0.3762541806020067
6 0.09698996655518395 0.9431438127090301 0.1939799331103679 0.10702341137123746
6 0.8461538461538461 0.9548494983277592 0.28595317725752506 0.08862876254180602
6 0.9615384615384616 0.17892976588628762 0.07692307692307693 0.2692307692307692
6 0.5066889632107023 0.9698996655518395 0.23076923076923078 0.06020066889632107
6 0.03511705685618729 0.1020066889632107 0.07023411371237458 0.20234113712374582
6 0.13712374581939799 0.225752508361204 0.25752508361204013 0.2909698996655518
6 0.4765886287625418 0.06020066889632107 0.22909698996655517 0.11872909698996656
6 0.20234113712374582 0.9264214046822743 0.25752508361204013 0.14715719063545152
6 0.0802675585284281 0.411371237458194 0.1588628762541806 0.3010033444816054
6 0.8093645484949833 0.3210702341137124 0.2491638795986622 0.29431438127090304
6 0.8260869565217391 0.7709030100334449 0.225752508361204 0.2591973244147157
6 0.1588628762541806 0.745819397993311 0.27759197324414714 0.2608695652173913
6 0.18896321070234115 0.5267558528428093 0.23076923076923078 0.22909698996655517
6 0.3896321070234114 0.8561872909698997 0.2625418060200669 0.2508361204013378
6 0.657190635451505 0.07190635451505016 0.22240802675585283 0.14214046822742474
6 0.6003344481605352 0.22240802675585283 0.2391304347826087 0.20903010033444816
6 0.8712374581939799 0.09364548494983277 0.2491638795986622 0.18561872909698995
6 0.6254180602006689 0.8595317725752508 0.26421404682274247 0.2391304347826087
6 0.8812709030100334 0.560200668896321 0.23578595317725753 0.23745819397993312
6 0.3695652173913043 0.20903010033444816 0.25418060200668896 0.25418060200668896