6 0.8595317725752508 0.16220735785953178 0.225752508361204 0.24581939799331104
6 0.6270903010033445 0.03678929765886288 0.21739130434782608 0.07357859531772576
6 0.9096989966555183 0.04180602006688963 0.17892976588628762 0.08361204013377926
6 0.15217391304347827 0.49331103678929766 0.21739130434782608 0.2725752508361204
6 0.9515050167224081 0.42642140468227424 0.09698996655518395 0.27759197324414714
6 0.3896321070234114 0.705685618729097 0.2591973244147157 0.17725752508361203
6 0.45484949832775917 0.25418060200668896 0.3210702341137124 0.18896321070234115
4 0.5183946488294314 0.5100334448160535 0.3996655518394649 0.4331103678929766
6 0.6638795986622074 0.9732441471571907 0.28595317725752506 0.05351170568561873
6 0.9665551839464883 0.9130434782608695 0.06020066889632107 0.17391304347826086
6 0.17224080267558528 0.6789297658862876 0.27424749163879597 0.225752508361204
6 0.5 0.08862876254180602 0.25752508361204013 0.17725752508361203
6 0.26421404682274247 0.8762541806020067 0.33277591973244147 0.22408026755852842
6 0.10367892976588629 0.08862876254180602 0.20735785953177258 0.17725752508361203
6 0.9615384615384616 0.7307692307692307 0.07692307692307693 0.2709030100334448
6 0.2625418060200669 0.056856187290969896 0.2792642140468227 0.11371237458193979
6 0.4431438127090301 0.9247491638795987 0.25752508361204013 0.1505016722408027
6 0.06020066889632107 0.451505016722408 0.12040133779264214 0.27759197324414714
6 0.5484949832775919 0.8210702341137124 0.26421404682274247 0.22408026755852842
6 0.7341137123745819 0.11204013377926421 0.23076923076923078 0.22408026755852842
6 0.8093645484949833 0.3511705685618729 0.2391304347826087 0.225752508361204
6 0.06856187290969899 0.8695652173913043 0.13712374581939799 0.2140468227424749
6 0.2591973244147157 0.23745819397993312 0.2508361204013378 0.23244147157190637
6 0.8076923076923077 0.4882943143812709 0.22909698996655517 0.20735785953177258
6 0.2792642140468227 0.48327759197324416 0.15551839464882944 0.2959866220735786