6 0.013377926421404682 0.6003344481605352 0.026755852842809364 0.23076923076923078
6 0.9214046822742475 0.9866220735785953 0.15719063545150502 0.026755852842809364
6 0.4397993311036789 0.016722408026755852 0.24414715719063546 0.033444816053511704
4 0.45819397993311034 0.5100334448160535 0.4916387959866221 0.5066889632107023
6 0.05016722408026756 0.36789297658862874 0.10033444816053512 0.27424749163879597
6 0.6270903010033445 0.9515050167224081 0.26421404682274247 0.09698996655518395
6 0.22909698996655517 0.056856187290969896 0.24581939799331104 0.11371237458193979
6 0.32441471571906355 0.8010033444816054 0.30434782608695654 0.23244147157190637
6 0.2826086956521739 0.9381270903010034 0.2491638795986622 0.12374581939799331
6 0.7290969899665551 0.3779264214046823 0.21906354515050167 0.22909698996655517
6 0.1688963210702341 0.2525083612040134 0.2508361204013378 0.2391304347826087
6 0.7290969899665551 0.7073578595317725 0.2491638795986622 0.28595317725752506
6 0.10033444816053512 0.8762541806020067 0.20066889632107024 0.24749163879598662
6 0.5 0.16722408026755853 0.27759197324414714 0.2591973244147157
5 0.08528428093645485 0.12876254180602006 0.11036789297658862 0.11872909698996656