6 0.9816053511705686 0.7341137123745819 0.03511705685618729 0.23411371237458195
4 0.4698996655518395 0.5250836120401338 0.451505016722408 0.49331103678929766
6 0.4882943143812709 0.11371237458193979 0.30267558528428096 0.225752508361204
6 0.9648829431438127 0.9247491638795987 0.07023411371237458 0.1505016722408027
6 0.5117056856187291 0.8478260869565217 0.27424749163879597 0.1939799331103679
6 0.20735785953177258 0.033444816053511704 0.26755852842809363 0.06521739130434782
6 0.31605351170568563 0.9331103678929766 0.2391304347826087 0.13377926421404682
6 0.3093645484949833 0.794314381270903 0.22408026755852842 0.22408026755852842
6 0.9280936454849499 0.13210702341137123 0.14381270903010032 0.2608695652173913
6 0.7040133779264214 0.10033444816053512 0.23745819397993312 0.20066889632107024
6 0.6622073578595318 0.2826086956521739 0.23244147157190637 0.19230769230769232
6 0.7491638795986622 0.8461538461538461 0.2809364548494983 0.23076923076923078
6 0.2792642140468227 0.22240802675585283 0.23578595317725753 0.23076923076923078
6 0.17391304347826086 0.6103678929765887 0.20234113712374582 0.21906354515050167
6 0.12207357859531773 0.16555183946488294 0.22240802675585283 0.2157190635451505
6 0.9080267558528428 0.5953177257525084 0.18394648829431437 0.20066889632107024
6 0.09698996655518395 0.8963210702341137 0.1939799331103679 0.205685618729097