6 0.8093645484949833 0.431438127090301 0.2391304347826087 0.27424749163879597
6 0.8244147157190636 0.9698996655518395 0.2909698996655518 0.06020066889632107
6 0.5719063545150501 0.7976588628762542 0.33612040133779264 0.2491638795986622
6 0.3394648829431438 0.7224080267558528 0.19899665551839466 0.24247491638795987
6 0.9481605351170569 0.7474916387959866 0.10367892976588629 0.2709030100334448
6 0.8846153846153846 0.903010033444816 0.225752508361204 0.19063545150501673
6 0.9682274247491639 0.11036789297658862 0.06020066889632107 0.21906354515050167
6 0.8979933110367893 0.06688963210702341 0.2040133779264214 0.13377926421404682
6 0.7491638795986622 0.7374581939799331 0.2525083612040134 0.21906354515050167
6 0.9280936454849499 0.580267558528428 0.14381270903010032 0.2709030100334448
6 0.596989966555184 0.9364548494983278 0.2909698996655518 0.12709030100334448
6 0.030100334448160536 0.6555183946488294 0.06020066889632107 0.2140468227424749
6 0.7909698996655519 0.23745819397993312 0.3010033444816054 0.2725752508361204
4 0.5183946488294314 0.49665551839464883 0.41304347826086957 0.3695652173913043
6 0.7023411371237458 0.0903010033444816 0.23578595317725753 0.1806020066889632
6 0.043478260869565216 0.8645484949832776 0.08528428093645485 0.24581939799331104
6 0.2909698996655518 0.9448160535117057 0.2608695652173913 0.10869565217391304
6 0.1939799331103679 0.8361204013377926 0.22240802675585283 0.20903010033444816
6 0.3060200668896321 0.22073578595317725 0.25585284280936454 0.2491638795986622
6 0.05518394648829431 0.1020066889632107 0.10869565217391304 0.20234113712374582
6 0.21070234113712374 0.06521739130434782 0.19732441471571907 0.13043478260869565
6 0.12207357859531773 0.2725752508361204 0.23244147157190637 0.23578595317725753
6 0.520066889632107 0.19063545150501673 0.22408026755852842 0.23244147157190637