6 0.8612040133779264 0.9698996655518395 0.2591973244147157 0.06020066889632107
6 0.9765886287625418 0.9280936454849499 0.0451505016722408 0.14381270903010032
6 0.03177257525083612 0.048494983277591976 0.06354515050167224 0.09698996655518395
6 0.45484949832775917 0.9732441471571907 0.27424749163879597 0.05351170568561873
4 0.48494983277591974 0.5334448160535117 0.459866220735786 0.5351170568561873
6 0.5652173913043478 0.9515050167224081 0.22742474916387959 0.09698996655518395
6 0.9163879598662207 0.026755852842809364 0.16722408026755853 0.05351170568561873
6 0.959866220735786 0.12876254180602006 0.0802675585284281 0.2508361204013378
6 0.0451505016722408 0.9414715719063546 0.08862876254180602 0.11538461538461539
6 0.18227424749163879 0.20234113712374582 0.26421404682274247 0.24414715719063546
6 0.6672240802675585 0.29264214046822745 0.26421404682274247 0.2408026755852843
6 0.11371237458193979 0.10869565217391304 0.225752508361204 0.21739130434782608
6 0.5284280936454849 0.06354515050167224 0.2408026755852843 0.12709030100334448
6 0.745819397993311 0.06521739130434782 0.23745819397993312 0.13043478260869565
6 0.9247491638795987 0.745819397993311 0.1505016722408027 0.22742474916387959
6 0.44816053511705684 0.18729096989966554 0.25752508361204013 0.20735785953177258
6 0.08361204013377926 0.3862876254180602 0.16722408026755853 0.2508361204013378
6 0.7207357859531772 0.8210702341137124 0.32274247491638797 0.2625418060200669
6 0.17558528428093645 0.8913043478260869 0.24581939799331104 0.21739130434782608
6 0.8595317725752508 0.46153846153846156 0.27591973244147155 0.24749163879598662