4 0.5451505016722408 0.5167224080267558 0.4782608695652174 0.4983277591973244
6 0.745819397993311 0.021739130434782608 0.24414715719063546 0.043478260869565216
6 0.3411371237458194 0.03511705685618729 0.2140468227424749 0.07023411371237458
6 0.046822742474916385 0.3862876254180602 0.09197324414715718 0.24247491638795987
6 0.05518394648829431 0.07190635451505016 0.10869565217391304 0.14214046822742474
6 0.16387959866220736 0.2976588628762542 0.20903010033444816 0.18896321070234115
6 0.2625418060200669 0.6287625418060201 0.22742474916387959 0.22742474916387959
6 0.14381270903010032 0.9297658862876255 0.22240802675585283 0.14046822742474915
6 0.41304347826086957 0.8645484949832776 0.24247491638795987 0.225752508361204
6 0.7976588628762542 0.9096989966555183 0.205685618729097 0.1806020066889632
6 0.8762541806020067 0.7374581939799331 0.21237458193979933 0.23076923076923078