6 0.979933110367893 0.06020066889632107 0.04013377926421405 0.11538461538461539
4 0.4782608695652174 0.16722408026755853 0.4899665551839465 0.32608695652173914
6 0.5836120401337793 0.9849498327759197 0.2792642140468227 0.030100334448160536
6 0.046822742474916385 0.4214046822742475 0.09364548494983277 0.2842809364548495
6 0.9581939799331104 0.5451505016722408 0.08361204013377926 0.27759197324414714
2 0.5183946488294314 0.49498327759197325 0.3712374581939799 0.3963210702341137
6 0.04013377926421405 0.745819397993311 0.0802675585284281 0.2591973244147157
6 0.10535117056856187 0.5150501672240803 0.20903010033444816 0.24247491638795987
6 0.30434782608695654 0.9280936454849499 0.23411371237458195 0.14381270903010032
6 0.2408026755852843 0.3595317725752508 0.27424749163879597 0.2591973244147157
6 0.2040133779264214 0.7374581939799331 0.2591973244147157 0.24247491638795987
6 0.8394648829431438 0.1020066889632107 0.27424749163879597 0.2040133779264214
6 0.8846153846153846 0.3277591973244147 0.23076923076923078 0.2608695652173913