6 0.9698996655518395 0.8879598662207357 0.06020066889632107 0.21739130434782608
4 0.4782608695652174 0.5468227424749164 0.5334448160535117 0.5301003344481605
6 0.7876254180602007 0.9816053511705686 0.22073578595317725 0.03678929765886288
6 0.9682274247491639 0.4531772575250836 0.06354515050167224 0.23244147157190637
6 0.05852842809364549 0.15217391304347827 0.11705685618729098 0.2709030100334448
6 0.5468227424749164 0.9565217391304348 0.25418060200668896 0.08528428093645485
6 0.9515050167224081 0.6588628762541806 0.09698996655518395 0.26755852842809363
6 0.20234113712374582 0.9096989966555183 0.26421404682274247 0.17892976588628762
6 0.8093645484949833 0.06354515050167224 0.27424749163879597 0.12709030100334448
6 0.08193979933110368 0.6688963210702341 0.16387959866220736 0.2608695652173913
6 0.8210702341137124 0.8010033444816054 0.2491638795986622 0.24414715719063546
6 0.23578595317725753 0.13210702341137123 0.2909698996655518 0.2625418060200669
6 0.9163879598662207 0.22742474916387959 0.16555183946488294 0.26755852842809363
6 0.8311036789297659 0.5418060200668896 0.25418060200668896 0.26755852842809363
6 0.7140468227424749 0.21739130434782608 0.27591973244147155 0.2591973244147157