4 0.5050167224080268 0.49331103678929766 0.4882943143812709 0.44481605351170567
6 0.05351170568561873 0.9431438127090301 0.10702341137123746 0.11371237458193979
6 0.8963210702341137 0.9615384615384616 0.20735785953177258 0.07692307692307693
6 0.11872909698996656 0.9565217391304348 0.23244147157190637 0.08528428093645485
6 0.9063545150501672 0.028428093645484948 0.18729096989966554 0.056856187290969896
6 0.9247491638795987 0.745819397993311 0.1505016722408027 0.2525083612040134
6 0.5066889632107023 0.7926421404682275 0.28929765886287623 0.24247491638795987
6 0.7558528428093646 0.451505016722408 0.1956521739130435 0.20903010033444816
6 0.0451505016722408 0.45484949832775917 0.0903010033444816 0.2826086956521739
6 0.35618729096989965 0.9448160535117057 0.26755852842809363 0.10869565217391304
6 0.7040133779264214 0.05351170568561873 0.25418060200668896 0.10702341137123746
6 0.6889632107023411 0.8311036789297659 0.23244147157190637 0.2491638795986622
6 0.782608695652174 0.9096989966555183 0.2792642140468227 0.1806020066889632
6 0.8712374581939799 0.13712374581939799 0.25418060200668896 0.22240802675585283
6 0.11705685618729098 0.7474916387959866 0.22909698996655517 0.26755852842809363
6 0.11538461538461539 0.23578595317725753 0.22909698996655517 0.2725752508361204
6 0.20066889632107024 0.0903010033444816 0.2725752508361204 0.17892976588628762
6 0.8929765886287625 0.6003344481605352 0.21237458193979933 0.2525083612040134
6 0.8528428093645485 0.28762541806020064 0.25418060200668896 0.2491638795986622
6 0.19063545150501673 0.4916387959866221 0.2157190635451505 0.29431438127090304