4 0.43812709030100333 0.540133779264214 0.580267558528428 0.47157190635451507
6 0.021739130434782608 0.06020066889632107 0.043478260869565216 0.12040133779264214
6 0.020066889632107024 0.2140468227424749 0.04013377926421405 0.21237458193979933
6 0.5384615384615384 0.9464882943143813 0.22073578595317725 0.10702341137123746
6 0.9531772575250836 0.07190635451505016 0.09197324414715718 0.14214046822742474
6 0.2157190635451505 0.5585284280936454 0.22742474916387959 0.28595317725752506
6 0.5551839464882943 0.22408026755852842 0.24581939799331104 0.25585284280936454
6 0.8260869565217391 0.43478260869565216 0.3277591973244147 0.23244147157190637
6 0.06521739130434782 0.931438127090301 0.13043478260869565 0.13210702341137123
6 0.745819397993311 0.9414715719063546 0.23411371237458195 0.11705685618729098
6 0.7006688963210702 0.10033444816053512 0.23745819397993312 0.20066889632107024
6 0.13210702341137123 0.13043478260869565 0.2625418060200669 0.2591973244147157
6 0.08361204013377926 0.4013377926421405 0.16722408026755853 0.24749163879598662
6 0.33612040133779264 0.20903010033444816 0.23745819397993312 0.2608695652173913
6 0.8712374581939799 0.6187290969899666 0.25585284280936454 0.21070234113712374
6 0.08361204013377926 0.6889632107023411 0.16555183946488294 0.25752508361204013
6 0.8779264214046822 0.8277591973244147 0.24414715719063546 0.23076923076923078
6 0.28595317725752506 0.8695652173913043 0.2792642140468227 0.23578595317725753
6 0.8795986622073578 0.22073578595317725 0.23745819397993312 0.25752508361204013