4 0.479933110367893 0.5167224080267558 0.5535117056856187 0.4866220735785953
6 0.14214046822742474 0.5886287625418061 0.21739130434782608 0.26588628762541805
6 0.9782608695652174 0.8695652173913043 0.04180602006688963 0.2608695652173913
6 0.3511705685618729 0.9749163879598662 0.25418060200668896 0.05016722408026756
6 0.18896321070234115 0.026755852842809364 0.25752508361204013 0.05351170568561873
6 0.8561872909698997 0.5100334448160535 0.2692307692307692 0.3093645484949833
6 0.9247491638795987 0.5986622073578596 0.1505016722408027 0.27424749163879597
6 0.1454849498327759 0.7357859531772575 0.2909698996655518 0.28595317725752506
6 0.5852842809364549 0.9648829431438127 0.2508361204013378 0.06856187290969899
6 0.8795986622073578 0.939799331103679 0.2408026755852843 0.12040133779264214
6 0.9280936454849499 0.3779264214046823 0.14381270903010032 0.25418060200668896
6 0.15217391304347827 0.919732441471572 0.25752508361204013 0.1605351170568562
6 0.23578595317725753 0.3210702341137124 0.28595317725752506 0.27424749163879597
6 0.10702341137123746 0.11538461538461539 0.21237458193979933 0.23076923076923078
6 0.7692307692307693 0.2391304347826087 0.2809364548494983 0.24749163879598662