6 0.2040133779264214 0.04013377926421405 0.25585284280936454 0.07859531772575251
4 0.5150501672240803 0.5234113712374582 0.48327759197324416 0.47491638795986624
6 0.8545150501672241 0.01839464882943144 0.20903010033444816 0.03678929765886288
6 0.23076923076923078 0.0903010033444816 0.27424749163879597 0.17892976588628762
6 0.9715719063545151 0.09531772575250837 0.056856187290969896 0.18729096989966554
6 0.431438127090301 0.9698996655518395 0.24749163879598662 0.06020066889632107
6 0.06020066889632107 0.3511705685618729 0.12040133779264214 0.225752508361204
6 0.07525083612040134 0.11872909698996656 0.1505016722408027 0.23745819397993312
6 0.9531772575250836 0.9180602006688964 0.09197324414715718 0.16220735785953178
6 0.8662207357859532 0.1488294314381271 0.26421404682274247 0.2140468227424749
6 0.3762541806020067 0.8127090301003345 0.25752508361204013 0.2408026755852843
6 0.29264214046822745 0.28762541806020064 0.27424749163879597 0.2140468227424749
6 0.9214046822742475 0.3695652173913043 0.15551839464882944 0.24247491638795987
6 0.08528428093645485 0.8913043478260869 0.1705685618729097 0.21739130434782608
6 0.23578595317725753 0.6939799331103679 0.2608695652173913 0.24414715719063546
6 0.8193979933110368 0.6722408026755853 0.23244147157190637 0.24581939799331104
6 0.6053511705685619 0.19063545150501673 0.2625418060200669 0.22408026755852842
6 0.7123745819397993 0.9147157190635451 0.24749163879598662 0.1705685618729097