4 0.4782608695652174 0.5317725752508361 0.5451505016722408 0.4983277591973244
6 0.6739130434782609 0.7859531772575251 0.2391304347826087 0.2391304347826087
6 0.023411371237458192 0.10033444816053512 0.046822742474916385 0.20066889632107024
6 0.051839464882943144 0.3093645484949833 0.10367892976588629 0.21739130434782608
6 0.7240802675585284 0.9615384615384616 0.2508361204013378 0.07692307692307693
6 0.939799331103679 0.8327759197324415 0.12040133779264214 0.26755852842809363
6 0.7876254180602007 0.7709030100334449 0.23244147157190637 0.2391304347826087
6 0.9130434782608695 0.1688963210702341 0.17391304347826086 0.22408026755852842
6 0.33612040133779264 0.9364548494983278 0.26421404682274247 0.12709030100334448
6 0.17892976588628762 0.3729096989966555 0.2408026755852843 0.2391304347826087
6 0.40301003344481606 0.06521739130434782 0.2391304347826087 0.13043478260869565
6 0.9230769230769231 0.6003344481605352 0.15384615384615385 0.2508361204013378
6 0.540133779264214 0.2608695652173913 0.22909698996655517 0.23244147157190637
6 0.7224080267558528 0.12374581939799331 0.225752508361204 0.24749163879598662
6 0.794314381270903 0.34448160535117056 0.2525083612040134 0.2591973244147157
6 0.22909698996655517 0.14381270903010032 0.26755852842809363 0.2525083612040134