6 0.28595317725752506 0.9832775919732442 0.28595317725752506 0.033444816053511704
6 0.046822742474916385 0.5869565217391305 0.09364548494983277 0.2842809364548495
4 0.4983277591973244 0.49665551839464883 0.45819397993311034 0.45652173913043476
6 0.2692307692307692 0.9364548494983278 0.2842809364548495 0.12709030100334448
6 0.7508361204013378 0.016722408026755852 0.2842809364548495 0.033444816053511704
6 0.03511705685618729 0.3595317725752508 0.07023411371237458 0.24581939799331104
6 0.9531772575250836 0.8678929765886287 0.09197324414715718 0.2525083612040134
6 0.9632107023411371 0.09531772575250837 0.06688963210702341 0.19063545150501673
6 0.5351170568561873 0.9464882943143813 0.2725752508361204 0.10702341137123746
6 0.12374581939799331 0.6806020066889632 0.24749163879598662 0.26421404682274247
6 0.8361204013377926 0.4899665551839465 0.23578595317725753 0.2826086956521739
6 0.9264214046822743 0.44481605351170567 0.14715719063545152 0.27424749163879597
6 0.7892976588628763 0.9464882943143813 0.26755852842809363 0.10702341137123746
6 0.7374581939799331 0.21070234113712374 0.22240802675585283 0.27424749163879597
6 0.3963210702341137 0.8595317725752508 0.28595317725752506 0.2591973244147157
6 0.7190635451505016 0.8528428093645485 0.24581939799331104 0.2608695652173913
6 0.2525083612040134 0.07190635451505016 0.26755852842809363 0.14214046822742474
6 0.49498327759197325 0.08361204013377926 0.26421404682274247 0.16722408026755853
6 0.10702341137123746 0.19899665551839466 0.21237458193979933 0.2625418060200669
6 0.0903010033444816 0.8946488294314381 0.1806020066889632 0.21070234113712374
6 0.8996655518394648 0.7140468227424749 0.20066889632107024 0.2909698996655518
6 0.16722408026755853 0.4431438127090301 0.2625418060200669 0.2508361204013378
6 0.882943143812709 0.2391304347826087 0.23244147157190637 0.23578595317725753