6 0.24247491638795987 0.048494983277591976 0.2976588628762542 0.09698996655518395
6 0.05518394648829431 0.7859531772575251 0.10869565217391304 0.38127090301003347
6 0.06521739130434782 0.205685618729097 0.13043478260869565 0.27424749163879597
4 0.4698996655518395 0.4983277591973244 0.4882943143812709 0.47491638795986624
6 0.9381270903010034 0.11036789297658862 0.11705685618729098 0.22073578595317725
6 0.6120401337792643 0.04013377926421405 0.24749163879598662 0.0802675585284281
6 0.3745819397993311 0.9113712374581939 0.22073578595317725 0.17725752508361203
6 0.8010033444816054 0.5936454849498328 0.205685618729097 0.26755852842809363
6 0.8595317725752508 0.362876254180602 0.2140468227424749 0.24581939799331104
6 0.9347826086956522 0.7090301003344481 0.13043478260869565 0.2709030100334448
6 0.7357859531772575 0.2140468227424749 0.2625418060200669 0.2391304347826087
6 0.6086956521739131 0.7709030100334449 0.23244147157190637 0.23578595317725753
6 0.14214046822742474 0.919732441471572 0.27424749163879597 0.1588628762541806
6 0.7959866220735786 0.9147157190635451 0.25418060200668896 0.1705685618729097