6 0.4096989966555184 0.8795986622073578 0.2508361204013378 0.2408026755852843
6 0.9782608695652174 0.8444816053511706 0.043478260869565216 0.30434782608695654
6 0.5451505016722408 0.9381270903010034 0.23411371237458195 0.12374581939799331
4 0.5484949832775919 0.5016722408026756 0.4280936454849498 0.4230769230769231
6 0.7190635451505016 0.8979933110367893 0.2408026755852843 0.2040133779264214
6 0.9347826086956522 0.26755852842809363 0.13043478260869565 0.20903010033444816
6 0.6254180602006689 0.11872909698996656 0.24247491638795987 0.23244147157190637
6 0.3511705685618729 0.09866220735785954 0.2525083612040134 0.19732441471571907
6 0.8244147157190636 0.11705685618729098 0.3010033444816054 0.225752508361204
6 0.931438127090301 0.47491638795986624 0.1354515050167224 0.2725752508361204
6 0.225752508361204 0.8561872909698997 0.25585284280936454 0.23745819397993312
6 0.3093645484949833 0.39297658862876256 0.205685618729097 0.2625418060200669
6 0.8862876254180602 0.8678929765886287 0.22408026755852842 0.26421404682274247
6 0.1354515050167224 0.15217391304347827 0.25418060200668896 0.2391304347826087
6 0.2508361204013378 0.6387959866220736 0.31438127090301005 0.22408026755852842
6 0.12876254180602006 0.40635451505016723 0.25585284280936454 0.25585284280936454