6 0.9882943143812709 0.39297658862876256 0.023411371237458192 0.24414715719063546
6 0.4866220735785953 0.6237458193979933 0.23076923076923078 0.15384615384615385
5 0.411371237458194 0.043478260869565216 0.13712374581939799 0.08528428093645485
6 0.9632107023411371 0.9414715719063546 0.07023411371237458 0.11538461538461539
6 0.9665551839464883 0.8712374581939799 0.06688963210702341 0.25418060200668896
6 0.18227424749163879 0.540133779264214 0.22909698996655517 0.15551839464882944
6 0.020066889632107024 0.3411371237458194 0.04013377926421405 0.2508361204013378
6 0.580267558528428 0.9615384615384616 0.2491638795986622 0.07692307692307693
6 0.046822742474916385 0.05016722408026756 0.09364548494983277 0.10033444816053512
6 0.2591973244147157 0.021739130434782608 0.2625418060200669 0.043478260869565216
6 0.5568561872909699 0.2909698996655518 0.24247491638795987 0.19899665551839466
6 0.8060200668896321 0.9414715719063546 0.2508361204013378 0.11538461538461539
6 0.9715719063545151 0.06521739130434782 0.05518394648829431 0.13043478260869565
4 0.28929765886287623 0.26588628762541805 0.42642140468227424 0.3528428093645485
6 0.8645484949832776 0.03511705685618729 0.21070234113712374 0.07023411371237458
2 0.5033444816053512 0.5050167224080268 0.28595317725752506 0.2792642140468227
6 0.6989966555183946 0.9113712374581939 0.22742474916387959 0.17725752508361203
6 0.9130434782608695 0.677257525083612 0.17391304347826086 0.22408026755852842
6 0.6555183946488294 0.048494983277591976 0.25418060200668896 0.09698996655518395
6 0.5618729096989966 0.8779264214046822 0.23076923076923078 0.22742474916387959
6 0.07023411371237458 0.5451505016722408 0.14046822742474915 0.25585284280936454
6 0.8478260869565217 0.4331103678929766 0.2608695652173913 0.23244147157190637
6 0.7408026755852842 0.6739130434782609 0.2491638795986622 0.2391304347826087
6 0.2792642140468227 0.7140468227424749 0.23578595317725753 0.28595317725752506
6 0.08862876254180602 0.931438127090301 0.17725752508361203 0.13043478260869565
6 0.8210702341137124 0.12374581939799331 0.2157190635451505 0.23745819397993312
6 0.27591973244147155 0.9096989966555183 0.23745819397993312 0.17892976588628762