4 0.5133779264214047 0.4983277591973244 0.4180602006688963 0.5334448160535117
6 0.35618729096989965 0.26421404682274247 0.2491638795986622 0.23244147157190637
6 0.9096989966555183 0.9715719063545151 0.17892976588628762 0.056856187290969896
6 0.7608695652173914 0.03511705685618729 0.24749163879598662 0.07023411371237458
6 0.2508361204013378 0.6555183946488294 0.24581939799331104 0.2391304347826087
6 0.0451505016722408 0.43812709030100333 0.08862876254180602 0.24247491638795987
6 0.05852842809364549 0.11872909698996656 0.11705685618729098 0.23745819397993312
6 0.09698996655518395 0.8645484949832776 0.1939799331103679 0.2508361204013378
6 0.4816053511705686 0.20903010033444816 0.22742474916387959 0.22240802675585283
6 0.22073578595317725 0.9247491638795987 0.2625418060200669 0.1505016722408027
6 0.14046822742474915 0.6304347826086957 0.2508361204013378 0.2608695652173913
6 0.6722408026755853 0.14381270903010032 0.23244147157190637 0.2591973244147157
6 0.44816053511705684 0.06020066889632107 0.2491638795986622 0.12040133779264214
6 0.5819397993311036 0.8394648829431438 0.2608695652173913 0.21906354515050167
6 0.1354515050167224 0.2826086956521739 0.23076923076923078 0.22742474916387959
6 0.8979933110367893 0.1254180602006689 0.20234113712374582 0.2508361204013378
6 0.8478260869565217 0.8244147157190636 0.26421404682274247 0.26421404682274247
6 0.225752508361204 0.1020066889632107 0.2508361204013378 0.2040133779264214