6 0.10702341137123746 0.9765886287625418 0.2140468227424749 0.04180602006688963
4 0.5117056856187291 0.4882943143812709 0.5 0.5351170568561873
6 0.06354515050167224 0.016722408026755852 0.12709030100334448 0.033444816053511704
6 0.038461538461538464 0.5752508361204013 0.07692307692307693 0.27591973244147155
6 0.9481605351170569 0.3528428093645485 0.10367892976588629 0.2792642140468227
6 0.8444816053511706 0.02508361204013378 0.2692307692307692 0.05016722408026756
6 0.19063545150501673 0.47324414715719065 0.24414715719063546 0.31438127090301005
6 0.028428093645484948 0.1939799331103679 0.056856187290969896 0.27424749163879597
6 0.11036789297658862 0.6889632107023411 0.22073578595317725 0.2608695652173913
6 0.24749163879598662 0.15719063545150502 0.2709030100334448 0.2792642140468227
6 0.9581939799331104 0.9331103678929766 0.08361204013377926 0.13043478260869565
6 0.7240802675585284 0.7374581939799331 0.2792642140468227 0.2391304347826087
6 0.14715719063545152 0.28762541806020064 0.2608695652173913 0.2491638795986622
6 0.8294314381270903 0.6220735785953178 0.24581939799331104 0.25752508361204013
6 0.13712374581939799 0.9063545150501672 0.2692307692307692 0.18561872909698995
6 0.45819397993311034 0.10367892976588629 0.2408026755852843 0.205685618729097
6 0.6137123745819398 0.8913043478260869 0.27424749163879597 0.2140468227424749
6 0.8361204013377926 0.18227424749163879 0.30267558528428096 0.2792642140468227