6 0.7792642140468228 0.011705685618729096 0.1605351170568562 0.023411371237458192
6 0.023411371237458192 0.06688963210702341 0.046822742474916385 0.13377926421404682
4 0.48494983277591974 0.459866220735786 0.44816053511705684 0.4214046822742475
6 0.6387959866220736 0.7090301003344481 0.3595317725752508 0.21070234113712374
6 0.9548494983277592 0.4698996655518395 0.0903010033444816 0.2408026755852843
6 0.061872909698996656 0.7759197324414716 0.12374581939799331 0.22073578595317725
6 0.1488294314381271 0.3093645484949833 0.2976588628762542 0.23076923076923078
6 0.9264214046822743 0.9113712374581939 0.14715719063545152 0.17725752508361203
6 0.33612040133779264 0.7224080267558528 0.3210702341137124 0.24414715719063546
6 0.8093645484949833 0.5936454849498328 0.2909698996655518 0.22909698996655517
6 0.15217391304347827 0.9063545150501672 0.24581939799331104 0.18729096989966554
6 0.7842809364548495 0.3210702341137124 0.22909698996655517 0.2491638795986622
6 0.27424749163879597 0.08361204013377926 0.28762541806020064 0.16722408026755853
6 0.07692307692307693 0.46488294314381273 0.15384615384615385 0.25418060200668896
6 0.3879598662207358 0.8745819397993311 0.2608695652173913 0.2508361204013378