4 0.5100334448160535 0.5050167224080268 0.45819397993311034 0.4531772575250836
6 0.6471571906354515 0.30267558528428096 0.2391304347826087 0.1956521739130435
6 0.6304347826086957 0.02508361204013378 0.23745819397993312 0.05016722408026756
6 0.9698996655518395 0.21237458193979933 0.06020066889632107 0.2508361204013378
6 0.04013377926421405 0.6421404682274248 0.0802675585284281 0.22742474916387959
6 0.44481605351170567 0.09866220735785954 0.22742474916387959 0.19732441471571907
6 0.07023411371237458 0.12374581939799331 0.14046822742474915 0.2157190635451505
6 0.782608695652174 0.38127090301003347 0.2391304347826087 0.2591973244147157
6 0.07023411371237458 0.9264214046822743 0.14046822742474915 0.14715719063545152
6 0.9347826086956522 0.42642140468227424 0.13043478260869565 0.22408026755852842
6 0.9063545150501672 0.07525083612040134 0.18561872909698995 0.1505016722408027
6 0.2157190635451505 0.06688963210702341 0.26421404682274247 0.13210702341137123
6 0.19063545150501673 0.47491638795986624 0.23244147157190637 0.23745819397993312
6 0.11036789297658862 0.33612040133779264 0.22073578595317725 0.2408026755852843
6 0.8076923076923077 0.6187290969899666 0.23244147157190637 0.24581939799331104
6 0.9080267558528428 0.7575250836120402 0.18394648829431437 0.22240802675585283
6 0.5050167224080268 0.9331103678929766 0.24749163879598662 0.13210702341137123
6 0.18729096989966554 0.6906354515050167 0.22408026755852842 0.225752508361204
6 0.3076923076923077 0.24414715719063546 0.23745819397993312 0.2508361204013378
6 0.6404682274247492 0.7993311036789298 0.2709030100334448 0.20735785953177258
6 0.7993311036789298 0.9046822742474916 0.22408026755852842 0.19063545150501673
6 0.2842809364548495 0.8896321070234113 0.24749163879598662 0.22073578595317725