6 0.7876254180602007 0.015050167224080268 0.32441471571906355 0.030100334448160536
4 0.4414715719063545 0.5267558528428093 0.5367892976588629 0.479933110367893
6 0.43478260869565216 0.023411371237458192 0.23244147157190637 0.046822742474916385
6 0.8695652173913043 0.47491638795986624 0.21739130434782608 0.20234113712374582
6 0.9581939799331104 0.07692307692307693 0.08361204013377926 0.15384615384615385
6 0.7123745819397993 0.8528428093645485 0.2491638795986622 0.22408026755852842
6 0.6036789297658863 0.19899665551839466 0.22909698996655517 0.21906354515050167
6 0.9163879598662207 0.3060200668896321 0.16555183946488294 0.2391304347826087
6 0.919732441471572 0.9230769230769231 0.1588628762541806 0.15384615384615385
6 0.0903010033444816 0.28595317725752506 0.1806020066889632 0.23244147157190637
6 0.0903010033444816 0.8545150501672241 0.17892976588628762 0.23076923076923078
6 0.10033444816053512 0.5434782608695652 0.20066889632107024 0.2391304347826087
6 0.7759197324414716 0.5852842809364549 0.22240802675585283 0.24749163879598662
6 0.5618729096989966 0.903010033444816 0.25752508361204013 0.1939799331103679
6 0.8979933110367893 0.7324414715719063 0.2040133779264214 0.24749163879598662
6 0.28762541806020064 0.903010033444816 0.25418060200668896 0.1939799331103679
6 0.13377926421404682 0.09197324414715718 0.23745819397993312 0.18227424749163879