3 0.5016722408026756 0.49498327759197325 0.5852842809364549 0.5217391304347826
5 0.9481605351170569 0.782608695652174 0.10367892976588629 0.12876254180602006
6 0.2692307692307692 0.33277591973244147 0.23578595317725753 0.27424749163879597
6 0.4916387959866221 0.9782608695652174 0.3010033444816054 0.043478260869565216
6 0.7842809364548495 0.7642140468227425 0.2842809364548495 0.2909698996655518
6 0.225752508361204 0.6839464882943144 0.2625418060200669 0.2608695652173913
6 0.7040133779264214 0.8578595317725752 0.2725752508361204 0.2826086956521739
6 0.2692307692307692 0.12207357859531773 0.25752508361204013 0.24414715719063546
6 0.06020066889632107 0.6906354515050167 0.11872909698996656 0.2792642140468227
6 0.8862876254180602 0.540133779264214 0.22742474916387959 0.2591973244147157
6 0.09531772575250837 0.26755852842809363 0.18896321070234115 0.26755852842809363
6 0.08695652173913043 0.07357859531772576 0.17391304347826086 0.14715719063545152
6 0.431438127090301 0.8511705685618729 0.2826086956521739 0.2525083612040134
6 0.8244147157190636 0.28595317725752506 0.27591973244147155 0.2842809364548495
6 0.8795986622073578 0.08695652173913043 0.23578595317725753 0.17391304347826086
6 0.6270903010033445 0.11705685618729098 0.3177257525083612 0.23411371237458195
6 0.17224080267558528 0.8929765886287625 0.3076923076923077 0.2140468227424749