6 0.9347826086956522 0.9464882943143813 0.12876254180602006 0.10702341137123746
4 0.5183946488294314 0.5702341137123745 0.5652173913043478 0.5535117056856187
6 0.802675585284281 0.2909698996655518 0.3511705685618729 0.27591973244147155
6 0.9331103678929766 0.38127090301003347 0.13377926421404682 0.3210702341137124
6 0.06020066889632107 0.03511705685618729 0.12040133779264214 0.07023411371237458
6 0.5100334448160535 0.03177257525083612 0.2725752508361204 0.061872909698996656
6 0.411371237458194 0.9147157190635451 0.31438127090301005 0.1705685618729097
6 0.8478260869565217 0.6588628762541806 0.25585284280936454 0.3210702341137124
6 0.5133779264214047 0.18896321070234115 0.29431438127090304 0.2491638795986622
6 0.1505016722408027 0.33277591973244147 0.24581939799331104 0.225752508361204
6 0.8093645484949833 0.11371237458193979 0.2909698996655518 0.22408026755852842
6 0.13377926421404682 0.5953177257525084 0.26755852842809363 0.33612040133779264
6 0.11705685618729098 0.8913043478260869 0.23411371237458195 0.21739130434782608
6 0.2976588628762542 0.12040133779264214 0.25418060200668896 0.2408026755852843