4 0.5434782608695652 0.49498327759197325 0.5367892976588629 0.5133779264214047
6 0.13879598662207357 0.3612040133779264 0.27759197324414714 0.2725752508361204
6 0.2909698996655518 0.9698996655518395 0.28762541806020064 0.06020066889632107
6 0.7023411371237458 0.9481605351170569 0.2909698996655518 0.10367892976588629
6 0.7123745819397993 0.038461538461538464 0.29431438127090304 0.07692307692307693
6 0.9481605351170569 0.9364548494983278 0.10367892976588629 0.12709030100334448
6 0.20066889632107024 0.2909698996655518 0.2608695652173913 0.2525083612040134
6 0.043478260869565216 0.560200668896321 0.08528428093645485 0.28762541806020064
6 0.9230769230769231 0.3712374581939799 0.15384615384615385 0.3177257525083612
6 0.09698996655518395 0.12040133779264214 0.1939799331103679 0.2408026755852843
6 0.42474916387959866 0.8645484949832776 0.2976588628762542 0.2692307692307692
5 0.6471571906354515 0.7441471571906354 0.1020066889632107 0.09531772575250837