4 0.4899665551839465 0.5 0.5936454849498328 0.459866220735786
6 0.9632107023411371 0.8795986622073578 0.07357859531772576 0.22742474916387959
6 0.4397993311036789 0.043478260869565216 0.33444816053511706 0.08528428093645485
6 0.1354515050167224 0.05852842809364549 0.2625418060200669 0.11705685618729098
6 0.7341137123745819 0.061872909698996656 0.26421404682274247 0.12374581939799331
6 0.822742474916388 0.3528428093645485 0.24581939799331104 0.22909698996655517
6 0.07525083612040134 0.8862876254180602 0.1505016722408027 0.22742474916387959
6 0.225752508361204 0.13210702341137123 0.27591973244147155 0.2625418060200669
6 0.8244147157190636 0.8946488294314381 0.24749163879598662 0.20903010033444816
6 0.6471571906354515 0.7558528428093646 0.25418060200668896 0.2909698996655518
6 0.10033444816053512 0.6053511705685619 0.20066889632107024 0.24749163879598662
6 0.9080267558528428 0.13377926421404682 0.18394648829431437 0.24749163879598662
6 0.12374581939799331 0.3695652173913043 0.24749163879598662 0.225752508361204
6 0.22909698996655517 0.7692307692307693 0.2709030100334448 0.2508361204013378
6 0.8444816053511706 0.6086956521739131 0.27424749163879597 0.27759197324414714