6 0.020066889632107024 0.10033444816053512 0.04013377926421405 0.20066889632107024
6 0.07525083612040134 0.9615384615384616 0.1505016722408027 0.07023411371237458
6 0.3795986622073579 0.1354515050167224 0.2842809364548495 0.2591973244147157
6 0.9765886287625418 0.2608695652173913 0.0451505016722408 0.2591973244147157
4 0.5033444816053512 0.5016722408026756 0.45652173913043476 0.4080267558528428
6 0.1254180602006689 0.8127090301003345 0.2508361204013378 0.2959866220735786
6 0.043478260869565216 0.5869565217391305 0.08528428093645485 0.2959866220735786
6 0.4397993311036789 0.8963210702341137 0.32274247491638797 0.205685618729097
6 0.8929765886287625 0.9615384615384616 0.21237458193979933 0.07692307692307693
6 0.17558528428093645 0.9013377926421404 0.2525083612040134 0.19732441471571907
6 0.10869565217391304 0.2391304347826087 0.21739130434782608 0.22240802675585283
6 0.4782608695652174 0.08361204013377926 0.26755852842809363 0.16722408026755853
6 0.17224080267558528 0.46321070234113715 0.25418060200668896 0.26755852842809363
6 0.9280936454849499 0.6672240802675585 0.14381270903010032 0.2792642140468227
6 0.9147157190635451 0.12876254180602006 0.1705685618729097 0.25752508361204013
6 0.12207357859531773 0.11371237458193979 0.24414715719063546 0.225752508361204
6 0.6438127090301003 0.22408026755852842 0.2608695652173913 0.2391304347826087
6 0.8394648829431438 0.3779264214046823 0.2909698996655518 0.3210702341137124
6 0.7909698996655519 0.7759197324414716 0.24581939799331104 0.24749163879598662