6 0.46321070234113715 0.8060200668896321 0.19230769230769232 0.18561872909698995
6 0.09698996655518395 0.06688963210702341 0.1939799331103679 0.13377926421404682
6 0.023411371237458192 0.22240802675585283 0.046822742474916385 0.2725752508361204
4 0.4682274247491639 0.48327759197324416 0.5351170568561873 0.5083612040133779
6 0.3060200668896321 0.07190635451505016 0.23745819397993312 0.14381270903010032
6 0.5284280936454849 0.0451505016722408 0.2408026755852843 0.08862876254180602
6 0.4498327759197324 0.16387959866220736 0.2792642140468227 0.20234113712374582
6 0.12876254180602006 0.13043478260869565 0.2508361204013378 0.2591973244147157
6 0.16220735785953178 0.6020066889632107 0.24749163879598662 0.21906354515050167
6 0.6655518394648829 0.7474916387959866 0.23411371237458195 0.2608695652173913
6 0.8210702341137124 0.34782608695652173 0.2608695652173913 0.24414715719063546
6 0.2608695652173913 0.794314381270903 0.21237458193979933 0.21739130434782608
6 0.13043478260869565 0.4096989966555184 0.23076923076923078 0.225752508361204
6 0.8812709030100334 0.7391304347826086 0.23745819397993312 0.2408026755852843
6 0.6789297658862876 0.14381270903010032 0.2608695652173913 0.25418060200668896
6 0.0903010033444816 0.7993311036789298 0.1806020066889632 0.27759197324414714
6 0.882943143812709 0.5016722408026756 0.23244147157190637 0.2625418060200669