6 0.43478260869565216 0.6003344481605352 0.205685618729097 0.18227424749163879
6 0.9632107023411371 0.9147157190635451 0.07357859531772576 0.16387959866220736
6 0.9280936454849499 0.9297658862876255 0.14381270903010032 0.13712374581939799
6 0.9515050167224081 0.15384615384615385 0.09698996655518395 0.22742474916387959
4 0.4498327759197324 0.4866220735785953 0.5217391304347826 0.4531772575250836
6 0.043478260869565216 0.05351170568561873 0.08528428093645485 0.10702341137123746
6 0.18227424749163879 0.06354515050167224 0.25752508361204013 0.12709030100334448
6 0.6488294314381271 0.7675585284280937 0.22240802675585283 0.2491638795986622
6 0.919732441471572 0.5217391304347826 0.1588628762541806 0.2976588628762542
6 0.04180602006688963 0.25418060200668896 0.08361204013377926 0.25418060200668896
6 0.34448160535117056 0.8729096989966555 0.3110367892976589 0.25418060200668896
6 0.6454849498327759 0.9431438127090301 0.2709030100334448 0.11371237458193979
6 0.28595317725752506 0.08193979933110368 0.2608695652173913 0.16387959866220736
6 0.9063545150501672 0.20735785953177258 0.18729096989966554 0.25418060200668896
6 0.725752508361204 0.2591973244147157 0.23076923076923078 0.2792642140468227
6 0.5468227424749164 0.7591973244147158 0.22240802675585283 0.2391304347826087
6 0.8846153846153846 0.7575250836120402 0.225752508361204 0.2625418060200669
6 0.7207357859531772 0.06688963210702341 0.24581939799331104 0.13210702341137123
6 0.7474916387959866 0.5752508361204013 0.26421404682274247 0.23745819397993312
6 0.1505016722408027 0.6839464882943144 0.2525083612040134 0.2491638795986622
6 0.09531772575250837 0.8963210702341137 0.19063545150501673 0.20735785953177258