6 0.023411371237458192 0.6672240802675585 0.046822742474916385 0.34448160535117056
6 0.43645484949832775 0.013377926421404682 0.25752508361204013 0.026755852842809364
6 0.9732441471571907 0.7123745819397993 0.05351170568561873 0.2725752508361204
4 0.49498327759197325 0.49498327759197325 0.4397993311036789 0.45819397993311034
6 0.9698996655518395 0.07692307692307693 0.06020066889632107 0.15384615384615385
6 0.7474916387959866 0.033444816053511704 0.24414715719063546 0.06688963210702341
6 0.5886287625418061 0.056856187290969896 0.24247491638795987 0.11371237458193979
6 0.6722408026755853 0.9581939799331104 0.24414715719063546 0.08361204013377926
6 0.43478260869565216 0.9481605351170569 0.2608695652173913 0.10367892976588629
6 0.06020066889632107 0.2625418060200669 0.12040133779264214 0.24414715719063546
6 0.8478260869565217 0.6705685618729097 0.23244147157190637 0.2591973244147157
6 0.7090301003344481 0.7224080267558528 0.225752508361204 0.22742474916387959
6 0.19230769230769232 0.6488294314381271 0.24749163879598662 0.23244147157190637
6 0.09364548494983277 0.07525083612040134 0.18729096989966554 0.1505016722408027
6 0.8478260869565217 0.8879598662207357 0.225752508361204 0.22408026755852842
6 0.8645484949832776 0.14046822742474915 0.2391304347826087 0.2391304347826087
6 0.2525083612040134 0.8729096989966555 0.25418060200668896 0.25418060200668896
6 0.6672240802675585 0.20735785953177258 0.23076923076923078 0.23244147157190637
6 0.8327759197324415 0.43812709030100333 0.25752508361204013 0.23578595317725753
6 0.16722408026755853 0.4180602006688963 0.2709030100334448 0.2525083612040134