6 0.2909698996655518 0.4331103678929766 0.26755852842809363 0.2157190635451505
4 0.48494983277591974 0.560200668896321 0.49498327759197325 0.44816053511705684
6 0.9698996655518395 0.06521739130434782 0.06020066889632107 0.13043478260869565
6 0.4297658862876254 0.06688963210702341 0.2608695652173913 0.13377926421404682
6 0.9732441471571907 0.560200668896321 0.05351170568561873 0.2909698996655518
6 0.9180602006688964 0.20234113712374582 0.16220735785953178 0.26755852842809363
6 0.5836120401337793 0.0903010033444816 0.2692307692307692 0.1806020066889632
6 0.8561872909698997 0.42642140468227424 0.28762541806020064 0.30267558528428096
6 0.051839464882943144 0.10535117056856187 0.10367892976588629 0.21070234113712374
6 0.06856187290969899 0.520066889632107 0.1354515050167224 0.27759197324414714
6 0.1254180602006689 0.3193979933110368 0.2508361204013378 0.25418060200668896
6 0.4197324414715719 0.23745819397993312 0.2976588628762542 0.2408026755852843
6 0.21739130434782608 0.12040133779264214 0.27759197324414714 0.2391304347826087