4 0.31270903010033446 0.13043478260869565 0.5033444816053512 0.2608695652173913
6 0.9732441471571907 0.4397993311036789 0.05351170568561873 0.225752508361204
6 0.03678929765886288 0.6354515050167224 0.07357859531772576 0.24749163879598662
4 0.5217391304347826 0.5066889632107023 0.4682274247491639 0.48494983277591974
6 0.725752508361204 0.048494983277591976 0.2725752508361204 0.09698996655518395
6 0.048494983277591976 0.9163879598662207 0.09698996655518395 0.16220735785953178
6 0.9180602006688964 0.11538461538461539 0.16220735785953178 0.22742474916387959
6 0.061872909698996656 0.19732441471571907 0.12374581939799331 0.2625418060200669
6 0.22073578595317725 0.9347826086956522 0.2508361204013378 0.13043478260869565
6 0.8010033444816054 0.7976588628762542 0.28929765886287623 0.24749163879598662
6 0.17725752508361203 0.3729096989966555 0.2826086956521739 0.24581939799331104
6 0.4431438127090301 0.8595317725752508 0.2391304347826087 0.23076923076923078
6 0.882943143812709 0.580267558528428 0.22909698996655517 0.225752508361204
6 0.24247491638795987 0.7290969899665551 0.24247491638795987 0.2608695652173913