4 0.5117056856187291 0.5250836120401338 0.41638795986622074 0.5150501672240803
6 0.05852842809364549 0.07692307692307693 0.11705685618729098 0.15384615384615385
6 0.4866220735785953 0.9264214046822743 0.2976588628762542 0.14715719063545152
6 0.056856187290969896 0.5986622073578596 0.11371237458193979 0.2842809364548495
6 0.40635451505016723 0.8963210702341137 0.2625418060200669 0.20234113712374582
6 0.8612040133779264 0.1254180602006689 0.27759197324414714 0.24749163879598662
6 0.1454849498327759 0.08695652173913043 0.28762541806020064 0.1705685618729097
6 0.10033444816053512 0.2976588628762542 0.20066889632107024 0.35451505016722407
6 0.5635451505016722 0.15719063545150502 0.36622073578595316 0.2608695652173913
6 0.7809364548494984 0.9264214046822743 0.27759197324414714 0.14715719063545152
6 0.20735785953177258 0.6605351170568562 0.3411371237458194 0.2959866220735786
6 0.3729096989966555 0.08361204013377926 0.26421404682274247 0.16722408026755853
6 0.9364548494983278 0.9214046822742475 0.12709030100334448 0.15719063545150502
6 0.9230769230769231 0.7140468227424749 0.15384615384615385 0.3093645484949833
6 0.2040133779264214 0.8913043478260869 0.28762541806020064 0.21739130434782608
6 0.8712374581939799 0.3779264214046823 0.25752508361204013 0.29431438127090304