6 0.8846153846153846 0.11705685618729098 0.22909698996655517 0.20903010033444816
4 0.5066889632107023 0.49665551839464883 0.459866220735786 0.48327759197324416
6 0.033444816053511704 0.15217391304347827 0.06521739130434782 0.26755852842809363
6 0.8678929765886287 0.959866220735786 0.24414715719063546 0.0802675585284281
6 0.3010033444816054 0.8076923076923077 0.2591973244147157 0.23244147157190637
6 0.07190635451505016 0.13712374581939799 0.14381270903010032 0.2408026755852843
6 0.8511705685618729 0.5317725752508361 0.2625418060200669 0.3277591973244147
6 0.3712374581939799 0.8528428093645485 0.25418060200668896 0.2625418060200669
6 0.9464882943143813 0.0802675585284281 0.10702341137123746 0.1588628762541806
6 0.7709030100334449 0.026755852842809364 0.23076923076923078 0.05351170568561873
6 0.959866220735786 0.7491638795986622 0.0802675585284281 0.2391304347826087
6 0.7642140468227425 0.2157190635451505 0.22240802675585283 0.22742474916387959
6 0.8695652173913043 0.9130434782608695 0.24247491638795987 0.1705685618729097
6 0.7909698996655519 0.34448160535117056 0.23244147157190637 0.24749163879598662
6 0.5451505016722408 0.8595317725752508 0.2491638795986622 0.2408026755852843
6 0.14214046822742474 0.9347826086956522 0.2508361204013378 0.13043478260869565
6 0.21739130434782608 0.2909698996655518 0.24749163879598662 0.30434782608695654
6 0.35618729096989965 0.09698996655518395 0.24414715719063546 0.1939799331103679