6 0.9899665551839465 0.18394648829431437 0.01839464882943144 0.25418060200668896
6 0.023411371237458192 0.27759197324414714 0.0451505016722408 0.25418060200668896
6 0.35451505016722407 0.9247491638795987 0.3093645484949833 0.1505016722408027
4 0.5066889632107023 0.46488294314381273 0.5334448160535117 0.5133779264214047
6 0.5301003344481605 0.8076923076923077 0.2976588628762542 0.24247491638795987
6 0.1354515050167224 0.043478260869565216 0.23745819397993312 0.08528428093645485
6 0.9331103678929766 0.05351170568561873 0.13210702341137123 0.10702341137123746
6 0.8511705685618729 0.9682274247491639 0.2625418060200669 0.06354515050167224
6 0.12207357859531773 0.7658862876254181 0.24414715719063546 0.3010033444816054
6 0.6270903010033445 0.9548494983277592 0.23578595317725753 0.0903010033444816
6 0.28595317725752506 0.14715719063545152 0.23578595317725753 0.2525083612040134
6 0.12876254180602006 0.5267558528428093 0.24749163879598662 0.23244147157190637
6 0.4899665551839465 0.11705685618729098 0.205685618729097 0.23411371237458195
6 0.919732441471572 0.40468227424749165 0.1588628762541806 0.23745819397993312
6 0.8896321070234113 0.6187290969899666 0.22073578595317725 0.2608695652173913
6 0.794314381270903 0.7909698996655519 0.24247491638795987 0.225752508361204