6 0.979933110367893 0.07692307692307693 0.038461538461538464 0.15217391304347827
6 0.10535117056856187 0.023411371237458192 0.21070234113712374 0.046822742474916385
6 0.07023411371237458 0.7307692307692307 0.14046822742474915 0.23076923076923078
6 0.38461538461538464 0.9816053511705686 0.2408026755852843 0.03511705685618729
6 0.9749163879598662 0.7759197324414716 0.05016722408026756 0.2809364548494983
6 0.8578595317725752 0.40468227424749165 0.27424749163879597 0.2508361204013378
6 0.7357859531772575 0.7876254180602007 0.23745819397993312 0.19230769230769232
6 0.5133779264214047 0.033444816053511704 0.2725752508361204 0.06521739130434782
6 0.9698996655518395 0.5384615384615384 0.06020066889632107 0.23244147157190637
4 0.4698996655518395 0.5133779264214047 0.4397993311036789 0.4665551839464883
6 0.08862876254180602 0.9715719063545151 0.17725752508361203 0.056856187290969896
6 0.4816053511705686 0.0903010033444816 0.24749163879598662 0.1806020066889632
6 0.5953177257525084 0.9481605351170569 0.2525083612040134 0.10367892976588629
6 0.19063545150501673 0.3528428093645485 0.24749163879598662 0.22240802675585283
6 0.1688963210702341 0.46153846153846156 0.23578595317725753 0.23076923076923078
6 0.7357859531772575 0.6655518394648829 0.24247491638795987 0.24247491638795987
6 0.06354515050167224 0.22240802675585283 0.12709030100334448 0.27591973244147155
6 0.09364548494983277 0.8327759197324415 0.18561872909698995 0.2408026755852843
6 0.8612040133779264 0.11538461538461539 0.2725752508361204 0.22909698996655517
6 0.3210702341137124 0.8444816053511706 0.31438127090301005 0.26421404682274247
6 0.9063545150501672 0.9414715719063546 0.18729096989966554 0.11705685618729098
6 0.677257525083612 0.23076923076923078 0.2391304347826087 0.22742474916387959