4 0.5016722408026756 0.4899665551839465 0.48494983277591974 0.5083612040133779
6 0.023411371237458192 0.5167224080267558 0.0451505016722408 0.23076923076923078
6 0.29431438127090304 0.033444816053511704 0.2709030100334448 0.06688963210702341
6 0.5936454849498328 0.9615384615384616 0.25752508361204013 0.07692307692307693
6 0.8963210702341137 0.9548494983277592 0.20735785953177258 0.0903010033444816
6 0.07692307692307693 0.2976588628762542 0.15384615384615385 0.26755852842809363
6 0.9163879598662207 0.31270903010033446 0.16555183946488294 0.23244147157190637
6 0.7842809364548495 0.4214046822742475 0.2391304347826087 0.3311036789297659
6 0.07525083612040134 0.8010033444816054 0.1505016722408027 0.26421404682274247
6 0.08361204013377926 0.07859531772575251 0.16722408026755853 0.15551839464882944
6 0.20903010033444816 0.9247491638795987 0.24414715719063546 0.1505016722408027
6 0.3210702341137124 0.7809364548494984 0.30434782608695654 0.2725752508361204
6 0.23076923076923078 0.17892976588628762 0.24414715719063546 0.2591973244147157