6 0.17725752508361203 0.33444816053511706 0.2391304347826087 0.20234113712374582
4 0.5117056856187291 0.520066889632107 0.5117056856187291 0.5183946488294314
6 0.043478260869565216 0.20903010033444816 0.08528428093645485 0.25585284280936454
6 0.17224080267558528 0.9565217391304348 0.27424749163879597 0.08528428093645485
6 0.038461538461538464 0.7357859531772575 0.07692307692307693 0.24749163879598662
6 0.6889632107023411 0.9364548494983278 0.2608695652173913 0.12709030100334448
6 0.9347826086956522 0.5117056856187291 0.13043478260869565 0.2591973244147157
6 0.5886287625418061 0.9214046822742475 0.225752508361204 0.15551839464882944
6 0.9531772575250836 0.7759197324414716 0.09364548494983277 0.27424749163879597
6 0.22073578595317725 0.24749163879598662 0.27424749163879597 0.24581939799331104
6 0.9013377926421404 0.9364548494983278 0.19732441471571907 0.12709030100334448
6 0.1254180602006689 0.48494983277591974 0.2508361204013378 0.25585284280936454
6 0.12374581939799331 0.07692307692307693 0.24749163879598662 0.15384615384615385
6 0.7408026755852842 0.7759197324414716 0.24414715719063546 0.21906354515050167
6 0.13712374581939799 0.8862876254180602 0.27424749163879597 0.225752508361204
6 0.6454849498327759 0.12207357859531773 0.28762541806020064 0.24414715719063546