4 0.4665551839464883 0.596989966555184 0.342809364548495 0.5769230769230769
5 0.26421404682274247 0.959866220735786 0.09364548494983277 0.0802675585284281
6 0.5217391304347826 0.021739130434782608 0.27424749163879597 0.04180602006688963
6 0.9414715719063546 0.9230769230769231 0.11538461538461539 0.15384615384615385
6 0.9515050167224081 0.32608695652173914 0.09698996655518395 0.2909698996655518
6 0.10702341137123746 0.8946488294314381 0.21237458193979933 0.21070234113712374
6 0.6103678929765887 0.07190635451505016 0.21070234113712374 0.14381270903010032
6 0.12709030100334448 0.7591973244147158 0.25418060200668896 0.2792642140468227
6 0.7692307692307693 0.8076923076923077 0.23244147157190637 0.23411371237458195
6 0.7290969899665551 0.25418060200668896 0.2709030100334448 0.2391304347826087
6 0.8561872909698997 0.08695652173913043 0.28595317725752506 0.17391304347826086
6 0.33277591973244147 0.16387959866220736 0.27424749163879597 0.27424749163879597
6 0.8210702341137124 0.49498327759197325 0.2709030100334448 0.2591973244147157