6 0.033444816053511704 0.10535117056856187 0.06354515050167224 0.18561872909698995
6 0.2391304347826087 0.010033444816053512 0.2709030100334448 0.020066889632107024
3 0.5384615384615384 0.5117056856187291 0.568561872909699 0.6304347826086957
6 0.4816053511705686 0.9682274247491639 0.3963210702341137 0.061872909698996656
0 0.8511705685618729 0.15384615384615385 0.2976588628762542 0.3076923076923077
6 0.979933110367893 0.7107023411371237 0.04013377926421405 0.2608695652173913
6 0.8528428093645485 0.15551839464882944 0.29431438127090304 0.3060200668896321
6 0.8812709030100334 0.8913043478260869 0.23076923076923078 0.21739130434782608
6 0.431438127090301 0.07525083612040134 0.24414715719063546 0.1505016722408027
6 0.043478260869565216 0.6287625418060201 0.08528428093645485 0.2725752508361204
6 0.568561872909699 0.9096989966555183 0.3076923076923077 0.1806020066889632
6 0.8862876254180602 0.4882943143812709 0.22742474916387959 0.3210702341137124
6 0.21739130434782608 0.8913043478260869 0.3010033444816054 0.21739130434782608
6 0.18227424749163879 0.4013377926421405 0.2993311036789298 0.24749163879598662
6 0.5735785953177257 0.051839464882943144 0.25752508361204013 0.10367892976588629
6 0.11371237458193979 0.8846153846153846 0.225752508361204 0.22909698996655517
6 0.31438127090301005 0.16722408026755853 0.3060200668896321 0.3210702341137124
6 0.1020066889632107 0.6237458193979933 0.2040133779264214 0.2993311036789298
6 0.08862876254180602 0.2157190635451505 0.17725752508361203 0.22408026755852842
6 0.09364548494983277 0.06521739130434782 0.18561872909698995 0.13043478260869565
6 0.6070234113712375 0.20903010033444816 0.27424749163879597 0.24414715719063546