6 0.23745819397993312 0.9715719063545151 0.2826086956521739 0.05518394648829431
6 0.7608695652173914 0.14214046822742474 0.2976588628762542 0.2508361204013378
6 0.07357859531772576 0.5635451505016722 0.14715719063545152 0.2909698996655518
6 0.9849498327759197 0.23578595317725753 0.030100334448160536 0.2709030100334448
6 0.11204013377926421 0.6404682274247492 0.22408026755852842 0.34448160535117056
6 0.14381270903010032 0.24749163879598662 0.28762541806020064 0.31438127090301005
6 0.038461538461538464 0.919732441471572 0.07692307692307693 0.1605351170568562
4 0.5150501672240803 0.5033444816053512 0.5050167224080268 0.5618729096989966
6 0.6705685618729097 0.11371237458193979 0.2976588628762542 0.22742474916387959
6 0.8528428093645485 0.7892976588628763 0.2792642140468227 0.2591973244147157
6 0.23411371237458195 0.9096989966555183 0.29431438127090304 0.17892976588628762
6 0.8662207357859532 0.8862876254180602 0.26755852842809363 0.22742474916387959
6 0.2508361204013378 0.794314381270903 0.27591973244147155 0.2709030100334448
6 0.4080267558528428 0.06688963210702341 0.26421404682274247 0.13210702341137123
6 0.8729096989966555 0.41471571906354515 0.25418060200668896 0.32441471571906355