6 0.3110367892976589 0.03511705685618729 0.2725752508361204 0.07023411371237458
6 0.11036789297658862 0.9698996655518395 0.22073578595317725 0.05351170568561873
4 0.5050167224080268 0.5183946488294314 0.4414715719063545 0.4983277591973244
6 0.9632107023411371 0.16555183946488294 0.07357859531772576 0.24414715719063546
6 0.6555183946488294 0.9632107023411371 0.2508361204013378 0.07357859531772576
6 0.9648829431438127 0.8879598662207357 0.06856187290969899 0.22408026755852842
6 0.06688963210702341 0.6622073578595318 0.13377926421404682 0.2826086956521739
6 0.11036789297658862 0.08361204013377926 0.22073578595317725 0.16722408026755853
6 0.5 0.8444816053511706 0.27424749163879597 0.22240802675585283
6 0.9163879598662207 0.677257525083612 0.16722408026755853 0.24414715719063546
6 0.745819397993311 0.7625418060200669 0.23411371237458195 0.23745819397993312
6 0.4331103678929766 0.2140468227424749 0.25418060200668896 0.22742474916387959
6 0.14046822742474915 0.2976588628762542 0.25585284280936454 0.2591973244147157
6 0.7692307692307693 0.17224080267558528 0.2391304347826087 0.23076923076923078
6 0.903010033444816 0.362876254180602 0.19063545150501673 0.2408026755852843