6 0.7123745819397993 0.9832775919732442 0.2408026755852843 0.033444816053511704
4 0.5167224080267558 0.49665551839464883 0.4531772575250836 0.46153846153846156
6 0.9816053511705686 0.08528428093645485 0.03678929765886288 0.1688963210702341
6 0.8511705685618729 0.030100334448160536 0.24581939799331104 0.06020066889632107
6 0.4782608695652174 0.05351170568561873 0.2408026755852843 0.10702341137123746
6 0.4899665551839465 0.9548494983277592 0.23076923076923078 0.0903010033444816
6 0.9414715719063546 0.4331103678929766 0.11705685618729098 0.22408026755852842
6 0.07357859531772576 0.038461538461538464 0.14715719063545152 0.07692307692307693
6 0.8846153846153846 0.20903010033444816 0.22909698996655517 0.2625418060200669
6 0.919732441471572 0.9481605351170569 0.1605351170568562 0.10033444816053512
6 0.6070234113712375 0.06856187290969899 0.23076923076923078 0.1354515050167224
6 0.8076923076923077 0.6555183946488294 0.225752508361204 0.2157190635451505
6 0.05518394648829431 0.3277591973244147 0.10869565217391304 0.26421404682274247
6 0.2725752508361204 0.8846153846153846 0.2491638795986622 0.225752508361204
6 0.06354515050167224 0.9347826086956522 0.12709030100334448 0.13043478260869565
6 0.7909698996655519 0.7759197324414716 0.2508361204013378 0.22240802675585283
6 0.08361204013377926 0.6270903010033445 0.16722408026755853 0.2709030100334448
6 0.27591973244147155 0.7491638795986622 0.2591973244147157 0.25585284280936454
6 0.18896321070234115 0.4331103678929766 0.225752508361204 0.22742474916387959
6 0.21739130434782608 0.1588628762541806 0.27424749163879597 0.24414715719063546
6 0.7591973244147158 0.24414715719063546 0.26421404682274247 0.24581939799331104