4 0.5117056856187291 0.5183946488294314 0.4214046822742475 0.45484949832775917
6 0.6053511705685619 0.06354515050167224 0.2792642140468227 0.12709030100334448
6 0.6906354515050167 0.05351170568561873 0.24581939799331104 0.10702341137123746
6 0.9515050167224081 0.20066889632107024 0.09698996655518395 0.22742474916387959
6 0.0451505016722408 0.4882943143812709 0.08862876254180602 0.2725752508361204
6 0.9080267558528428 0.9698996655518395 0.17725752508361203 0.06020066889632107
6 0.717391304347826 0.9464882943143813 0.2591973244147157 0.10702341137123746
6 0.03511705685618729 0.09364548494983277 0.07023411371237458 0.18227424749163879
6 0.9063545150501672 0.2976588628762542 0.18561872909698995 0.24247491638795987
6 0.08361204013377926 0.33277591973244147 0.16722408026755853 0.24581939799331104
6 0.43812709030100333 0.15551839464882944 0.3060200668896321 0.3060200668896321
6 0.21237458193979933 0.5250836120401338 0.2408026755852843 0.25752508361204013
6 0.27759197324414714 0.7809364548494984 0.29264214046822745 0.30267558528428096
6 0.22240802675585283 0.3076923076923077 0.2625418060200669 0.23578595317725753
6 0.09364548494983277 0.7157190635451505 0.18561872909698995 0.25752508361204013
6 0.5083612040133779 0.8963210702341137 0.2525083612040134 0.20735785953177258
6 0.17558528428093645 0.10702341137123746 0.26421404682274247 0.2140468227424749
6 0.8377926421404682 0.5050167224080268 0.2792642140468227 0.22240802675585283
6 0.09698996655518395 0.9280936454849499 0.1939799331103679 0.14381270903010032