6 0.2491638795986622 0.745819397993311 0.2608695652173913 0.29264214046822745
4 0.4866220735785953 0.5050167224080268 0.4280936454849498 0.43812709030100333
6 0.2625418060200669 0.2591973244147157 0.2608695652173913 0.27424749163879597
6 0.919732441471572 0.05016722408026756 0.1605351170568562 0.10033444816053512
6 0.8177257525083612 0.056856187290969896 0.24414715719063546 0.11204013377926421
6 0.9548494983277592 0.36789297658862874 0.0903010033444816 0.24247491638795987
6 0.17224080267558528 0.6789297658862876 0.27759197324414714 0.23244147157190637
6 0.06020066889632107 0.5351170568561873 0.12040133779264214 0.25752508361204013
6 0.205685618729097 0.17558528428093645 0.22408026755852842 0.23745819397993312
6 0.046822742474916385 0.11371237458193979 0.09364548494983277 0.22742474916387959
6 0.13043478260869565 0.939799331103679 0.2608695652173913 0.12040133779264214
6 0.8795986622073578 0.5719063545150501 0.2408026755852843 0.23411371237458195
6 0.8929765886287625 0.8260869565217391 0.21237458193979933 0.23745819397993312
6 0.6521739130434783 0.1605351170568562 0.3076923076923077 0.2491638795986622
6 0.6722408026755853 0.903010033444816 0.24414715719063546 0.1939799331103679