4 0.5351170568561873 0.5317725752508361 0.45484949832775917 0.45819397993311034
5 0.26755852842809363 0.06020066889632107 0.08361204013377926 0.09364548494983277
6 0.6672240802675585 0.8127090301003345 0.24749163879598662 0.23076923076923078
6 0.939799331103679 0.49331103678929766 0.11872909698996656 0.24414715719063546
6 0.2525083612040134 0.46321070234113715 0.2591973244147157 0.28762541806020064
6 0.959866220735786 0.3177257525083612 0.0802675585284281 0.2508361204013378
6 0.03511705685618729 0.20234113712374582 0.07023411371237458 0.26421404682274247
6 0.0903010033444816 0.0451505016722408 0.1806020066889632 0.08862876254180602
6 0.04180602006688963 0.8762541806020067 0.08361204013377926 0.2408026755852843
6 0.6454849498327759 0.043478260869565216 0.24581939799331104 0.08528428093645485
6 0.9331103678929766 0.8377926421404682 0.13210702341137123 0.21739130434782608
6 0.451505016722408 0.939799331103679 0.25418060200668896 0.11872909698996656
6 0.774247491638796 0.8561872909698997 0.22408026755852842 0.2725752508361204
6 0.20735785953177258 0.9230769230769231 0.2692307692307692 0.15384615384615385
6 0.2508361204013378 0.6237458193979933 0.2391304347826087 0.21906354515050167
6 0.7290969899665551 0.1939799331103679 0.24414715719063546 0.24749163879598662
6 0.07357859531772576 0.5117056856187291 0.14715719063545152 0.2608695652173913
6 0.8779264214046822 0.1505016722408027 0.23578595317725753 0.24581939799331104
6 0.8377926421404682 0.6387959866220736 0.2491638795986622 0.2391304347826087
6 0.17725752508361203 0.8127090301003345 0.23076923076923078 0.22408026755852842
6 0.49498327759197325 0.16722408026755853 0.2591973244147157 0.26755852842809363
6 0.19063545150501673 0.21739130434782608 0.26755852842809363 0.22909698996655517