5 0.33444816053511706 0.06354515050167224 0.14381270903010032 0.12709030100334448
4 0.49498327759197325 0.4665551839464883 0.4765886287625418 0.44481605351170567
6 0.9665551839464883 0.7976588628762542 0.06688963210702341 0.23745819397993312
6 0.17558528428093645 0.4531772575250836 0.21906354515050167 0.22408026755852842
6 0.09866220735785954 0.9531772575250836 0.19732441471571907 0.08695652173913043
6 0.26421404682274247 0.205685618729097 0.25752508361204013 0.22742474916387959
6 0.7642140468227425 0.3612040133779264 0.2157190635451505 0.225752508361204
6 0.7157190635451505 0.7073578595317725 0.21906354515050167 0.2491638795986622
6 0.12040133779264214 0.3210702341137124 0.2408026755852843 0.24749163879598662
6 0.9381270903010034 0.5434782608695652 0.12374581939799331 0.2525083612040134
6 0.07692307692307693 0.7424749163879598 0.15384615384615385 0.24749163879598662
6 0.11371237458193979 0.08528428093645485 0.225752508361204 0.1705685618729097
6 0.4297658862876254 0.7625418060200669 0.2842809364548495 0.24749163879598662
6 0.842809364548495 0.9247491638795987 0.20735785953177258 0.1505016722408027
6 0.6237458193979933 0.8896321070234113 0.23745819397993312 0.22073578595317725
6 0.8879598662207357 0.17558528428093645 0.22408026755852842 0.24247491638795987