6 0.046822742474916385 0.9632107023411371 0.09197324414715718 0.07190635451505016
4 0.5317725752508361 0.520066889632107 0.48327759197324416 0.5117056856187291
6 0.9163879598662207 0.013377926421404682 0.16555183946488294 0.026755852842809364
6 0.28929765886287623 0.9749163879598662 0.25752508361204013 0.05016722408026756
6 0.7976588628762542 0.03511705685618729 0.20234113712374582 0.07023411371237458
6 0.09866220735785954 0.637123745819398 0.19732441471571907 0.28929765886287623
6 0.9565217391304348 0.3394648829431438 0.08695652173913043 0.29264214046822745
6 0.8913043478260869 0.959866220735786 0.21739130434782608 0.0802675585284281
6 0.21906354515050167 0.42474916387959866 0.21906354515050167 0.21739130434782608
6 0.5133779264214047 0.9230769230769231 0.25585284280936454 0.15217391304347827
6 0.06020066889632107 0.3277591973244147 0.11872909698996656 0.26755852842809363
6 0.4816053511705686 0.16555183946488294 0.2408026755852843 0.24414715719063546
6 0.6120401337792643 0.8444816053511706 0.2608695652173913 0.25418060200668896
6 0.18227424749163879 0.5702341137123745 0.23745819397993312 0.23244147157190637
6 0.07859531772575251 0.10033444816053512 0.15719063545150502 0.20066889632107024
6 0.2508361204013378 0.22909698996655517 0.23076923076923078 0.20234113712374582
6 0.8645484949832776 0.8595317725752508 0.2709030100334448 0.2408026755852843
6 0.26421404682274247 0.7959866220735786 0.22408026755852842 0.2391304347826087
6 0.8361204013377926 0.39464882943143814 0.23745819397993312 0.2608695652173913
6 0.32608695652173914 0.10033444816053512 0.25752508361204013 0.20066889632107024
6 0.09531772575250837 0.8996655518394648 0.18896321070234115 0.1939799331103679
6 0.7374581939799331 0.1688963210702341 0.26755852842809363 0.24414715719063546
5 0.4280936454849498 0.7926421404682275 0.09364548494983277 0.08361204013377926