6 0.6321070234113713 0.9481605351170569 0.25752508361204013 0.10033444816053512
6 0.9080267558528428 0.061872909698996656 0.1705685618729097 0.12374581939799331
6 0.9682274247491639 0.6622073578595318 0.06354515050167224 0.25752508361204013
6 0.29264214046822745 0.6923076923076923 0.2408026755852843 0.25585284280936454
6 0.5083612040133779 0.033444816053511704 0.23745819397993312 0.06688963210702341
6 0.5150501672240803 0.9682274247491639 0.24581939799331104 0.061872909698996656
6 0.8311036789297659 0.5618729096989966 0.3294314381270903 0.28762541806020064
6 0.8093645484949833 0.30267558528428096 0.3294314381270903 0.25418060200668896
1 0.5167224080267558 0.5083612040133779 0.42642140468227424 0.47491638795986624
6 0.8645484949832776 0.7675585284280937 0.26421404682274247 0.2391304347826087
6 0.048494983277591976 0.05351170568561873 0.09698996655518395 0.10702341137123746
6 0.33277591973244147 0.046822742474916385 0.23578595317725753 0.09364548494983277
6 0.8478260869565217 0.09531772575250837 0.29264214046822745 0.18729096989966554
6 0.15551839464882944 0.822742474916388 0.2692307692307692 0.2157190635451505
6 0.41638795986622074 0.8528428093645485 0.2625418060200669 0.23578595317725753
6 0.12876254180602006 0.42474916387959866 0.22909698996655517 0.225752508361204
6 0.1505016722408027 0.919732441471572 0.2608695652173913 0.15551839464882944
6 0.10033444816053512 0.5785953177257525 0.20066889632107024 0.27424749163879597
6 0.9130434782608695 0.8913043478260869 0.17391304347826086 0.21739130434782608
6 0.7006688963210702 0.8812709030100334 0.2525083612040134 0.23578595317725753
6 0.5769230769230769 0.16220735785953178 0.25418060200668896 0.22742474916387959
6 0.3294314381270903 0.225752508361204 0.3093645484949833 0.2792642140468227
6 0.09866220735785954 0.20735785953177258 0.19732441471571907 0.24749163879598662
5 0.7491638795986622 0.16220735785953178 0.07190635451505016 0.07190635451505016