6 0.9531772575250836 0.9063545150501672 0.09197324414715718 0.13712374581939799
6 0.2508361204013378 0.9866220735785953 0.13377926421404682 0.026755852842809364
6 0.4866220735785953 0.016722408026755852 0.2826086956521739 0.033444816053511704
4 0.48494983277591974 0.49331103678929766 0.5384615384615384 0.520066889632107
6 0.030100334448160536 0.17558528428093645 0.06020066889632107 0.26421404682274247
6 0.32441471571906355 0.08862876254180602 0.24749163879598662 0.17725752508361203
6 0.6839464882943144 0.6722408026755853 0.3076923076923077 0.24581939799331104
6 0.11872909698996656 0.06856187290969899 0.23745819397993312 0.13712374581939799
6 0.051839464882943144 0.6906354515050167 0.10367892976588629 0.25752508361204013
6 0.9230769230769231 0.1454849498327759 0.15384615384615385 0.2508361204013378
6 0.7190635451505016 0.23745819397993312 0.2792642140468227 0.24749163879598662
6 0.13879598662207357 0.5117056856187291 0.2608695652173913 0.25418060200668896
6 0.794314381270903 0.8244147157190636 0.25585284280936454 0.2491638795986622
6 0.9046822742474916 0.411371237458194 0.19063545150501673 0.2709030100334448
6 0.4782608695652174 0.8762541806020067 0.27591973244147155 0.24749163879598662
6 0.23411371237458195 0.794314381270903 0.2625418060200669 0.23745819397993312