5 0.5836120401337793 0.7558528428093646 0.08361204013377926 0.08862876254180602
4 0.4882943143812709 0.5317725752508361 0.47157190635451507 0.4866220735785953
6 0.47491638795986624 0.0451505016722408 0.2508361204013378 0.0903010033444816
6 0.20066889632107024 0.9765886287625418 0.27424749163879597 0.046822742474916385
6 0.43645484949832775 0.9698996655518395 0.2508361204013378 0.06020066889632107
6 0.9414715719063546 0.46321070234113715 0.11538461538461539 0.26421404682274247
6 0.4665551839464883 0.8277591973244147 0.29264214046822745 0.25418060200668896
6 0.12207357859531773 0.25585284280936454 0.24414715719063546 0.24749163879598662
6 0.32274247491638797 0.26755852842809363 0.2909698996655518 0.3010033444816054
6 0.19899665551839466 0.5150501672240803 0.23244147157190637 0.2391304347826087
6 0.11036789297658862 0.08193979933110368 0.22073578595317725 0.16220735785953178
6 0.939799331103679 0.9180602006688964 0.11872909698996656 0.16220735785953178
6 0.9180602006688964 0.06020066889632107 0.16387959866220736 0.12040133779264214
6 0.7692307692307693 0.4013377926421405 0.24749163879598662 0.26421404682274247
6 0.08695652173913043 0.6471571906354515 0.17391304347826086 0.2709030100334448
6 0.697324414715719 0.9096989966555183 0.26421404682274247 0.1806020066889632
6 0.11872909698996656 0.8779264214046822 0.23578595317725753 0.22408026755852842
6 0.782608695652174 0.705685618729097 0.2491638795986622 0.2842809364548495
6 0.6103678929765887 0.20735785953177258 0.24414715719063546 0.22909698996655517
6 0.8394648829431438 0.18394648829431437 0.24749163879598662 0.24247491638795987