4 0.5050167224080268 0.5367892976588629 0.5752508361204013 0.46321070234113715
6 0.459866220735786 0.7775919732441472 0.31438127090301005 0.17224080267558528
6 0.9448160535117057 0.5568561872909699 0.11036789297658862 0.24414715719063546
6 0.4080267558528428 0.9280936454849499 0.2508361204013378 0.14381270903010032
6 0.717391304347826 0.931438127090301 0.2792642140468227 0.1354515050167224
6 0.7675585284280937 0.27759197324414714 0.25752508361204013 0.25418060200668896
6 0.8545150501672241 0.754180602006689 0.23244147157190637 0.30267558528428096
6 0.17391304347826086 0.2491638795986622 0.27759197324414714 0.2959866220735786
6 0.40635451505016723 0.15384615384615385 0.2842809364548495 0.3010033444816054
6 0.6923076923076923 0.10702341137123746 0.2591973244147157 0.20903010033444816
6 0.13210702341137123 0.8712374581939799 0.2608695652173913 0.25752508361204013