6 0.9665551839464883 0.362876254180602 0.06688963210702341 0.29431438127090304
6 0.028428093645484948 0.15551839464882944 0.056856187290969896 0.2692307692307692
6 0.9448160535117057 0.205685618729097 0.10869565217391304 0.27424749163879597
6 0.046822742474916385 0.862876254180602 0.09364548494983277 0.2508361204013378
6 0.07525083612040134 0.6086956521739131 0.1505016722408027 0.2809364548494983
6 0.11371237458193979 0.028428093645484948 0.225752508361204 0.056856187290969896
6 0.8678929765886287 0.9632107023411371 0.2508361204013378 0.07357859531772576
4 0.45652173913043476 0.49665551839464883 0.43645484949832775 0.5016722408026756
6 0.5836120401337793 0.043478260869565216 0.28595317725752506 0.08528428093645485
6 0.7558528428093646 0.22909698996655517 0.3210702341137124 0.3795986622073579
6 0.5752508361204013 0.9481605351170569 0.3010033444816054 0.10367892976588629
6 0.15551839464882944 0.16387959866220736 0.2408026755852843 0.22408026755852842
6 0.22240802675585283 0.725752508361204 0.2591973244147157 0.2591973244147157
6 0.09364548494983277 0.3695652173913043 0.18729096989966554 0.26755852842809363
6 0.19732441471571907 0.9163879598662207 0.28929765886287623 0.16555183946488294
6 0.3612040133779264 0.09364548494983277 0.27424749163879597 0.18561872909698995
6 0.8996655518394648 0.5903010033444817 0.20066889632107024 0.25418060200668896
6 0.7324414715719063 0.7474916387959866 0.29264214046822745 0.27759197324414714