6 0.7274247491638796 0.2959866220735786 0.33444816053511706 0.1806020066889632
6 0.7140468227424749 0.9849498327759197 0.30267558528428096 0.030100334448160536
6 0.23411371237458195 0.9816053511705686 0.23745819397993312 0.03678929765886288
6 0.0802675585284281 0.04013377926421405 0.1605351170568562 0.0802675585284281
6 0.9381270903010034 0.35785953177257523 0.12374581939799331 0.24414715719063546
6 0.03177257525083612 0.5016722408026756 0.061872909698996656 0.24247491638795987
6 0.04180602006688963 0.7575250836120402 0.08361204013377926 0.24749163879598662
6 0.44481605351170567 0.959866220735786 0.25418060200668896 0.0802675585284281
6 0.07190635451505016 0.17391304347826086 0.14381270903010032 0.24749163879598662
6 0.40635451505016723 0.782608695652174 0.23745819397993312 0.3010033444816054
6 0.7859531772575251 0.06856187290969899 0.2591973244147157 0.1354515050167224
6 0.2625418060200669 0.10869565217391304 0.25752508361204013 0.21739130434782608
6 0.5551839464882943 0.07023411371237458 0.24414715719063546 0.13879598662207357
6 0.754180602006689 0.4916387959866221 0.225752508361204 0.2792642140468227
6 0.8913043478260869 0.16387959866220736 0.21739130434782608 0.22742474916387959
2 0.5083612040133779 0.5016722408026756 0.32274247491638797 0.33277591973244147
6 0.24749163879598662 0.7759197324414716 0.24749163879598662 0.2491638795986622
6 0.725752508361204 0.6638795986622074 0.26421404682274247 0.21739130434782608
6 0.9180602006688964 0.8193979933110368 0.16387959866220736 0.27424749163879597
6 0.6722408026755853 0.8779264214046822 0.2826086956521739 0.225752508361204
6 0.0903010033444816 0.9163879598662207 0.17892976588628762 0.16555183946488294
6 0.1956521739130435 0.46321070234113715 0.2709030100334448 0.2491638795986622
6 0.32608695652173914 0.21906354515050167 0.2491638795986622 0.25418060200668896
5 0.6705685618729097 0.13879598662207357 0.09364548494983277 0.09698996655518395