4 0.459866220735786 0.520066889632107 0.47491638795986624 0.4397993311036789
6 0.5284280936454849 0.22742474916387959 0.3110367892976589 0.1956521739130435
6 0.6872909698996655 0.01839464882943144 0.2625418060200669 0.03678929765886288
6 0.9732441471571907 0.7675585284280937 0.05351170568561873 0.2709030100334448
6 0.5785953177257525 0.959866220735786 0.2391304347826087 0.0802675585284281
6 0.568561872909699 0.06521739130434782 0.24581939799331104 0.13043478260869565
6 0.745819397993311 0.48494983277591974 0.23745819397993312 0.23244147157190637
6 0.459866220735786 0.8377926421404682 0.24247491638795987 0.2709030100334448
6 0.2993311036789298 0.12040133779264214 0.27591973244147155 0.1939799331103679
6 0.8979933110367893 0.9046822742474916 0.20234113712374582 0.19063545150501673
6 0.8979933110367893 0.32441471571906355 0.20234113712374582 0.225752508361204
6 0.13043478260869565 0.6220735785953178 0.2608695652173913 0.2625418060200669
6 0.23244147157190637 0.8277591973244147 0.24414715719063546 0.25418060200668896
6 0.8645484949832776 0.6471571906354515 0.26755852842809363 0.24581939799331104
6 0.6822742474916388 0.8093645484949833 0.25418060200668896 0.25418060200668896
6 0.8093645484949833 0.1454849498327759 0.2826086956521739 0.21739130434782608