6 0.7307692307692307 0.41638795986622074 0.2976588628762542 0.29431438127090304
6 0.9481605351170569 0.038461538461538464 0.10367892976588629 0.07692307692307693
6 0.9782608695652174 0.5551839464882943 0.043478260869565216 0.28595317725752506
4 0.5 0.49498327759197325 0.4682274247491639 0.40468227424749165
6 0.9498327759197325 0.18227424749163879 0.10033444816053512 0.2508361204013378
6 0.9615384615384616 0.8394648829431438 0.07692307692307693 0.25418060200668896
6 0.6789297658862876 0.9331103678929766 0.23076923076923078 0.13377926421404682
6 0.47491638795986624 0.9464882943143813 0.225752508361204 0.10702341137123746
6 0.9147157190635451 0.3896321070234114 0.1705685618729097 0.23745819397993312
6 0.07023411371237458 0.8311036789297659 0.13879598662207357 0.2976588628762542
6 0.06521739130434782 0.19230769230769232 0.13043478260869565 0.2491638795986622
6 0.4765886287625418 0.07190635451505016 0.27759197324414714 0.14381270903010032
6 0.2508361204013378 0.6086956521739131 0.25585284280936454 0.26421404682274247
6 0.2508361204013378 0.919732441471572 0.27591973244147155 0.1588628762541806
6 0.5 0.7775919732441472 0.2709030100334448 0.2591973244147157
6 0.774247491638796 0.1705685618729097 0.2508361204013378 0.2408026755852843
6 0.205685618729097 0.36622073578595316 0.2625418060200669 0.2391304347826087
6 0.8779264214046822 0.9297658862876255 0.24414715719063546 0.14046822742474915
6 0.225752508361204 0.10702341137123746 0.24414715719063546 0.2140468227424749