4 0.49665551839464883 0.48494983277591974 0.4765886287625418 0.43812709030100333
6 0.9782608695652174 0.8545150501672241 0.04180602006688963 0.2608695652173913
6 0.05016722408026756 0.07357859531772576 0.10033444816053512 0.14715719063545152
6 0.3311036789297659 0.05518394648829431 0.24749163879598662 0.11036789297658862
6 0.043478260869565216 0.5652173913043478 0.08528428093645485 0.2959866220735786
6 0.822742474916388 0.5451505016722408 0.23411371237458195 0.22408026755852842
6 0.16555183946488294 0.9247491638795987 0.25752508361204013 0.1505016722408027
6 0.9013377926421404 0.9347826086956522 0.19063545150501673 0.13043478260869565
6 0.774247491638796 0.68561872909699 0.2725752508361204 0.24247491638795987
6 0.3612040133779264 0.2391304347826087 0.24414715719063546 0.225752508361204
6 0.18227424749163879 0.5 0.22742474916387959 0.26421404682274247
6 0.568561872909699 0.18561872909698995 0.22909698996655517 0.23745819397993312
6 0.9063545150501672 0.34615384615384615 0.18729096989966554 0.24581939799331104
6 0.13043478260869565 0.26421404682274247 0.2491638795986622 0.2391304347826087