4 0.5016722408026756 0.4899665551839465 0.4983277591973244 0.540133779264214
6 0.9816053511705686 0.782608695652174 0.03511705685618729 0.26755852842809363
6 0.03177257525083612 0.09531772575250837 0.06354515050167224 0.18896321070234115
6 0.6755852842809364 0.9698996655518395 0.2792642140468227 0.06020066889632107
6 0.06020066889632107 0.5183946488294314 0.12040133779264214 0.22408026755852842
6 0.1705685618729097 0.11705685618729098 0.27424749163879597 0.23411371237458195
6 0.29264214046822745 0.6688963210702341 0.25418060200668896 0.225752508361204
6 0.9096989966555183 0.9665551839464883 0.17725752508361203 0.06688963210702341
6 0.939799331103679 0.560200668896321 0.11872909698996656 0.26588628762541805
6 0.49331103678929766 0.8695652173913043 0.26755852842809363 0.25418060200668896
6 0.07859531772575251 0.9381270903010034 0.15719063545150502 0.12374581939799331
6 0.7558528428093646 0.6153846153846154 0.30267558528428096 0.2976588628762542
6 0.362876254180602 0.08361204013377926 0.2692307692307692 0.16722408026755853
6 0.7240802675585284 0.23411371237458195 0.2591973244147157 0.2591973244147157
6 0.7525083612040134 0.06688963210702341 0.3010033444816054 0.13377926421404682
6 0.09364548494983277 0.7525083612040134 0.18561872909698995 0.26421404682274247
6 0.07859531772575251 0.30434782608695654 0.15719063545150502 0.2608695652173913
6 0.8996655518394648 0.3093645484949833 0.20066889632107024 0.2709030100334448
6 0.2525083612040134 0.8729096989966555 0.2625418060200669 0.25418060200668896
6 0.8478260869565217 0.7909698996655519 0.28929765886287623 0.29431438127090304
6 0.21906354515050167 0.3193979933110368 0.25418060200668896 0.3177257525083612