4 0.5133779264214047 0.5468227424749164 0.4280936454849498 0.4531772575250836
6 0.7959866220735786 0.4397993311036789 0.21739130434782608 0.19732441471571907
6 0.7675585284280937 0.05518394648829431 0.21739130434782608 0.10869565217391304
6 0.9816053511705686 0.33444816053511706 0.03678929765886288 0.2508361204013378
6 0.40635451505016723 0.24247491638795987 0.25418060200668896 0.22742474916387959
6 0.17224080267558528 0.7240802675585284 0.20066889632107024 0.2491638795986622
6 0.580267558528428 0.8762541806020067 0.29431438127090304 0.24414715719063546
6 0.8929765886287625 0.9230769230769231 0.20735785953177258 0.15384615384615385
6 0.07190635451505016 0.08528428093645485 0.14381270903010032 0.1705685618729097
6 0.5953177257525084 0.26421404682274247 0.2709030100334448 0.19063545150501673
6 0.4498327759197324 0.05518394648829431 0.2525083612040134 0.11036789297658862
6 0.8996655518394648 0.5568561872909699 0.20066889632107024 0.2508361204013378
6 0.12374581939799331 0.9063545150501672 0.24749163879598662 0.1806020066889632
6 0.09364548494983277 0.6003344481605352 0.18729096989966554 0.27424749163879597
6 0.26421404682274247 0.38294314381270905 0.2525083612040134 0.2408026755852843
6 0.6939799331103679 0.11705685618729098 0.21739130434782608 0.23076923076923078
6 0.8528428093645485 0.27424749163879597 0.25752508361204013 0.25418060200668896
6 0.19899665551839466 0.14381270903010032 0.23076923076923078 0.28762541806020064
6 0.28595317725752506 0.617056856187291 0.20903010033444816 0.31605351170568563