6 0.2692307692307692 0.03678929765886288 0.2976588628762542 0.07357859531772576
6 0.9481605351170569 0.540133779264214 0.10367892976588629 0.2625418060200669
6 0.8645484949832776 0.5518394648829431 0.25752508361204013 0.25418060200668896
4 0.4782608695652174 0.49498327759197325 0.4682274247491639 0.43812709030100333
6 0.08193979933110368 0.8260869565217391 0.16387959866220736 0.18729096989966554
6 0.8929765886287625 0.28929765886287623 0.21070234113712374 0.2591973244147157
6 0.05351170568561873 0.9046822742474916 0.10702341137123746 0.19063545150501673
6 0.8528428093645485 0.11872909698996656 0.23244147157190637 0.23745819397993312
6 0.06020066889632107 0.2625418060200669 0.12040133779264214 0.27759197324414714
6 0.2157190635451505 0.6989966555183946 0.23244147157190637 0.23244147157190637
6 0.26755852842809363 0.20066889632107024 0.3110367892976589 0.2725752508361204
6 0.0903010033444816 0.5150501672240803 0.17892976588628762 0.2625418060200669
6 0.5735785953177257 0.19063545150501673 0.3093645484949833 0.2491638795986622
6 0.4916387959866221 0.8127090301003345 0.28762541806020064 0.25752508361204013
6 0.25585284280936454 0.9096989966555183 0.2976588628762542 0.1806020066889632
6 0.8946488294314381 0.8678929765886287 0.205685618729097 0.2525083612040134