4 0.4782608695652174 0.5217391304347826 0.4816053511705686 0.4765886287625418
6 0.9782608695652174 0.5652173913043478 0.04180602006688963 0.28595317725752506
6 0.023411371237458192 0.862876254180602 0.046822742474916385 0.27424749163879597
6 0.7374581939799331 0.6989966555183946 0.2959866220735786 0.23411371237458195
6 0.09197324414715718 0.9080267558528428 0.17892976588628762 0.18394648829431437
6 0.9732441471571907 0.342809364548495 0.05351170568561873 0.2709030100334448
6 0.9264214046822743 0.07357859531772576 0.14715719063545152 0.14715719063545152
6 0.8595317725752508 0.5484949832775919 0.2591973244147157 0.2792642140468227
6 0.2826086956521739 0.9381270903010034 0.2826086956521739 0.12374581939799331
6 0.11538461538461539 0.06688963210702341 0.22909698996655517 0.13210702341137123
6 0.10702341137123746 0.4280936454849498 0.21237458193979933 0.2508361204013378
6 0.8511705685618729 0.22742474916387959 0.29431438127090304 0.2491638795986622
6 0.7123745819397993 0.06354515050167224 0.3010033444816054 0.12709030100334448
6 0.13377926421404682 0.6588628762541806 0.26755852842809363 0.28595317725752506
6 0.6705685618729097 0.8779264214046822 0.2909698996655518 0.24414715719063546
6 0.4397993311036789 0.8779264214046822 0.2391304347826087 0.2391304347826087
6 0.411371237458194 0.06856187290969899 0.2976588628762542 0.1354515050167224
6 0.23745819397993312 0.1588628762541806 0.28595317725752506 0.3010033444816054
5 0.560200668896321 0.20903010033444816 0.09197324414715718 0.09531772575250837