4 0.5033444816053512 0.4882943143812709 0.47157190635451507 0.49665551839464883
6 0.6304347826086957 0.028428093645484948 0.2608695652173913 0.056856187290969896
6 0.033444816053511704 0.15551839464882944 0.06521739130434782 0.2909698996655518
6 0.24749163879598662 0.6354515050167224 0.28595317725752506 0.2976588628762542
6 0.1254180602006689 0.06521739130434782 0.2508361204013378 0.13043478260869565
6 0.8946488294314381 0.745819397993311 0.21070234113712374 0.34448160535117056
6 0.5735785953177257 0.8795986622073578 0.25752508361204013 0.2408026755852843
6 0.8846153846153846 0.10702341137123746 0.22909698996655517 0.21237458193979933
6 0.754180602006689 0.8377926421404682 0.26755852842809363 0.32274247491638797
6 0.7207357859531772 0.20066889632107024 0.2959866220735786 0.3210702341137124
6 0.09364548494983277 0.7792642140468228 0.18729096989966554 0.34448160535117056
6 0.2140468227424749 0.2842809364548495 0.27424749163879597 0.2909698996655518
6 0.29431438127090304 0.8795986622073578 0.28762541806020064 0.2408026755852843
6 0.4698996655518395 0.11538461538461539 0.2625418060200669 0.22742474916387959
5 0.2993311036789298 0.13043478260869565 0.1020066889632107 0.11036789297658862
5 0.6421404682274248 0.7374581939799331 0.08528428093645485 0.09364548494983277