4 0.5183946488294314 0.5100334448160535 0.4297658862876254 0.4414715719063545
6 0.19063545150501673 0.17725752508361203 0.17892976588628762 0.23244147157190637
6 0.2525083612040134 0.68561872909699 0.23076923076923078 0.21739130434782608
6 0.5083612040133779 0.9230769230769231 0.2959866220735786 0.1505016722408027
6 0.0451505016722408 0.9481605351170569 0.08862876254180602 0.10367892976588629
6 0.8846153846153846 0.479933110367893 0.225752508361204 0.23745819397993312
6 0.7976588628762542 0.023411371237458192 0.21739130434782608 0.046822742474916385
6 0.9632107023411371 0.3277591973244147 0.07357859531772576 0.2608695652173913
6 0.9331103678929766 0.046822742474916385 0.13210702341137123 0.09197324414715718
6 0.061872909698996656 0.11036789297658862 0.12374581939799331 0.20066889632107024
6 0.3177257525083612 0.03678929765886288 0.25418060200668896 0.07357859531772576
6 0.6036789297658863 0.931438127090301 0.2408026755852843 0.1354515050167224
6 0.1605351170568562 0.023411371237458192 0.225752508361204 0.0451505016722408
6 0.391304347826087 0.9565217391304348 0.23076923076923078 0.08695652173913043
6 0.6070234113712375 0.056856187290969896 0.20234113712374582 0.11204013377926421
6 0.9464882943143813 0.7023411371237458 0.10702341137123746 0.26755852842809363
6 0.8210702341137124 0.9698996655518395 0.2508361204013378 0.06020066889632107
6 0.046822742474916385 0.8913043478260869 0.09364548494983277 0.2040133779264214
6 0.9147157190635451 0.1588628762541806 0.1705685618729097 0.24749163879598662
6 0.22408026755852842 0.5451505016722408 0.205685618729097 0.24414715719063546
6 0.06354515050167224 0.24749163879598662 0.12709030100334448 0.22742474916387959
6 0.3093645484949833 0.8177257525083612 0.2608695652173913 0.24749163879598662
6 0.9565217391304348 0.9214046822742475 0.08528428093645485 0.15551839464882944
6 0.15217391304347827 0.8695652173913043 0.25418060200668896 0.22240802675585283
6 0.2993311036789298 0.16722408026755853 0.2508361204013378 0.2391304347826087
6 0.7792642140468228 0.09197324414715718 0.20234113712374582 0.18227424749163879
6 0.06020066889632107 0.6086956521739131 0.12040133779264214 0.2525083612040134
6 0.23244147157190637 0.3996655518394649 0.24414715719063546 0.23745819397993312
6 0.5234113712374582 0.18561872909698995 0.2391304347826087 0.2408026755852843
6 0.6755852842809364 0.782608695652174 0.2709030100334448 0.23244147157190637
6 0.8277591973244147 0.4331103678929766 0.23411371237458195 0.22240802675585283