5 0.033444816053511704 0.10869565217391304 0.06688963210702341 0.10869565217391304
6 0.9698996655518395 0.41471571906354515 0.06020066889632107 0.3010033444816054
6 0.7408026755852842 0.540133779264214 0.22408026755852842 0.3277591973244147
6 0.9732441471571907 0.06856187290969899 0.05351170568561873 0.13712374581939799
1 0.4698996655518395 0.43812709030100333 0.4983277591973244 0.4665551839464883
6 0.9782608695652174 0.7558528428093646 0.04180602006688963 0.2692307692307692
6 0.7424749163879598 0.22909698996655517 0.2692307692307692 0.21906354515050167
6 0.5050167224080268 0.11538461538461539 0.3411371237458194 0.22909698996655517
6 0.29431438127090304 0.7508361204013378 0.2826086956521739 0.2157190635451505
6 0.822742474916388 0.08361204013377926 0.27424749163879597 0.16722408026755853
6 0.07525083612040134 0.8729096989966555 0.1505016722408027 0.25418060200668896
6 0.24414715719063546 0.9264214046822743 0.24749163879598662 0.14715719063545152
6 0.205685618729097 0.09698996655518395 0.2826086956521739 0.1939799331103679
6 0.12876254180602006 0.5484949832775919 0.25585284280936454 0.27424749163879597
6 0.8913043478260869 0.5903010033444817 0.21739130434782608 0.2709030100334448
6 0.8762541806020067 0.8846153846153846 0.24414715719063546 0.23076923076923078