4 0.5066889632107023 0.5016722408026756 0.41304347826086957 0.431438127090301
6 0.9698996655518395 0.705685618729097 0.056856187290969896 0.24414715719063546
6 0.015050167224080268 0.2040133779264214 0.030100334448160536 0.2508361204013378
6 0.9515050167224081 0.046822742474916385 0.09698996655518395 0.09364548494983277
6 0.5852842809364549 0.08193979933110368 0.23745819397993312 0.16220735785953178
6 0.048494983277591976 0.49331103678929766 0.09698996655518395 0.25752508361204013
6 0.9498327759197325 0.19063545150501673 0.10033444816053512 0.23244147157190637
6 0.11538461538461539 0.479933110367893 0.22240802675585283 0.2408026755852843
6 0.6070234113712375 0.16220735785953178 0.25585284280936454 0.26421404682274247
6 0.23745819397993312 0.5936454849498328 0.20234113712374582 0.23244147157190637
6 0.774247491638796 0.3511705685618729 0.29431438127090304 0.2608695652173913
6 0.8963210702341137 0.697324414715719 0.205685618729097 0.21739130434782608
6 0.4983277591973244 0.9347826086956522 0.225752508361204 0.13043478260869565
6 0.11705685618729098 0.05852842809364549 0.23244147157190637 0.11705685618729098
6 0.7090301003344481 0.7224080267558528 0.20234113712374582 0.205685618729097
6 0.9080267558528428 0.8946488294314381 0.18227424749163879 0.21070234113712374
6 0.3411371237458194 0.7625418060200669 0.23745819397993312 0.20066889632107024
6 0.3110367892976589 0.919732441471572 0.20735785953177258 0.1588628762541806
6 0.15551839464882944 0.25752508361204013 0.21739130434782608 0.23244147157190637
6 0.11538461538461539 0.9080267558528428 0.22909698996655517 0.18227424749163879
6 0.35785953177257523 0.19230769230769232 0.24414715719063546 0.23244147157190637
6 0.7140468227424749 0.9013377926421404 0.2508361204013378 0.1956521739130435
5 0.9113712374581939 0.5301003344481605 0.12040133779264214 0.1020066889632107