6 0.03678929765886288 0.9347826086956522 0.07357859531772576 0.12374581939799331
6 0.8260869565217391 0.02508361204013378 0.23411371237458195 0.05016722408026756
6 0.9448160535117057 0.03511705685618729 0.11036789297658862 0.07023411371237458
6 0.6488294314381271 0.8645484949832776 0.22073578595317725 0.2709030100334448
6 0.023411371237458192 0.10702341137123746 0.046822742474916385 0.2140468227424749
4 0.5133779264214047 0.5317725752508361 0.47324414715719065 0.5066889632107023
6 0.4498327759197324 0.9264214046822743 0.26421404682274247 0.14715719063545152
6 0.06020066889632107 0.7976588628762542 0.11872909698996656 0.28762541806020064
6 0.2140468227424749 0.939799331103679 0.2709030100334448 0.12040133779264214
6 0.931438127090301 0.6555183946488294 0.13712374581939799 0.27759197324414714
6 0.4180602006688963 0.8244147157190636 0.28595317725752506 0.2391304347826087
6 0.9464882943143813 0.8913043478260869 0.10702341137123746 0.2157190635451505
6 0.5016722408026756 0.1688963210702341 0.3210702341137124 0.2909698996655518
6 0.23076923076923078 0.08193979933110368 0.2725752508361204 0.16220735785953178
6 0.8010033444816054 0.8377926421404682 0.24749163879598662 0.3177257525083612
6 0.8929765886287625 0.44481605351170567 0.2140468227424749 0.27591973244147155
6 0.6438127090301003 0.09197324414715718 0.2591973244147157 0.18394648829431437
6 0.3277591973244147 0.2591973244147157 0.28929765886287623 0.24247491638795987
6 0.1354515050167224 0.5869565217391305 0.25418060200668896 0.2709030100334448
6 0.8678929765886287 0.1806020066889632 0.26421404682274247 0.26755852842809363