5 0.617056856187291 0.9581939799331104 0.08862876254180602 0.0802675585284281
4 0.479933110367893 0.5150501672240803 0.5133779264214047 0.5050167224080268
6 0.020066889632107024 0.3511705685618729 0.04013377926421405 0.225752508361204
6 0.2625418060200669 0.3294314381270903 0.26755852842809363 0.26755852842809363
6 0.3494983277591973 0.9698996655518395 0.2408026755852843 0.06020066889632107
6 0.48494983277591974 0.17725752508361203 0.21906354515050167 0.2157190635451505
6 0.11872909698996656 0.9615384615384616 0.23578595317725753 0.07692307692307693
6 0.9113712374581939 0.9515050167224081 0.17725752508361203 0.0903010033444816
6 0.9498327759197325 0.30267558528428096 0.10033444816053512 0.24247491638795987
6 0.05351170568561873 0.11036789297658862 0.10702341137123746 0.22073578595317725
6 0.18394648829431437 0.24247491638795987 0.2591973244147157 0.2491638795986622
6 0.05518394648829431 0.7324414715719063 0.10869565217391304 0.27424749163879597
6 0.5418060200668896 0.10033444816053512 0.2408026755852843 0.20066889632107024
6 0.4698996655518395 0.903010033444816 0.25585284280936454 0.1939799331103679
6 0.2140468227424749 0.06856187290969899 0.25585284280936454 0.1354515050167224
6 0.2842809364548495 0.794314381270903 0.21906354515050167 0.24749163879598662
6 0.10033444816053512 0.5267558528428093 0.20066889632107024 0.23076923076923078
6 0.717391304347826 0.2508361204013378 0.2709030100334448 0.225752508361204
6 0.8277591973244147 0.459866220735786 0.24414715719063546 0.2391304347826087
6 0.8946488294314381 0.11204013377926421 0.2040133779264214 0.22408026755852842