6 0.013377926421404682 0.8127090301003345 0.026755852842809364 0.2608695652173913
6 0.05518394648829431 0.6538461538461539 0.10869565217391304 0.2391304347826087
6 0.12040133779264214 0.9866220735785953 0.23076923076923078 0.026755852842809364
6 0.9531772575250836 0.9698996655518395 0.09364548494983277 0.06020066889632107
6 0.9581939799331104 0.6488294314381271 0.08361204013377926 0.24749163879598662
4 0.5183946488294314 0.49498327759197325 0.3377926421404682 0.32441471571906355
6 0.22408026755852842 0.13712374581939799 0.2491638795986622 0.2508361204013378
6 0.3979933110367893 0.9765886287625418 0.24749163879598662 0.0451505016722408
6 0.8060200668896321 0.05351170568561873 0.2391304347826087 0.10702341137123746
6 0.038461538461538464 0.32608695652173914 0.07692307692307693 0.2625418060200669
6 0.9230769230769231 0.391304347826087 0.15384615384615385 0.2525083612040134
6 0.568561872909699 0.1588628762541806 0.24247491638795987 0.225752508361204
6 0.4331103678929766 0.7408026755852842 0.22909698996655517 0.2157190635451505
6 0.4782608695652174 0.0802675585284281 0.24749163879598662 0.1588628762541806
6 0.5652173913043478 0.8996655518394648 0.225752508361204 0.19732441471571907
6 0.9013377926421404 0.1588628762541806 0.1939799331103679 0.2157190635451505
6 0.7642140468227425 0.5769230769230769 0.22909698996655517 0.23745819397993312
6 0.8043478260869565 0.32274247491638797 0.24581939799331104 0.19732441471571907
6 0.8812709030100334 0.7240802675585284 0.21739130434782608 0.25418060200668896
6 0.2140468227424749 0.5234113712374582 0.2391304347826087 0.2391304347826087
6 0.6722408026755853 0.7842809364548495 0.23578595317725753 0.22909698996655517