6 0.015050167224080268 0.4899665551839465 0.030100334448160536 0.23745819397993312
6 0.020066889632107024 0.9297658862876255 0.04013377926421405 0.1354515050167224
6 0.5618729096989966 0.9866220735785953 0.2608695652173913 0.026755852842809364
4 0.5568561872909699 0.5769230769230769 0.4882943143812709 0.5618729096989966
6 0.2792642140468227 0.7357859531772575 0.29264214046822745 0.2959866220735786
6 0.1020066889632107 0.016722408026755852 0.2040133779264214 0.033444816053511704
6 0.10869565217391304 0.5869565217391305 0.21739130434782608 0.2792642140468227
6 0.13377926421404682 0.8494983277591973 0.2508361204013378 0.27759197324414714
6 0.33444816053511706 0.8729096989966555 0.30434782608695654 0.25418060200668896
6 0.959866220735786 0.3996655518394649 0.0802675585284281 0.2508361204013378
6 0.7625418060200669 0.03678929765886288 0.26755852842809363 0.07357859531772576
6 0.048494983277591976 0.2591973244147157 0.09698996655518395 0.25752508361204013
6 0.9113712374581939 0.6923076923076923 0.17725752508361203 0.27424749163879597
6 0.7993311036789298 0.3612040133779264 0.2809364548494983 0.22742474916387959
6 0.7140468227424749 0.17892976588628762 0.25752508361204013 0.24414715719063546
6 0.2491638795986622 0.41471571906354515 0.26421404682274247 0.25752508361204013
6 0.9113712374581939 0.16555183946488294 0.17725752508361203 0.2709030100334448
6 0.40468227424749165 0.2408026755852843 0.25585284280936454 0.26755852842809363
6 0.19230769230769232 0.15551839464882944 0.26421404682274247 0.30267558528428096
6 0.6889632107023411 0.9046822742474916 0.26755852842809363 0.19063545150501673