6 0.043478260869565216 0.17558528428093645 0.08528428093645485 0.2725752508361204
6 0.20066889632107024 0.9013377926421404 0.33444816053511706 0.19732441471571907
4 0.4983277591973244 0.49498327759197325 0.5217391304347826 0.5150501672240803
6 0.959866220735786 0.9464882943143813 0.0802675585284281 0.10367892976588629
6 0.033444816053511704 0.8779264214046822 0.06354515050167224 0.24414715719063546
6 0.4414715719063545 0.9565217391304348 0.29264214046822745 0.08528428093645485
6 0.7157190635451505 0.13712374581939799 0.26755852842809363 0.2525083612040134
6 0.12709030100334448 0.06521739130434782 0.2491638795986622 0.13043478260869565
6 0.8060200668896321 0.27759197324414714 0.24581939799331104 0.2591973244147157
6 0.9147157190635451 0.11371237458193979 0.1705685618729097 0.22408026755852842
6 0.7157190635451505 0.919732441471572 0.30267558528428096 0.1605351170568562
6 0.40301003344481606 0.09364548494983277 0.2709030100334448 0.18729096989966554
6 0.8729096989966555 0.7575250836120402 0.2525083612040134 0.2809364548494983
6 0.8695652173913043 0.5183946488294314 0.25752508361204013 0.24581939799331104
6 0.22240802675585283 0.2709030100334448 0.27759197324414714 0.25752508361204013
5 0.6889632107023411 0.697324414715719 0.11538461538461539 0.1020066889632107