6 0.9782608695652174 0.903010033444816 0.03678929765886288 0.1939799331103679
6 0.06354515050167224 0.27424749163879597 0.12709030100334448 0.25418060200668896
4 0.4916387959866221 0.48494983277591974 0.4782608695652174 0.47324414715719065
6 0.8561872909698997 0.0451505016722408 0.28762541806020064 0.0903010033444816
6 0.5317725752508361 0.13043478260869565 0.3511705685618729 0.2608695652173913
6 0.9247491638795987 0.7357859531772575 0.1505016722408027 0.24749163879598662
6 0.28595317725752506 0.8795986622073578 0.2508361204013378 0.23076923076923078
6 0.842809364548495 0.5518394648829431 0.24581939799331104 0.24247491638795987
6 0.18729096989966554 0.08193979933110368 0.2508361204013378 0.16220735785953178
6 0.8210702341137124 0.20234113712374582 0.24749163879598662 0.24749163879598662
6 0.931438127090301 0.36622073578595316 0.1354515050167224 0.2491638795986622
6 0.10033444816053512 0.8311036789297659 0.20066889632107024 0.22408026755852842
6 0.7274247491638796 0.7408026755852842 0.23578595317725753 0.2408026755852843
6 0.12709030100334448 0.6204013377926422 0.25418060200668896 0.2525083612040134