6 0.7474916387959866 0.47157190635451507 0.2157190635451505 0.16722408026755853
4 0.5066889632107023 0.5100334448160535 0.3595317725752508 0.3762541806020067
6 0.38461538461538464 0.01839464882943144 0.24581939799331104 0.03678929765886288
6 0.3010033444816054 0.08695652173913043 0.16387959866220736 0.17391304347826086
6 0.5869565217391305 0.9648829431438127 0.2391304347826087 0.06856187290969899
6 0.13879598662207357 0.043478260869565216 0.2709030100334448 0.08528428093645485
6 0.6906354515050167 0.9515050167224081 0.23076923076923078 0.09698996655518395
6 0.1488294314381271 0.8093645484949833 0.26421404682274247 0.3093645484949833
6 0.7207357859531772 0.8779264214046822 0.22742474916387959 0.21237458193979933
6 0.0903010033444816 0.9431438127090301 0.1806020066889632 0.11371237458193979
6 0.9063545150501672 0.5986622073578596 0.18561872909698995 0.2508361204013378
6 0.3762541806020067 0.717391304347826 0.22742474916387959 0.19732441471571907
6 0.4096989966555184 0.8678929765886287 0.2976588628762542 0.26421404682274247
6 0.903010033444816 0.8294314381270903 0.1939799331103679 0.24749163879598662
6 0.13712374581939799 0.2391304347826087 0.2391304347826087 0.25585284280936454
6 0.7207357859531772 0.7290969899665551 0.225752508361204 0.19732441471571907
6 0.4782608695652174 0.19899665551839466 0.23076923076923078 0.225752508361204
6 0.22909698996655517 0.4397993311036789 0.23745819397993312 0.23411371237458195
6 0.8846153846153846 0.3210702341137124 0.23076923076923078 0.2608695652173913