5 0.6220735785953178 0.42474916387959866 0.11371237458193979 0.10367892976588629
1 0.47491638795986624 0.4297658862876254 0.3979933110367893 0.45652173913043476
6 0.9765886287625418 0.23745819397993312 0.0451505016722408 0.2959866220735786
6 0.9381270903010034 0.5501672240802675 0.12374581939799331 0.2625418060200669
6 0.06020066889632107 0.6287625418060201 0.12040133779264214 0.29431438127090304
6 0.26755852842809363 0.9347826086956522 0.3076923076923077 0.13043478260869565
6 0.9013377926421404 0.7976588628762542 0.19732441471571907 0.25585284280936454
6 0.21070234113712374 0.5852842809364549 0.24414715719063546 0.25752508361204013
6 0.28762541806020064 0.0903010033444816 0.26755852842809363 0.17892976588628762
6 0.45652173913043476 0.7775919732441472 0.31438127090301005 0.2725752508361204
6 0.8093645484949833 0.24749163879598662 0.25418060200668896 0.22909698996655517
6 0.7692307692307693 0.6421404682274248 0.2608695652173913 0.2709030100334448
6 0.19063545150501673 0.2809364548494983 0.25418060200668896 0.2491638795986622
6 0.903010033444816 0.07859531772575251 0.19230769230769232 0.15719063545150502