4 0.5217391304347826 0.5050167224080268 0.4180602006688963 0.4096989966555184
6 0.9147157190635451 0.9046822742474916 0.1705685618729097 0.18227424749163879
6 0.39464882943143814 0.015050167224080268 0.21906354515050167 0.030100334448160536
6 0.7391304347826086 0.26755852842809363 0.3210702341137124 0.22073578595317725
6 0.3311036789297659 0.048494983277591976 0.29431438127090304 0.09698996655518395
6 0.6555183946488294 0.7709030100334449 0.2140468227424749 0.2909698996655518
6 0.7474916387959866 0.9698996655518395 0.24414715719063546 0.06020066889632107
6 0.08361204013377926 0.5585284280936454 0.16722408026755853 0.26755852842809363
6 0.6989966555183946 0.862876254180602 0.24414715719063546 0.225752508361204
6 0.9615384615384616 0.14214046822742474 0.07692307692307693 0.2508361204013378
6 0.6906354515050167 0.16555183946488294 0.24581939799331104 0.24749163879598662
6 0.21070234113712374 0.3862876254180602 0.1939799331103679 0.2709030100334448
6 0.09866220735785954 0.794314381270903 0.19732441471571907 0.21237458193979933
6 0.22073578595317725 0.5468227424749164 0.22742474916387959 0.21739130434782608
6 0.9264214046822743 0.7859531772575251 0.14715719063545152 0.2591973244147157
6 0.07525083612040134 0.34448160535117056 0.1505016722408027 0.22073578595317725
6 0.705685618729097 0.07357859531772576 0.24749163879598662 0.14715719063545152
6 0.31438127090301005 0.7759197324414716 0.24581939799331104 0.2508361204013378
6 0.9180602006688964 0.3795986622073579 0.16220735785953178 0.24581939799331104
6 0.41471571906354515 0.1605351170568562 0.23578595317725753 0.19899665551839466
6 0.11538461538461539 0.931438127090301 0.23076923076923078 0.13712374581939799
6 0.11371237458193979 0.10033444816053512 0.22742474916387959 0.20066889632107024
6 0.38294314381270905 0.8862876254180602 0.25585284280936454 0.225752508361204
6 0.33612040133779264 0.27591973244147155 0.21070234113712374 0.1705685618729097