6 0.07525083612040134 0.011705685618729096 0.14381270903010032 0.021739130434782608
6 0.33277591973244147 0.7240802675585284 0.29431438127090304 0.2826086956521739
4 0.5301003344481605 0.5183946488294314 0.44816053511705684 0.43812709030100333
6 0.015050167224080268 0.45652173913043476 0.030100334448160536 0.225752508361204
6 0.7859531772575251 0.9515050167224081 0.20735785953177258 0.09698996655518395
6 0.3076923076923077 0.5284280936454849 0.2525083612040134 0.2625418060200669
6 0.9347826086956522 0.5568561872909699 0.13043478260869565 0.21739130434782608
6 0.2508361204013378 0.9698996655518395 0.2591973244147157 0.06020066889632107
6 0.048494983277591976 0.6672240802675585 0.09698996655518395 0.24581939799331104
6 0.9147157190635451 0.8996655518394648 0.1705685618729097 0.20066889632107024
6 0.6120401337792643 0.9013377926421404 0.23244147157190637 0.19732441471571907
6 0.20066889632107024 0.6872909698996655 0.23578595317725753 0.21906354515050167
6 0.9080267558528428 0.7274247491638796 0.1806020066889632 0.18561872909698995
6 0.7107023411371237 0.7441471571906354 0.2525083612040134 0.22909698996655517
6 0.09698996655518395 0.32441471571906355 0.1939799331103679 0.22742474916387959
6 0.2842809364548495 0.2709030100334448 0.26421404682274247 0.2709030100334448
6 0.9080267558528428 0.38461538461538464 0.18227424749163879 0.21739130434782608
6 0.4414715719063545 0.9080267558528428 0.25418060200668896 0.18227424749163879
6 0.802675585284281 0.25418060200668896 0.25752508361204013 0.2140468227424749
6 0.4414715719063545 0.13210702341137123 0.2408026755852843 0.2608695652173913
6 0.10033444816053512 0.8695652173913043 0.20066889632107024 0.2591973244147157
6 0.9063545150501672 0.10367892976588629 0.18561872909698995 0.205685618729097
5 0.038461538461538464 0.1588628762541806 0.07692307692307693 0.0903010033444816