6 0.9548494983277592 0.05518394648829431 0.08361204013377926 0.11036789297658862
6 0.9013377926421404 0.979933110367893 0.19230769230769232 0.038461538461538464
0 0.4983277591973244 0.5033444816053512 0.38127090301003347 0.40468227424749165
5 0.4280936454849498 0.9063545150501672 0.09531772575250837 0.09364548494983277
5 0.6086956521739131 0.7625418060200669 0.08862876254180602 0.10702341137123746
6 0.06020066889632107 0.7675585284280937 0.11872909698996656 0.25752508361204013
6 0.5384615384615384 0.048494983277591976 0.26755852842809363 0.09698996655518395
6 0.10869565217391304 0.9481605351170569 0.21739130434782608 0.10367892976588629
6 0.06354515050167224 0.43478260869565216 0.12709030100334448 0.2608695652173913
6 0.6822742474916388 0.9481605351170569 0.2608695652173913 0.10367892976588629
6 0.794314381270903 0.056856187290969896 0.24414715719063546 0.11204013377926421
6 0.10869565217391304 0.07525083612040134 0.21739130434782608 0.1505016722408027
6 0.9214046822742475 0.5501672240802675 0.15384615384615385 0.2491638795986622
6 0.7474916387959866 0.6454849498327759 0.22240802675585283 0.23411371237458195
6 0.342809364548495 0.19230769230769232 0.23578595317725753 0.24247491638795987
6 0.8110367892976589 0.35618729096989965 0.26755852842809363 0.24247491638795987
6 0.2993311036789298 0.7224080267558528 0.25585284280936454 0.26588628762541805