6 0.4665551839464883 0.8327759197324415 0.21070234113712374 0.20903010033444816
6 0.03511705685618729 0.7909698996655519 0.07023411371237458 0.23076923076923078
6 0.431438127090301 0.9698996655518395 0.22073578595317725 0.06020066889632107
6 0.6538461538461539 0.959866220735786 0.19732441471571907 0.0802675585284281
6 0.051839464882943144 0.41638795986622074 0.10367892976588629 0.2709030100334448
0 0.5016722408026756 0.5117056856187291 0.431438127090301 0.4331103678929766
6 0.46321070234113715 0.038461538461538464 0.23244147157190637 0.07692307692307693
6 0.09698996655518395 0.10367892976588629 0.1939799331103679 0.205685618729097
6 0.6923076923076923 0.056856187290969896 0.225752508361204 0.11204013377926421
6 0.16722408026755853 0.9180602006688964 0.2842809364548495 0.16220735785953178
6 0.9147157190635451 0.09531772575250837 0.16387959866220736 0.19063545150501673
6 0.9247491638795987 0.560200668896321 0.1454849498327759 0.18729096989966554
6 0.1254180602006689 0.6137123745819398 0.2391304347826087 0.2525083612040134
6 0.5735785953177257 0.8260869565217391 0.24247491638795987 0.19899665551839466
6 0.8160535117056856 0.7441471571906354 0.2608695652173913 0.2809364548494983
6 0.4080267558528428 0.16387959866220736 0.20066889632107024 0.205685618729097
6 0.7157190635451505 0.22408026755852842 0.20903010033444816 0.205685618729097
6 0.9147157190635451 0.8896321070234113 0.16722408026755853 0.20903010033444816
6 0.8093645484949833 0.42474916387959866 0.22073578595317725 0.20903010033444816
6 0.24414715719063546 0.6538461538461539 0.22240802675585283 0.2391304347826087