6 0.8846153846153846 0.9933110367892977 0.17558528428093645 0.013377926421404682
6 0.18561872909698995 0.15384615384615385 0.205685618729097 0.17892976588628762
6 0.03177257525083612 0.9414715719063546 0.06354515050167224 0.11538461538461539
6 0.9615384615384616 0.4331103678929766 0.07190635451505016 0.24247491638795987
6 0.7408026755852842 0.3210702341137124 0.205685618729097 0.1956521739130435
6 0.9698996655518395 0.9297658862876255 0.06020066889632107 0.14046822742474915
5 0.20234113712374582 0.015050167224080268 0.08193979933110368 0.030100334448160536
6 0.9381270903010034 0.26421404682274247 0.12040133779264214 0.1939799331103679
0 0.4983277591973244 0.49331103678929766 0.3963210702341137 0.3963210702341137
6 0.540133779264214 0.7709030100334449 0.22073578595317725 0.19899665551839466
6 0.06354515050167224 0.4197324414715719 0.12709030100334448 0.30434782608695654
5 0.3411371237458194 0.1488294314381271 0.10367892976588629 0.09364548494983277
6 0.6638795986622074 0.9581939799331104 0.24581939799331104 0.08361204013377926
6 0.44816053511705684 0.05852842809364549 0.2525083612040134 0.11538461538461539
6 0.9280936454849499 0.6555183946488294 0.13879598662207357 0.22073578595317725
6 0.6588628762541806 0.7290969899665551 0.22240802675585283 0.20903010033444816
6 0.09698996655518395 0.1806020066889632 0.1939799331103679 0.23745819397993312
6 0.7959866220735786 0.4180602006688963 0.24749163879598662 0.225752508361204
6 0.9130434782608695 0.0802675585284281 0.16722408026755853 0.1588628762541806
6 0.39297658862876256 0.9163879598662207 0.24749163879598662 0.16555183946488294
6 0.725752508361204 0.10367892976588629 0.24581939799331104 0.205685618729097
6 0.8461538461538461 0.842809364548495 0.23578595317725753 0.22073578595317725
6 0.09531772575250837 0.677257525083612 0.19063545150501673 0.22408026755852842
6 0.28595317725752506 0.32608695652173914 0.23411371237458195 0.21906354515050167
6 0.3110367892976589 0.7073578595317725 0.2508361204013378 0.24247491638795987