6 0.9916387959866221 0.8929765886287625 0.016722408026755852 0.19899665551839466
6 0.9899665551839465 0.6354515050167224 0.020066889632107024 0.20903010033444816
6 0.023411371237458192 0.23745819397993312 0.046822742474916385 0.21237458193979933
6 0.30434782608695654 0.016722408026755852 0.2525083612040134 0.033444816053511704
6 0.5886287625418061 0.9414715719063546 0.22240802675585283 0.11036789297658862
6 0.959866220735786 0.32608695652173914 0.07525083612040134 0.205685618729097
6 0.802675585284281 0.020066889632107024 0.22240802675585283 0.038461538461538464
6 0.48494983277591974 0.9481605351170569 0.1806020066889632 0.10367892976588629
6 0.7491638795986622 0.451505016722408 0.1956521739130435 0.22909698996655517
6 0.7157190635451505 0.2993311036789298 0.20903010033444816 0.20234113712374582
5 0.19230769230769232 0.46488294314381273 0.07023411371237458 0.07525083612040134
6 0.8712374581939799 0.6789297658862876 0.20903010033444816 0.23411371237458195
0 0.5033444816053512 0.49665551839464883 0.38127090301003347 0.3896321070234114
6 0.07859531772575251 0.046822742474916385 0.15719063545150502 0.09364548494983277
6 0.8963210702341137 0.40468227424749165 0.1956521739130435 0.24247491638795987
6 0.7591973244147158 0.6538461538461539 0.22742474916387959 0.205685618729097
6 0.1939799331103679 0.9297658862876255 0.205685618729097 0.14046822742474915
6 0.6588628762541806 0.7976588628762542 0.22240802675585283 0.20234113712374582
6 0.1454849498327759 0.3377926421404682 0.2140468227424749 0.1956521739130435
6 0.08862876254180602 0.7959866220735786 0.17725752508361203 0.22073578595317725
6 0.3595317725752508 0.7424749163879598 0.2140468227424749 0.21237458193979933
6 0.18394648829431437 0.6187290969899666 0.23076923076923078 0.22073578595317725