6 0.06020066889632107 0.4866220735785953 0.11872909698996656 0.3076923076923077
5 0.033444816053511704 0.12374581939799331 0.06688963210702341 0.09364548494983277
6 0.5719063545150501 0.9682274247491639 0.24581939799331104 0.06354515050167224
0 0.5016722408026756 0.5083612040133779 0.431438127090301 0.3979933110367893
6 0.9364548494983278 0.9515050167224081 0.12709030100334448 0.09698996655518395
6 0.12709030100334448 0.9214046822742475 0.24749163879598662 0.15719063545150502
6 0.08862876254180602 0.8377926421404682 0.17725752508361203 0.24414715719063546
6 0.5986622073578596 0.043478260869565216 0.24749163879598662 0.08695652173913043
6 0.3595317725752508 0.9247491638795987 0.19732441471571907 0.1505016722408027
6 0.19063545150501673 0.48327759197324416 0.27424749163879597 0.26755852842809363
6 0.822742474916388 0.5167224080267558 0.26421404682274247 0.22909698996655517
6 0.32274247491638797 0.7491638795986622 0.2976588628762542 0.19899665551839466
6 0.18394648829431437 0.2157190635451505 0.2391304347826087 0.2408026755852843
6 0.8879598662207357 0.7575250836120402 0.22073578595317725 0.2709030100334448
6 0.705685618729097 0.2842809364548495 0.24581939799331104 0.24247491638795987
6 0.8946488294314381 0.10869565217391304 0.20234113712374582 0.21739130434782608
6 0.6086956521739131 0.7976588628762542 0.2391304347826087 0.25585284280936454