6 0.5451505016722408 0.043478260869565216 0.205685618729097 0.08528428093645485
6 0.9113712374581939 0.9749163879598662 0.17725752508361203 0.05016722408026756
5 0.016722408026755852 0.5785953177257525 0.033444816053511704 0.09364548494983277
0 0.49665551839464883 0.5050167224080268 0.3896321070234114 0.41638795986622074
5 0.3879598662207358 0.03511705685618729 0.08695652173913043 0.07023411371237458
6 0.6939799331103679 0.677257525083612 0.2157190635451505 0.26588628762541805
6 0.23076923076923078 0.9214046822742475 0.14715719063545152 0.15719063545150502
6 0.6806020066889632 0.9364548494983278 0.2391304347826087 0.12709030100334448
6 0.7926421404682275 0.07190635451505016 0.22073578595317725 0.14381270903010032
6 0.9214046822742475 0.25752508361204013 0.15551839464882944 0.21237458193979933
6 0.12876254180602006 0.7491638795986622 0.24581939799331104 0.23076923076923078
6 0.6070234113712375 0.1956521739130435 0.29264214046822745 0.28762541806020064
6 0.1688963210702341 0.48494983277591974 0.28929765886287623 0.26421404682274247
6 0.8913043478260869 0.7775919732441472 0.21070234113712374 0.3060200668896321
6 0.45652173913043476 0.8461538461538461 0.29264214046822745 0.2525083612040134
6 0.27591973244147155 0.17725752508361203 0.23076923076923078 0.23745819397993312
6 0.8494983277591973 0.46488294314381273 0.2842809364548495 0.2408026755852843