6 0.008361204013377926 0.15384615384615385 0.016722408026755852 0.18227424749163879
6 0.020066889632107024 0.38461538461538464 0.038461538461538464 0.2508361204013378
6 0.9364548494983278 0.7591973244147158 0.12207357859531773 0.24581939799331104
6 0.9765886287625418 0.05016722408026756 0.04013377926421405 0.10033444816053512
6 0.5468227424749164 0.9515050167224081 0.2525083612040134 0.09698996655518395
6 0.13879598662207357 0.9782608695652174 0.2508361204013378 0.043478260869565216
6 0.05518394648829431 0.34782608695652173 0.10702341137123746 0.27759197324414714
0 0.5033444816053512 0.49665551839464883 0.41471571906354515 0.44648829431438125
6 0.8294314381270903 0.07023411371237458 0.2809364548494983 0.14046822742474915
6 0.2725752508361204 0.6755852842809364 0.2391304347826087 0.22073578595317725
6 0.6187290969899666 0.7759197324414716 0.24581939799331104 0.20234113712374582
6 0.4882943143812709 0.8411371237458194 0.22742474916387959 0.18394648829431437
6 0.16387959866220736 0.1588628762541806 0.25585284280936454 0.22909698996655517
6 0.25752508361204013 0.8812709030100334 0.22073578595317725 0.225752508361204
6 0.8093645484949833 0.5150501672240803 0.2391304347826087 0.1939799331103679
6 0.9565217391304348 0.4782608695652174 0.08528428093645485 0.2976588628762542
6 0.23745819397993312 0.26755852842809363 0.25585284280936454 0.20066889632107024