6 0.038461538461538464 0.27591973244147155 0.07692307692307693 0.34448160535117056
6 0.028428093645484948 0.046822742474916385 0.056856187290969896 0.09364548494983277
6 0.8294314381270903 0.013377926421404682 0.2408026755852843 0.026755852842809364
0 0.5518394648829431 0.5083612040133779 0.40301003344481606 0.4916387959866221
6 0.3862876254180602 0.9548494983277592 0.2709030100334448 0.08862876254180602
6 0.36622073578595316 0.023411371237458192 0.2391304347826087 0.046822742474916385
5 0.7809364548494984 0.5903010033444817 0.07190635451505016 0.08361204013377926
6 0.39297658862876256 0.8896321070234113 0.24247491638795987 0.19230769230769232
6 0.08695652173913043 0.8862876254180602 0.17391304347826086 0.20735785953177258
6 0.6321070234113713 0.9615384615384616 0.26755852842809363 0.07692307692307693
6 0.9264214046822743 0.8862876254180602 0.14715719063545152 0.225752508361204
6 0.5836120401337793 0.048494983277591976 0.24414715719063546 0.09698996655518395
6 0.9264214046822743 0.21906354515050167 0.14715719063545152 0.24414715719063546
6 0.7909698996655519 0.8511705685618729 0.2140468227424749 0.23745819397993312
6 0.13879598662207357 0.09531772575250837 0.25752508361204013 0.19063545150501673
6 0.5836120401337793 0.7959866220735786 0.2842809364548495 0.20903010033444816
6 0.49665551839464883 0.18227424749163879 0.27759197324414714 0.2408026755852843
6 0.8929765886287625 0.6555183946488294 0.20903010033444816 0.24247491638795987
6 0.2491638795986622 0.45819397993311034 0.27424749163879597 0.2625418060200669
6 0.8645484949832776 0.4197324414715719 0.2608695652173913 0.23411371237458195
6 0.10869565217391304 0.6789297658862876 0.21739130434782608 0.22408026755852842
6 0.754180602006689 0.13043478260869565 0.26421404682274247 0.2525083612040134
5 0.7926421404682275 0.7926421404682275 0.10535117056856187 0.10702341137123746