5 0.6070234113712375 0.9816053511705686 0.11705685618729098 0.03511705685618729
6 0.016722408026755852 0.09866220735785954 0.033444816053511704 0.19732441471571907
6 0.9682274247491639 0.3411371237458194 0.06354515050167224 0.23578595317725753
6 0.046822742474916385 0.8578595317725752 0.09197324414715718 0.2709030100334448
5 0.46488294314381273 0.7006688963210702 0.07525083612040134 0.07859531772575251
5 0.22073578595317725 0.479933110367893 0.1254180602006689 0.13210702341137123
0 0.5033444816053512 0.5234113712374582 0.40635451505016723 0.45819397993311034
6 0.8946488294314381 0.09364548494983277 0.205685618729097 0.18729096989966554
6 0.745819397993311 0.7491638795986622 0.2591973244147157 0.2709030100334448
6 0.2140468227424749 0.9130434782608695 0.25418060200668896 0.17391304347826086
6 0.9214046822742475 0.8812709030100334 0.15384615384615385 0.23745819397993312
6 0.225752508361204 0.677257525083612 0.2608695652173913 0.24749163879598662
6 0.7809364548494984 0.362876254180602 0.2725752508361204 0.2625418060200669
6 0.4214046822742475 0.18896321070234115 0.205685618729097 0.23411371237458195
6 0.5150501672240803 0.8645484949832776 0.23578595317725753 0.225752508361204
6 0.18394648829431437 0.12876254180602006 0.27424749163879597 0.25585284280936454
6 0.6655518394648829 0.11705685618729098 0.2525083612040134 0.23411371237458195