6 0.21739130434782608 0.6638795986622074 0.27424749163879597 0.18729096989966554
6 0.9565217391304348 0.7240802675585284 0.08193979933110368 0.205685618729097
0 0.5033444816053512 0.49665551839464883 0.411371237458194 0.3996655518394649
6 0.35785953177257523 0.9665551839464883 0.20066889632107024 0.06688963210702341
6 0.9113712374581939 0.030100334448160536 0.17224080267558528 0.06020066889632107
6 0.7374581939799331 0.06020066889632107 0.19732441471571907 0.11872909698996656
6 0.29431438127090304 0.07190635451505016 0.23411371237458195 0.14381270903010032
6 0.16555183946488294 0.5384615384615384 0.20903010033444816 0.17892976588628762
6 0.4297658862876254 0.8394648829431438 0.20066889632107024 0.19063545150501673
6 0.0802675585284281 0.9063545150501672 0.1605351170568562 0.18729096989966554
6 0.21070234113712374 0.8578595317725752 0.23411371237458195 0.22408026755852842
6 0.6153846153846154 0.24581939799331104 0.19732441471571907 0.17725752508361203
6 0.09866220735785954 0.35451505016722407 0.19732441471571907 0.205685618729097
6 0.24749163879598662 0.24247491638795987 0.21739130434782608 0.1939799331103679
6 0.09197324414715718 0.10702341137123746 0.18227424749163879 0.21237458193979933
6 0.7976588628762542 0.35451505016722407 0.205685618729097 0.21237458193979933
6 0.7525083612040134 0.6254180602006689 0.1956521739130435 0.18227424749163879
6 0.7508361204013378 0.822742474916388 0.22073578595317725 0.19899665551839466
6 0.9113712374581939 0.18227424749163879 0.17224080267558528 0.23076923076923078