6 0.043478260869565216 0.01839464882943144 0.08528428093645485 0.03511705685618729
6 0.9698996655518395 0.9013377926421404 0.06020066889632107 0.19732441471571907
6 0.09866220735785954 0.043478260869565216 0.09698996655518395 0.08361204013377926
6 0.27591973244147155 0.7290969899665551 0.20903010033444816 0.22073578595317725
6 0.3093645484949833 0.9698996655518395 0.21070234113712374 0.06020066889632107
6 0.9163879598662207 0.015050167224080268 0.1588628762541806 0.030100334448160536
6 0.842809364548495 0.046822742474916385 0.20234113712374582 0.09364548494983277
5 0.09531772575250837 0.04180602006688963 0.09698996655518395 0.08361204013377926
6 0.9498327759197325 0.14715719063545152 0.09531772575250837 0.22408026755852842
6 0.6605351170568562 0.16722408026755853 0.2391304347826087 0.2157190635451505
6 0.1588628762541806 0.959866220735786 0.21739130434782608 0.0802675585284281
6 0.8578595317725752 0.9448160535117057 0.2525083612040134 0.11036789297658862
6 0.9615384615384616 0.3779264214046823 0.07692307692307693 0.24749163879598662
6 0.8327759197324415 0.39464882943143814 0.20234113712374582 0.21739130434782608
0 0.4916387959866221 0.5183946488294314 0.6220735785953178 0.5234113712374582
6 0.25752508361204013 0.08361204013377926 0.23578595317725753 0.16555183946488294
6 0.6505016722408027 0.051839464882943144 0.21739130434782608 0.10367892976588629
6 0.08695652173913043 0.28762541806020064 0.17391304347826086 0.25418060200668896
6 0.33612040133779264 0.8461538461538461 0.22240802675585283 0.2040133779264214
6 0.10367892976588629 0.6304347826086957 0.205685618729097 0.205685618729097
6 0.6538461538461539 0.903010033444816 0.18561872909698995 0.1939799331103679
6 0.061872909698996656 0.8745819397993311 0.12374581939799331 0.22408026755852842
6 0.45819397993311034 0.09531772575250837 0.205685618729097 0.18227424749163879
6 0.18561872909698995 0.4280936454849498 0.205685618729097 0.20234113712374582
6 0.8060200668896321 0.782608695652174 0.2391304347826087 0.22073578595317725
6 0.8662207357859532 0.5267558528428093 0.2140468227424749 0.22909698996655517
6 0.05016722408026756 0.5936454849498328 0.10033444816053512 0.21739130434782608
6 0.9548494983277592 0.697324414715719 0.0903010033444816 0.24749163879598662