6 0.9832775919732442 0.9481605351170569 0.033444816053511704 0.10367892976588629
6 0.8929765886287625 0.010033444816053512 0.205685618729097 0.01839464882943144
6 0.06521739130434782 0.011705685618729096 0.13043478260869565 0.021739130434782608
6 0.020066889632107024 0.4682274247491639 0.038461538461538464 0.23745819397993312
6 0.033444816053511704 0.9464882943143813 0.06688963210702341 0.10702341137123746
5 0.9280936454849499 0.9096989966555183 0.09197324414715718 0.0802675585284281
0 0.5033444816053512 0.49665551839464883 0.4214046822742475 0.46321070234113715
6 0.6471571906354515 0.7391304347826086 0.21070234113712374 0.2625418060200669
6 0.7591973244147158 0.0903010033444816 0.19732441471571907 0.17892976588628762
6 0.8043478260869565 0.8260869565217391 0.23578595317725753 0.28762541806020064
6 0.5635451505016722 0.10702341137123746 0.22742474916387959 0.21237458193979933
6 0.9364548494983278 0.13043478260869565 0.12207357859531773 0.20903010033444816
6 0.27424749163879597 0.7240802675585284 0.19732441471571907 0.2525083612040134
6 0.9297658862876255 0.3528428093645485 0.13377926421404682 0.22073578595317725
6 0.17391304347826086 0.9214046822742475 0.22073578595317725 0.15719063545150502
6 0.08528428093645485 0.745819397993311 0.1705685618729097 0.22073578595317725
6 0.08193979933110368 0.22408026755852842 0.16387959866220736 0.2408026755852843
6 0.23076923076923078 0.3745819397993311 0.21739130434782608 0.225752508361204
6 0.34782608695652173 0.17892976588628762 0.23076923076923078 0.22073578595317725
6 0.7424749163879598 0.3193979933110368 0.22073578595317725 0.225752508361204
6 0.42474916387959866 0.7725752508361204 0.23745819397993312 0.22408026755852842