5 0.6789297658862876 0.013377926421404682 0.15551839464882944 0.026755852842809364
5 0.9665551839464883 0.05351170568561873 0.06020066889632107 0.09197324414715718
6 0.038461538461538464 0.0451505016722408 0.07692307692307693 0.08862876254180602
6 0.9816053511705686 0.3193979933110368 0.03511705685618729 0.20234113712374582
0 0.4916387959866221 0.4782608695652174 0.4983277591973244 0.4096989966555184
6 0.02508361204013378 0.6488294314381271 0.05016722408026756 0.16722408026755853
6 0.3963210702341137 0.0451505016722408 0.20735785953177258 0.08862876254180602
6 0.5752508361204013 0.1020066889632107 0.225752508361204 0.20234113712374582
6 0.38127090301003347 0.9381270903010034 0.22742474916387959 0.12374581939799331
6 0.8846153846153846 0.5083612040133779 0.225752508361204 0.20903010033444816
6 0.8076923076923077 0.8327759197324415 0.2157190635451505 0.20735785953177258
6 0.9046822742474916 0.1605351170568562 0.1806020066889632 0.20234113712374582
6 0.23411371237458195 0.18394648829431437 0.23244147157190637 0.24414715719063546
6 0.0903010033444816 0.3745819397993311 0.17892976588628762 0.22909698996655517
6 0.18561872909698995 0.5585284280936454 0.22909698996655517 0.24414715719063546
6 0.39297658862876256 0.7625418060200669 0.24749163879598662 0.23076923076923078