6 0.03177257525083612 0.8846153846153846 0.06354515050167224 0.23076923076923078
6 0.2809364548494983 0.24414715719063546 0.25585284280936454 0.23411371237458195
0 0.4983277591973244 0.5016722408026756 0.3695652173913043 0.40301003344481606
6 0.6421404682274248 0.01839464882943144 0.24749163879598662 0.03511705685618729
6 0.23244147157190637 0.9548494983277592 0.23578595317725753 0.0903010033444816
6 0.27424749163879597 0.06020066889632107 0.27424749163879597 0.11872909698996656
6 0.9498327759197325 0.6688963210702341 0.10033444816053512 0.20903010033444816
6 0.7023411371237458 0.9264214046822743 0.24749163879598662 0.14715719063545152
6 0.08695652173913043 0.1020066889632107 0.17391304347826086 0.2040133779264214
6 0.9381270903010034 0.3093645484949833 0.12040133779264214 0.225752508361204
6 0.6989966555183946 0.7290969899665551 0.2709030100334448 0.24749163879598662
6 0.8879598662207357 0.08361204013377926 0.21739130434782608 0.16722408026755853
6 0.7876254180602007 0.44481605351170567 0.2591973244147157 0.2508361204013378
6 0.08528428093645485 0.7725752508361204 0.1705685618729097 0.24749163879598662
6 0.903010033444816 0.8846153846153846 0.18896321070234115 0.23076923076923078
6 0.2408026755852843 0.3695652173913043 0.24581939799331104 0.22408026755852842
6 0.7842809364548495 0.22408026755852842 0.24581939799331104 0.22073578595317725
6 0.03511705685618729 0.5150501672240803 0.06856187290969899 0.22909698996655517