6 0.9899665551839465 0.6287625418060201 0.020066889632107024 0.20903010033444816
2 0.3494983277591973 0.9698996655518395 0.24414715719063546 0.06020066889632107
6 0.038461538461538464 0.10535117056856187 0.07692307692307693 0.21070234113712374
6 0.8344481605351171 0.9498327759197325 0.26755852842809363 0.10033444816053512
0 0.5033444816053512 0.49665551839464883 0.49498327759197325 0.49665551839464883
6 0.6521739130434783 0.745819397993311 0.2976588628762542 0.20066889632107024
6 0.6722408026755853 0.0451505016722408 0.20066889632107024 0.0903010033444816
6 0.9046822742474916 0.04180602006688963 0.18896321070234115 0.08361204013377926
6 0.9280936454849499 0.19063545150501673 0.14214046822742474 0.19899665551839466
6 0.29264214046822745 0.09866220735785954 0.27759197324414714 0.19732441471571907
6 0.9364548494983278 0.3745819397993311 0.12207357859531773 0.18227424749163879
6 0.7842809364548495 0.27759197324414714 0.20234113712374582 0.2809364548494983
6 0.08193979933110368 0.47491638795986624 0.16387959866220736 0.1688963210702341
6 0.07023411371237458 0.2993311036789298 0.13879598662207357 0.18896321070234115
6 0.23411371237458195 0.32274247491638797 0.22742474916387959 0.25585284280936454
6 0.9130434782608695 0.8461538461538461 0.1705685618729097 0.23745819397993312
6 0.5351170568561873 0.8963210702341137 0.26421404682274247 0.205685618729097
6 0.8578595317725752 0.6220735785953178 0.2391304347826087 0.2157190635451505
6 0.3093645484949833 0.8093645484949833 0.21070234113712374 0.2408026755852843
6 0.09531772575250837 0.6722408026755853 0.19063545150501673 0.2140468227424749