6 0.030100334448160536 0.038461538461538464 0.06020066889632107 0.07692307692307693
6 0.9565217391304348 0.9347826086956522 0.08193979933110368 0.13043478260869565
6 0.03177257525083612 0.903010033444816 0.06354515050167224 0.1939799331103679
6 0.8377926421404682 0.3795986622073579 0.20735785953177258 0.22408026755852842
6 0.6906354515050167 0.02508361204013378 0.23076923076923078 0.05016722408026756
5 0.6789297658862876 0.6906354515050167 0.06020066889632107 0.06856187290969899
0 0.5050167224080268 0.5150501672240803 0.3612040133779264 0.4180602006688963
6 0.7491638795986622 0.33612040133779264 0.205685618729097 0.20903010033444816
6 0.21906354515050167 0.9414715719063546 0.21739130434782608 0.11538461538461539
6 0.2491638795986622 0.056856187290969896 0.2525083612040134 0.11204013377926421
5 0.3311036789297659 0.8327759197324415 0.07859531772575251 0.0802675585284281
6 0.07190635451505016 0.5568561872909699 0.14214046822742474 0.225752508361204
6 0.4297658862876254 0.9113712374581939 0.23244147157190637 0.17725752508361203
6 0.13879598662207357 0.7709030100334449 0.22742474916387959 0.22909698996655517
6 0.5501672240802675 0.14214046822742474 0.22742474916387959 0.22073578595317725
6 0.5819397993311036 0.81438127090301 0.225752508361204 0.22408026755852842
6 0.7508361204013378 0.16722408026755853 0.2140468227424749 0.1956521739130435
6 0.7591973244147158 0.9096989966555183 0.2508361204013378 0.17892976588628762
6 0.35451505016722407 0.19063545150501673 0.22073578595317725 0.2157190635451505
6 0.8929765886287625 0.5785953177257525 0.20903010033444816 0.225752508361204
6 0.08862876254180602 0.17391304347826086 0.17725752508361203 0.22073578595317725
6 0.1505016722408027 0.38127090301003347 0.25585284280936454 0.2391304347826087