6 0.979933110367893 0.4331103678929766 0.038461538461538464 0.18729096989966554
6 0.9782608695652174 0.939799331103679 0.04180602006688963 0.11872909698996656
6 0.9816053511705686 0.0802675585284281 0.03511705685618729 0.1588628762541806
6 0.9080267558528428 0.24581939799331104 0.17892976588628762 0.26421404682274247
6 0.33444816053511706 0.9832775919732442 0.225752508361204 0.033444816053511704
6 0.2976588628762542 0.8494983277591973 0.21739130434782608 0.22408026755852842
6 0.14046822742474915 0.9698996655518395 0.22073578595317725 0.06020066889632107
5 0.22909698996655517 0.5953177257525084 0.08528428093645485 0.07859531772575251
0 0.5050167224080268 0.5434782608695652 0.3612040133779264 0.36789297658862874
6 0.7876254180602007 0.939799331103679 0.22073578595317725 0.11872909698996656
6 0.8327759197324415 0.8561872909698997 0.2508361204013378 0.22408026755852842
5 0.20066889632107024 0.7675585284280937 0.07859531772575251 0.06856187290969899
6 0.06521739130434782 0.07190635451505016 0.13043478260869565 0.14381270903010032
6 0.8294314381270903 0.2608695652173913 0.225752508361204 0.24581939799331104
6 0.6220735785953178 0.07859531772575251 0.23578595317725753 0.15551839464882944
6 0.07190635451505016 0.8210702341137124 0.14381270903010032 0.225752508361204
6 0.2491638795986622 0.08862876254180602 0.24247491638795987 0.17725752508361203
6 0.8946488294314381 0.5852842809364549 0.205685618729097 0.22909698996655517
6 0.12374581939799331 0.2725752508361204 0.23578595317725753 0.225752508361204
6 0.5301003344481605 0.8946488294314381 0.29431438127090304 0.20903010033444816
6 0.36622073578595316 0.2591973244147157 0.24749163879598662 0.24247491638795987
6 0.6020066889632107 0.2625418060200669 0.23076923076923078 0.2491638795986622
6 0.0903010033444816 0.560200668896321 0.1806020066889632 0.21237458193979933