5 0.9782608695652174 0.9581939799331104 0.038461538461538464 0.05016722408026756
6 0.8762541806020067 0.02508361204013378 0.23578595317725753 0.05016722408026756
6 0.882943143812709 0.9899665551839465 0.21070234113712374 0.020066889632107024
6 0.9816053511705686 0.5301003344481605 0.03511705685618729 0.18394648829431437
6 0.8779264214046822 0.05852842809364549 0.24414715719063546 0.11705685618729098
6 0.7140468227424749 0.31270903010033446 0.23411371237458195 0.22909698996655517
6 0.19230769230769232 0.36622073578595316 0.225752508361204 0.29264214046822745
6 0.020066889632107024 0.9080267558528428 0.038461538461538464 0.18227424749163879
0 0.5016722408026756 0.5033444816053512 0.3294314381270903 0.36454849498327757
6 0.09698996655518395 0.7107023411371237 0.1939799331103679 0.2040133779264214
6 0.8812709030100334 0.6672240802675585 0.22742474916387959 0.225752508361204
6 0.2591973244147157 0.6220735785953178 0.205685618729097 0.2157190635451505
6 0.07692307692307693 0.14715719063545152 0.15384615384615385 0.29431438127090304
6 0.754180602006689 0.7123745819397993 0.2525083612040134 0.22909698996655517
6 0.5267558528428093 0.9247491638795987 0.2508361204013378 0.1505016722408027
6 0.7575250836120402 0.9113712374581939 0.24247491638795987 0.17725752508361203
6 0.8979933110367893 0.23578595317725753 0.19732441471571907 0.22909698996655517
6 0.4280936454849498 0.14046822742474915 0.22742474916387959 0.20903010033444816
6 0.15217391304347827 0.9096989966555183 0.24749163879598662 0.17892976588628762
6 0.6488294314381271 0.1956521739130435 0.23076923076923078 0.2157190635451505