6 0.016722408026755852 0.30434782608695654 0.033444816053511704 0.205685618729097
6 0.028428093645484948 0.056856187290969896 0.056856187290969896 0.10702341137123746
6 0.9698996655518395 0.8846153846153846 0.06020066889632107 0.23076923076923078
6 0.08193979933110368 0.431438127090301 0.16387959866220736 0.27759197324414714
6 0.028428093645484948 0.7591973244147158 0.056856187290969896 0.22742474916387959
6 0.6505016722408027 0.10033444816053512 0.2508361204013378 0.20066889632107024
5 0.8812709030100334 0.225752508361204 0.09698996655518395 0.08862876254180602
6 0.3695652173913043 0.9632107023411371 0.23745819397993312 0.07357859531772576
6 0.23411371237458195 0.04013377926421405 0.26755852842809363 0.0802675585284281
6 0.9498327759197325 0.39297658862876256 0.10033444816053512 0.24247491638795987
6 0.5936454849498328 0.9698996655518395 0.225752508361204 0.06020066889632107
6 0.882943143812709 0.9565217391304348 0.22742474916387959 0.08528428093645485
0 0.4397993311036789 0.6070234113712375 0.3996655518394649 0.3862876254180602
6 0.4180602006688963 0.09866220735785954 0.2408026755852843 0.19732441471571907
6 0.7558528428093646 0.5100334448160535 0.25585284280936454 0.2157190635451505
5 0.08695652173913043 0.6070234113712375 0.08193979933110368 0.08361204013377926
6 0.5785953177257525 0.38127090301003347 0.25585284280936454 0.2391304347826087
6 0.3996655518394649 0.8595317725752508 0.24581939799331104 0.16555183946488294
6 0.7725752508361204 0.2826086956521739 0.21070234113712374 0.26755852842809363
6 0.8795986622073578 0.6722408026755853 0.23578595317725753 0.2591973244147157
6 0.23244147157190637 0.4214046822742475 0.22073578595317725 0.19899665551839466
6 0.17892976588628762 0.7290969899665551 0.23411371237458195 0.24247491638795987
6 0.6421404682274248 0.7792642140468228 0.24749163879598662 0.24247491638795987
6 0.20903010033444816 0.21237458193979933 0.24749163879598662 0.22073578595317725