6 0.26588628762541805 0.23411371237458195 0.24749163879598662 0.23076923076923078
5 0.020066889632107024 0.24414715719063546 0.038461538461538464 0.08528428093645485
6 0.9531772575250836 0.3862876254180602 0.08528428093645485 0.2408026755852843
6 0.06020066889632107 0.9581939799331104 0.12040133779264214 0.08361204013377926
0 0.49665551839464883 0.5066889632107023 0.411371237458194 0.4397993311036789
6 0.14715719063545152 0.19899665551839466 0.22742474916387959 0.22073578595317725
6 0.056856187290969896 0.42642140468227424 0.11371237458193979 0.26755852842809363
6 0.6755852842809364 0.9297658862876255 0.25418060200668896 0.14046822742474915
6 0.29264214046822745 0.7006688963210702 0.2709030100334448 0.26755852842809363
6 0.8996655518394648 0.9297658862876255 0.1956521739130435 0.14046822742474915
6 0.36622073578595316 0.931438127090301 0.24247491638795987 0.13712374581939799
6 0.1354515050167224 0.8729096989966555 0.205685618729097 0.225752508361204
6 0.8929765886287625 0.10702341137123746 0.20903010033444816 0.2040133779264214
6 0.6705685618729097 0.17558528428093645 0.24247491638795987 0.22909698996655517
6 0.44648829431438125 0.18729096989966554 0.20234113712374582 0.20903010033444816
6 0.0802675585284281 0.6672240802675585 0.1605351170568562 0.2040133779264214
6 0.7892976588628763 0.41638795986622074 0.2391304347826087 0.27424749163879597