5 0.5936454849498328 0.6906354515050167 0.08528428093645485 0.07859531772575251
5 0.6270903010033445 0.30267558528428096 0.07023411371237458 0.06688963210702341
6 0.6923076923076923 0.8177257525083612 0.2140468227424749 0.1956521739130435
6 0.03511705685618729 0.225752508361204 0.06856187290969899 0.22073578595317725
6 0.03511705685618729 0.677257525083612 0.06856187290969899 0.21237458193979933
6 0.9665551839464883 0.6321070234113713 0.06020066889632107 0.205685618729097
6 0.45484949832775917 0.015050167224080268 0.2508361204013378 0.030100334448160536
6 0.9749163879598662 0.07692307692307693 0.05016722408026756 0.15384615384615385
6 0.0451505016722408 0.44648829431438125 0.08862876254180602 0.23076923076923078
6 0.959866220735786 0.29431438127090304 0.07525083612040134 0.20903010033444816
5 0.1505016722408027 0.3210702341137124 0.08862876254180602 0.08528428093645485
6 0.06020066889632107 0.9113712374581939 0.12040133779264214 0.17725752508361203
6 0.8695652173913043 0.9648829431438127 0.2508361204013378 0.06856187290969899
0 0.5066889632107023 0.5234113712374582 0.4197324414715719 0.46321070234113715
6 0.6872909698996655 0.28595317725752506 0.225752508361204 0.205685618729097
6 0.5585284280936454 0.9381270903010034 0.23411371237458195 0.12374581939799331
6 0.1020066889632107 0.0903010033444816 0.20234113712374582 0.1806020066889632
6 0.3411371237458194 0.2491638795986622 0.22742474916387959 0.22408026755852842
6 0.7157190635451505 0.08695652173913043 0.23076923076923078 0.17391304347826086
6 0.9113712374581939 0.822742474916388 0.17224080267558528 0.225752508361204
6 0.8712374581939799 0.4180602006688963 0.18896321070234115 0.1939799331103679
6 0.20903010033444816 0.5234113712374582 0.205685618729097 0.22073578595317725
6 0.7591973244147158 0.7123745819397993 0.1956521739130435 0.22909698996655517
6 0.3010033444816054 0.8595317725752508 0.24247491638795987 0.24247491638795987