5 0.4414715719063545 0.30434782608695654 0.0451505016722408 0.03511705685618729
5 0.008361204013377926 0.8244147157190636 0.016722408026755852 0.0802675585284281
5 0.33444816053511706 0.26421404682274247 0.04013377926421405 0.05016722408026756
6 0.5033444816053512 0.9832775919732442 0.225752508361204 0.033444816053511704
6 0.21739130434782608 0.011705685618729096 0.22073578595317725 0.023411371237458192
6 0.9682274247491639 0.0802675585284281 0.06354515050167224 0.1588628762541806
6 0.08361204013377926 0.9665551839464883 0.16555183946488294 0.06688963210702341
0 0.5050167224080268 0.5033444816053512 0.3996655518394649 0.411371237458194
6 0.048494983277591976 0.6137123745819398 0.09698996655518395 0.24581939799331104
6 0.44648829431438125 0.8963210702341137 0.2525083612040134 0.20234113712374582
6 0.8478260869565217 0.19899665551839466 0.2140468227424749 0.2040133779264214
6 0.4397993311036789 0.0802675585284281 0.22909698996655517 0.1588628762541806
6 0.6889632107023411 0.09531772575250837 0.205685618729097 0.19063545150501673
6 0.2491638795986622 0.43478260869565216 0.2140468227424749 0.2157190635451505
6 0.6003344481605352 0.2608695652173913 0.2157190635451505 0.17892976588628762
6 0.8645484949832776 0.6421404682274248 0.2608695652173913 0.23745819397993312
6 0.931438127090301 0.43478260869565216 0.13043478260869565 0.22073578595317725
6 0.2140468227424749 0.23076923076923078 0.21070234113712374 0.2040133779264214
6 0.23076923076923078 0.7642140468227425 0.26755852842809363 0.2508361204013378
6 0.6120401337792643 0.7575250836120402 0.23578595317725753 0.2157190635451505