5 0.25585284280936454 0.061872909698996656 0.20234113712374582 0.12374581939799331
6 0.9565217391304348 0.24749163879598662 0.08528428093645485 0.23745819397993312
6 0.5317725752508361 0.023411371237458192 0.24749163879598662 0.046822742474916385
0 0.49498327759197325 0.49665551839464883 0.4280936454849498 0.45819397993311034
6 0.043478260869565216 0.8127090301003345 0.08528428093645485 0.3093645484949833
6 0.061872909698996656 0.39297658862876256 0.12374581939799331 0.2508361204013378
6 0.8461538461538461 0.09531772575250837 0.29431438127090304 0.19063545150501673
6 0.9180602006688964 0.47157190635451507 0.1588628762541806 0.22073578595317725
6 0.4331103678929766 0.794314381270903 0.24581939799331104 0.23076923076923078
6 0.7658862876254181 0.6070234113712375 0.24581939799331104 0.225752508361204
6 0.20903010033444816 0.8311036789297659 0.2508361204013378 0.2508361204013378