6 0.9832775919732442 0.14046822742474915 0.033444816053511704 0.2140468227424749
6 0.903010033444816 0.9230769230769231 0.18729096989966554 0.15384615384615385
6 0.9548494983277592 0.782608695652174 0.08361204013377926 0.23076923076923078
6 0.42642140468227424 0.8979933110367893 0.24749163879598662 0.2040133779264214
0 0.540133779264214 0.520066889632107 0.520066889632107 0.5050167224080268
6 0.9264214046822743 0.026755852842809364 0.14715719063545152 0.05351170568561873
6 0.8193979933110368 0.9381270903010034 0.20066889632107024 0.12374581939799331
6 0.16722408026755853 0.46321070234113715 0.225752508361204 0.2157190635451505
6 0.3060200668896321 0.8996655518394648 0.21070234113712374 0.20066889632107024
6 0.7608695652173914 0.05016722408026756 0.24414715719063546 0.10033444816053512
6 0.5050167224080268 0.9364548494983278 0.22742474916387959 0.12709030100334448
6 0.34615384615384615 0.7157190635451505 0.2608695652173913 0.2040133779264214
6 0.40468227424749165 0.0802675585284281 0.28929765886287623 0.1588628762541806
6 0.8461538461538461 0.2508361204013378 0.24247491638795987 0.2976588628762542
6 0.9247491638795987 0.49498327759197325 0.1454849498327759 0.2508361204013378
6 0.22240802675585283 0.1956521739130435 0.23244147157190637 0.18227424749163879
6 0.8210702341137124 0.782608695652174 0.21070234113712374 0.19899665551839466
6 0.20066889632107024 0.5451505016722408 0.21906354515050167 0.21237458193979933