6 0.7224080267558528 0.8545150501672241 0.25418060200668896 0.22073578595317725
6 0.9832775919732442 0.42642140468227424 0.033444816053511704 0.21070234113712374
6 0.02508361204013378 0.16722408026755853 0.05016722408026756 0.27759197324414714
6 0.9698996655518395 0.9464882943143813 0.06020066889632107 0.10702341137123746
6 0.391304347826087 0.7625418060200669 0.2709030100334448 0.2709030100334448
6 0.8210702341137124 0.24247491638795987 0.26755852842809363 0.22073578595317725
6 0.27424749163879597 0.33277591973244147 0.2525083612040134 0.25585284280936454
5 0.697324414715719 0.6321070234113713 0.07859531772575251 0.06856187290969899
6 0.5484949832775919 0.9782608695652174 0.2525083612040134 0.04180602006688963
6 0.8043478260869565 0.9782608695652174 0.3311036789297659 0.043478260869565216
5 0.3896321070234114 0.046822742474916385 0.12876254180602006 0.09364548494983277
6 0.11204013377926421 0.5936454849498328 0.22408026755852842 0.27759197324414714
6 0.15217391304347827 0.19063545150501673 0.225752508361204 0.23411371237458195
6 0.8979933110367893 0.6187290969899666 0.19732441471571907 0.30267558528428096
0 0.5117056856187291 0.520066889632107 0.46153846153846156 0.4882943143812709
6 0.12709030100334448 0.9230769230769231 0.25418060200668896 0.15384615384615385
6 0.6387959866220736 0.794314381270903 0.2725752508361204 0.2508361204013378
6 0.6688963210702341 0.21906354515050167 0.23411371237458195 0.22909698996655517
6 0.23745819397993312 0.8327759197324415 0.2709030100334448 0.26588628762541805
6 0.8979933110367893 0.20903010033444816 0.2040133779264214 0.2792642140468227
6 0.9381270903010034 0.6705685618729097 0.12374581939799331 0.2391304347826087