6 0.12374581939799331 0.011705685618729096 0.225752508361204 0.021739130434782608
6 0.03177257525083612 0.061872909698996656 0.06354515050167224 0.12374581939799331
6 0.18394648829431437 0.36622073578595316 0.21739130434782608 0.23076923076923078
0 0.5 0.49665551839464883 0.3779264214046823 0.40468227424749165
6 0.08695652173913043 0.9632107023411371 0.17391304347826086 0.06688963210702341
6 0.22742474916387959 0.9715719063545151 0.225752508361204 0.056856187290969896
6 0.6956521739130435 0.08193979933110368 0.24749163879598662 0.16220735785953178
6 0.6956521739130435 0.16555183946488294 0.24749163879598662 0.26588628762541805
6 0.4397993311036789 0.754180602006689 0.22240802675585283 0.2040133779264214
6 0.8545150501672241 0.9046822742474916 0.23076923076923078 0.19063545150501673
6 0.9013377926421404 0.6956521739130435 0.19230769230769232 0.2408026755852843
6 0.08695652173913043 0.3762541806020067 0.17391304347826086 0.2508361204013378
6 0.12709030100334448 0.5785953177257525 0.24749163879598662 0.19899665551839466
6 0.225752508361204 0.7525083612040134 0.24749163879598662 0.2391304347826087
6 0.8879598662207357 0.31438127090301005 0.22073578595317725 0.2591973244147157
6 0.6086956521739131 0.903010033444816 0.28929765886287623 0.1939799331103679