6 0.6120401337792643 0.011705685618729096 0.2140468227424749 0.023411371237458192
6 0.9648829431438127 0.6789297658862876 0.06688963210702341 0.2508361204013378
6 0.21070234113712374 0.44648829431438125 0.20066889632107024 0.1939799331103679
6 0.44648829431438125 0.09531772575250837 0.2408026755852843 0.19063545150501673
0 0.5033444816053512 0.5 0.39297658862876256 0.3996655518394649
6 0.7357859531772575 0.40468227424749165 0.21070234113712374 0.2157190635451505
6 0.774247491638796 0.8093645484949833 0.23578595317725753 0.2157190635451505
6 0.42642140468227424 0.9364548494983278 0.23076923076923078 0.12709030100334448
6 0.81438127090301 0.33277591973244147 0.22742474916387959 0.23076923076923078
6 0.2591973244147157 0.34448160535117056 0.20903010033444816 0.1939799331103679
6 0.07023411371237458 0.061872909698996656 0.14046822742474915 0.12374581939799331
6 0.705685618729097 0.9130434782608695 0.21070234113712374 0.17391304347826086
6 0.07190635451505016 0.6404682274247492 0.14214046822742474 0.21237458193979933
6 0.09866220735785954 0.919732441471572 0.19732441471571907 0.1605351170568562
6 0.3210702341137124 0.11036789297658862 0.21739130434782608 0.22073578595317725
6 0.9364548494983278 0.8896321070234113 0.12207357859531773 0.2157190635451505
6 0.9214046822742475 0.2157190635451505 0.15384615384615385 0.21906354515050167
6 0.5284280936454849 0.7909698996655519 0.2525083612040134 0.22073578595317725
6 0.8311036789297659 0.6020066889632107 0.24581939799331104 0.20234113712374582
6 0.637123745819398 0.18227424749163879 0.2140468227424749 0.23745819397993312
6 0.24749163879598662 0.6187290969899666 0.22742474916387959 0.20903010033444816
6 0.26421404682274247 0.8294314381270903 0.24414715719063546 0.22073578595317725
6 0.10367892976588629 0.22073578595317725 0.20735785953177258 0.22408026755852842