6 0.9899665551839465 0.6822742474916388 0.020066889632107024 0.2040133779264214
6 0.07357859531772576 0.03511705685618729 0.14715719063545152 0.07023411371237458
6 0.9816053511705686 0.882943143812709 0.03678929765886288 0.20066889632107024
6 0.08695652173913043 0.9632107023411371 0.17391304347826086 0.06688963210702341
6 0.9715719063545151 0.16555183946488294 0.056856187290969896 0.19899665551839466
6 0.9515050167224081 0.02508361204013378 0.0903010033444816 0.05016722408026756
6 0.22408026755852842 0.9782608695652174 0.2140468227424749 0.043478260869565216
6 0.4331103678929766 0.9682274247491639 0.21739130434782608 0.06354515050167224
0 0.5117056856187291 0.5167224080267558 0.4816053511705686 0.4882943143812709
6 0.6672240802675585 0.03511705685618729 0.2157190635451505 0.06856187290969899
6 0.4682274247491639 0.19063545150501673 0.2140468227424749 0.20234113712374582
6 0.06688963210702341 0.4682274247491639 0.13210702341137123 0.2508361204013378
6 0.6789297658862876 0.7357859531772575 0.2157190635451505 0.23076923076923078
6 0.862876254180602 0.0903010033444816 0.16722408026755853 0.1806020066889632
6 0.6906354515050167 0.17558528428093645 0.225752508361204 0.1956521739130435
6 0.14046822742474915 0.7290969899665551 0.2809364548494983 0.29264214046822745
6 0.31605351170568563 0.14214046822742474 0.21739130434782608 0.20903010033444816
6 0.46153846153846156 0.8311036789297659 0.22240802675585283 0.20234113712374582
6 0.10033444816053512 0.11872909698996656 0.20066889632107024 0.23076923076923078
6 0.19732441471571907 0.3277591973244147 0.205685618729097 0.23076923076923078
6 0.8160535117056856 0.8879598662207357 0.21906354515050167 0.22408026755852842
6 0.8478260869565217 0.560200668896321 0.2709030100334448 0.21237458193979933