6 0.9849498327759197 0.3294314381270903 0.030100334448160536 0.22408026755852842
6 0.560200668896321 0.979933110367893 0.21906354515050167 0.038461538461538464
5 0.3093645484949833 0.520066889632107 0.07190635451505016 0.07525083612040134
6 0.22240802675585283 0.05518394648829431 0.23244147157190637 0.11036789297658862
0 0.5117056856187291 0.5217391304347826 0.4096989966555184 0.41638795986622074
6 0.5568561872909699 0.225752508361204 0.24247491638795987 0.23745819397993312
6 0.431438127090301 0.23411371237458195 0.24247491638795987 0.225752508361204
6 0.8612040133779264 0.32441471571906355 0.22742474916387959 0.2709030100334448
6 0.9113712374581939 0.8260869565217391 0.17224080267558528 0.2976588628762542
6 0.7341137123745819 0.7107023411371237 0.26588628762541805 0.24247491638795987
6 0.10033444816053512 0.5351170568561873 0.20066889632107024 0.25585284280936454
6 0.09531772575250837 0.225752508361204 0.19063545150501673 0.24414715719063546
6 0.25752508361204013 0.7608695652173914 0.27424749163879597 0.2525083612040134