6 0.06020066889632107 0.5250836120401338 0.11371237458193979 0.28929765886287623
6 0.03511705685618729 0.28595317725752506 0.06856187290969899 0.24749163879598662
6 0.9765886287625418 0.22073578595317725 0.0451505016722408 0.22408026755852842
6 0.01839464882943144 0.8361204013377926 0.03511705685618729 0.2508361204013378
6 0.9548494983277592 0.47491638795986624 0.08862876254180602 0.27424749163879597
6 0.10033444816053512 0.4782608695652174 0.20066889632107024 0.22909698996655517
6 0.9096989966555183 0.028428093645484948 0.1806020066889632 0.056856187290969896
6 0.051839464882943144 0.0903010033444816 0.10367892976588629 0.17892976588628762
5 0.10535117056856187 0.24749163879598662 0.07859531772575251 0.07859531772575251
0 0.5 0.5066889632107023 0.3896321070234114 0.4180602006688963
6 0.36789297658862874 0.9464882943143813 0.1939799331103679 0.10702341137123746
6 0.22742474916387959 0.5050167224080268 0.22240802675585283 0.25585284280936454
6 0.13879598662207357 0.9214046822742475 0.27759197324414714 0.15719063545150502
6 0.6488294314381271 0.7491638795986622 0.24247491638795987 0.225752508361204
6 0.5267558528428093 0.06688963210702341 0.225752508361204 0.13377926421404682
6 0.45652173913043476 0.8862876254180602 0.22073578595317725 0.21237458193979933
6 0.7959866220735786 0.4665551839464883 0.23076923076923078 0.21906354515050167
6 0.8160535117056856 0.596989966555184 0.2508361204013378 0.23745819397993312
6 0.7157190635451505 0.9113712374581939 0.24247491638795987 0.17725752508361203
6 0.22240802675585283 0.08695652173913043 0.26755852842809363 0.17391304347826086
6 0.3394648829431438 0.24414715719063546 0.2391304347826087 0.2408026755852843
6 0.5903010033444817 0.2391304347826087 0.23076923076923078 0.20903010033444816