6 0.6672240802675585 0.016722408026755852 0.225752508361204 0.033444816053511704
6 0.9765886287625418 0.9381270903010034 0.046822742474916385 0.12374581939799331
6 0.020066889632107024 0.9364548494983278 0.038461538461538464 0.12709030100334448
6 0.9515050167224081 0.07190635451505016 0.09698996655518395 0.14381270903010032
6 0.7675585284280937 0.451505016722408 0.1705685618729097 0.22408026755852842
6 0.7408026755852842 0.07692307692307693 0.21070234113712374 0.15384615384615385
0 0.5016722408026756 0.49665551839464883 0.42474916387959866 0.41638795986622074
6 0.20234113712374582 0.9464882943143813 0.24581939799331104 0.10702341137123746
6 0.9280936454849499 0.36789297658862874 0.1354515050167224 0.2625418060200669
6 0.06856187290969899 0.0802675585284281 0.1354515050167224 0.1588628762541806
6 0.6421404682274248 0.9096989966555183 0.23411371237458195 0.17892976588628762
6 0.3795986622073579 0.7692307692307693 0.2140468227424749 0.20234113712374582
6 0.6254180602006689 0.21739130434782608 0.25585284280936454 0.22073578595317725
6 0.15384615384615385 0.31438127090301005 0.2842809364548495 0.30267558528428096
6 0.8662207357859532 0.7324414715719063 0.2591973244147157 0.23076923076923078
6 0.0903010033444816 0.637123745819398 0.1806020066889632 0.22909698996655517