6 0.06521739130434782 0.9715719063545151 0.1254180602006689 0.056856187290969896
6 0.9715719063545151 0.47157190635451507 0.05016722408026756 0.18227424749163879
6 0.9715719063545151 0.8695652173913043 0.056856187290969896 0.22408026755852842
6 0.40468227424749165 0.02508361204013378 0.23076923076923078 0.05016722408026756
6 0.04013377926421405 0.4397993311036789 0.0802675585284281 0.22408026755852842
6 0.10367892976588629 0.9147157190635451 0.20735785953177258 0.16722408026755853
6 0.05351170568561873 0.04180602006688963 0.10702341137123746 0.08361204013377926
6 0.05852842809364549 0.6906354515050167 0.11705685618729098 0.24581939799331104
6 0.342809364548495 0.8260869565217391 0.24247491638795987 0.23076923076923078
6 0.5150501672240803 0.9648829431438127 0.23578595317725753 0.06856187290969899
6 0.22073578595317725 0.9515050167224081 0.24247491638795987 0.09698996655518395
6 0.45652173913043476 0.8210702341137124 0.24247491638795987 0.2157190635451505
0 0.46153846153846156 0.5301003344481605 0.45652173913043476 0.4280936454849498
6 0.657190635451505 0.30267558528428096 0.23076923076923078 0.2157190635451505
6 0.9264214046822743 0.2993311036789298 0.14214046822742474 0.22073578595317725
6 0.81438127090301 0.38127090301003347 0.22240802675585283 0.23411371237458195
6 0.8327759197324415 0.9180602006688964 0.2508361204013378 0.16220735785953178
6 0.8946488294314381 0.7341137123745819 0.205685618729097 0.22408026755852842
6 0.5434782608695652 0.13043478260869565 0.20234113712374582 0.2040133779264214
6 0.11538461538461539 0.16220735785953178 0.23076923076923078 0.19899665551839466
6 0.68561872909699 0.7859531772575251 0.22240802675585283 0.225752508361204
6 0.7859531772575251 0.5836120401337793 0.2508361204013378 0.18729096989966554
6 0.7391304347826086 0.12207357859531773 0.2408026755852843 0.24414715719063546
6 0.19063545150501673 0.36454849498327757 0.225752508361204 0.20234113712374582