6 0.7224080267558528 0.18227424749163879 0.2508361204013378 0.19899665551839466
6 0.023411371237458192 0.7040133779264214 0.046822742474916385 0.21237458193979933
6 0.9698996655518395 0.3394648829431438 0.06020066889632107 0.22909698996655517
6 0.31438127090301005 0.9715719063545151 0.2140468227424749 0.056856187290969896
0 0.5033444816053512 0.5050167224080268 0.41638795986622074 0.4280936454849498
6 0.6521739130434783 0.03678929765886288 0.2140468227424749 0.07357859531772576
6 0.8779264214046822 0.05016722408026756 0.23745819397993312 0.10033444816053512
6 0.4782608695652174 0.07692307692307693 0.22742474916387959 0.15384615384615385
6 0.8010033444816054 0.7658862876254181 0.22073578595317725 0.17725752508361203
6 0.11872909698996656 0.8110367892976589 0.23578595317725753 0.27424749163879597
6 0.9364548494983278 0.9046822742474916 0.12207357859531773 0.19063545150501673
6 0.7809364548494984 0.5551839464882943 0.205685618729097 0.24581939799331104
6 0.29431438127090304 0.24749163879598662 0.22742474916387959 0.205685618729097
6 0.12040133779264214 0.08361204013377926 0.22073578595317725 0.16722408026755853
6 0.822742474916388 0.35785953177257523 0.21906354515050167 0.205685618729097
6 0.5518394648829431 0.8862876254180602 0.2525083612040134 0.225752508361204
6 0.11538461538461539 0.36622073578595316 0.23076923076923078 0.225752508361204
6 0.18561872909698995 0.5668896321070234 0.2391304347826087 0.21237458193979933
6 0.3377926421404682 0.7341137123745819 0.1939799331103679 0.1956521739130435