6 0.12876254180602006 0.17558528428093645 0.24247491638795987 0.23411371237458195
6 0.9515050167224081 0.9832775919732442 0.09698996655518395 0.033444816053511704
6 0.9832775919732442 0.12207357859531773 0.033444816053511704 0.19063545150501673
6 0.04180602006688963 0.9247491638795987 0.08361204013377926 0.1505016722408027
0 0.5 0.5468227424749164 0.3060200668896321 0.48327759197324416
6 0.8879598662207357 0.520066889632107 0.13043478260869565 0.21906354515050167
6 0.7725752508361204 0.0802675585284281 0.22909698996655517 0.1588628762541806
6 0.0903010033444816 0.08361204013377926 0.1806020066889632 0.16722408026755853
6 0.4531772575250836 0.12374581939799331 0.20903010033444816 0.19899665551839466
6 0.7240802675585284 0.6789297658862876 0.20903010033444816 0.20066889632107024
6 0.27759197324414714 0.3494983277591973 0.2391304347826087 0.20903010033444816
6 0.06521739130434782 0.3862876254180602 0.13043478260869565 0.23745819397993312
6 0.903010033444816 0.23076923076923078 0.18896321070234115 0.20903010033444816
6 0.7374581939799331 0.3879598662207358 0.23578595317725753 0.2157190635451505
6 0.6070234113712375 0.9063545150501672 0.2709030100334448 0.18729096989966554
6 0.15217391304347827 0.8344481605351171 0.22073578595317725 0.2157190635451505
6 0.8695652173913043 0.8260869565217391 0.24581939799331104 0.23745819397993312
6 0.26755852842809363 0.6605351170568562 0.23578595317725753 0.22073578595317725
6 0.35785953177257523 0.1688963210702341 0.18227424749163879 0.19732441471571907
6 0.725752508361204 0.1605351170568562 0.19230769230769232 0.21739130434782608