5 0.8545150501672241 0.056856187290969896 0.07357859531772576 0.07525083612040134
6 0.3779264214046823 0.9882943143812709 0.2157190635451505 0.021739130434782608
6 0.20735785953177258 0.8093645484949833 0.22909698996655517 0.2909698996655518
5 0.3712374581939799 0.8511705685618729 0.07692307692307693 0.08193979933110368
5 0.16722408026755853 0.5551839464882943 0.19230769230769232 0.18394648829431437
0 0.4983277591973244 0.4882943143812709 0.4180602006688963 0.4197324414715719
6 0.9381270903010034 0.08862876254180602 0.11538461538461539 0.17725752508361203
6 0.051839464882943144 0.29264214046822745 0.10367892976588629 0.26588628762541805
6 0.4899665551839465 0.04180602006688963 0.2809364548494983 0.08361204013377926
6 0.08361204013377926 0.6404682274247492 0.16722408026755853 0.2525083612040134
6 0.8177257525083612 0.5033444816053512 0.27424749163879597 0.2976588628762542
6 0.362876254180602 0.6755852842809364 0.2508361204013378 0.2625418060200669
6 0.07525083612040134 0.9147157190635451 0.1505016722408027 0.1705685618729097
6 0.6471571906354515 0.1688963210702341 0.32441471571906355 0.3377926421404682
6 0.822742474916388 0.7792642140468228 0.27591973244147155 0.25752508361204013
6 0.5719063545150501 0.882943143812709 0.22909698996655517 0.23244147157190637
6 0.22073578595317725 0.21237458193979933 0.2842809364548495 0.2608695652173913