5 0.08862876254180602 0.9782608695652174 0.038461538461538464 0.038461538461538464
6 0.45652173913043476 0.9816053511705686 0.2140468227424749 0.03511705685618729
6 0.038461538461538464 0.5301003344481605 0.07692307692307693 0.2508361204013378
6 0.051839464882943144 0.19230769230769232 0.10367892976588629 0.2491638795986622
6 0.5936454849498328 0.07525083612040134 0.25752508361204013 0.1505016722408027
6 0.939799331103679 0.5869565217391305 0.11371237458193979 0.17224080267558528
6 0.13712374581939799 0.1505016722408027 0.2591973244147157 0.22408026755852842
6 0.23076923076923078 0.9632107023411371 0.23411371237458195 0.07357859531772576
6 0.7224080267558528 0.048494983277591976 0.22742474916387959 0.09698996655518395
6 0.9280936454849499 0.7642140468227425 0.1354515050167224 0.22909698996655517
6 0.3963210702341137 0.8511705685618729 0.23411371237458195 0.225752508361204
0 0.5284280936454849 0.49498327759197325 0.46153846153846156 0.40468227424749165
6 0.6187290969899666 0.7491638795986622 0.2809364548494983 0.24247491638795987
6 0.07190635451505016 0.8160535117056856 0.14381270903010032 0.22408026755852842
6 0.36622073578595316 0.07190635451505016 0.20903010033444816 0.14381270903010032
6 0.7892976588628763 0.6254180602006689 0.21739130434782608 0.2157190635451505
6 0.9214046822742475 0.411371237458194 0.15384615384615385 0.21237458193979933
6 0.8193979933110368 0.8879598662207357 0.24581939799331104 0.205685618729097
6 0.3862876254180602 0.22240802675585283 0.25585284280936454 0.20234113712374582
6 0.19063545150501673 0.46321070234113715 0.2842809364548495 0.27424749163879597
6 0.8712374581939799 0.2040133779264214 0.23578595317725753 0.24247491638795987
6 0.16220735785953178 0.6872909698996655 0.24247491638795987 0.21237458193979933