5 0.011705685618729096 0.6337792642140468 0.021739130434782608 0.09364548494983277
6 0.46153846153846156 0.9882943143812709 0.24581939799331104 0.021739130434782608
5 0.6521739130434783 0.8260869565217391 0.07525083612040134 0.07190635451505016
6 0.9715719063545151 0.3795986622073579 0.056856187290969896 0.22408026755852842
6 0.9163879598662207 0.9765886287625418 0.16722408026755853 0.046822742474916385
5 0.9648829431438127 0.24749163879598662 0.06688963210702341 0.08862876254180602
6 0.5484949832775919 0.021739130434782608 0.2525083612040134 0.043478260869565216
5 0.8963210702341137 0.580267558528428 0.08361204013377926 0.08528428093645485
5 0.8846153846153846 0.22909698996655517 0.08193979933110368 0.09364548494983277
6 0.939799331103679 0.10702341137123746 0.11705685618729098 0.205685618729097
6 0.22408026755852842 0.03678929765886288 0.29431438127090304 0.07357859531772576
6 0.06020066889632107 0.862876254180602 0.12040133779264214 0.27424749163879597
0 0.5033444816053512 0.520066889632107 0.39297658862876256 0.4180602006688963
6 0.782608695652174 0.051839464882943144 0.22073578595317725 0.10367892976588629
6 0.9331103678929766 0.7959866220735786 0.13377926421404682 0.2525083612040134
6 0.7224080267558528 0.2842809364548495 0.25418060200668896 0.26588628762541805
6 0.7675585284280937 0.6688963210702341 0.24247491638795987 0.3093645484949833
6 0.21739130434782608 0.411371237458194 0.2525083612040134 0.23411371237458195
6 0.19230769230769232 0.6605351170568562 0.31438127090301005 0.25585284280936454
6 0.11371237458193979 0.1806020066889632 0.22742474916387959 0.3060200668896321
6 0.3076923076923077 0.882943143812709 0.30267558528428096 0.23411371237458195