6 0.010033444816053512 0.7424749163879598 0.01839464882943144 0.18394648829431437
6 0.04180602006688963 0.9481605351170569 0.08361204013377926 0.10367892976588629
6 0.026755852842809364 0.046822742474916385 0.05351170568561873 0.09364548494983277
6 0.17391304347826086 0.6655518394648829 0.20234113712374582 0.17892976588628762
6 0.06020066889632107 0.2508361204013378 0.11872909698996656 0.18729096989966554
6 0.939799331103679 0.8528428093645485 0.11371237458193979 0.21906354515050167
6 0.26755852842809363 0.0802675585284281 0.16387959866220736 0.15384615384615385
6 0.2842809364548495 0.020066889632107024 0.17892976588628762 0.038461538461538464
6 0.18896321070234115 0.3177257525083612 0.1605351170568562 0.13043478260869565
6 0.4414715719063545 0.979933110367893 0.21739130434782608 0.038461538461538464
6 0.9130434782608695 0.9749163879598662 0.16387959866220736 0.05016722408026756
0 0.4983277591973244 0.49498327759197325 0.342809364548495 0.3394648829431438
6 0.24414715719063546 0.39297658862876256 0.18896321070234115 0.1488294314381271
5 0.3010033444816054 0.6086956521739131 0.06354515050167224 0.06020066889632107
6 0.12709030100334448 0.06020066889632107 0.1588628762541806 0.11872909698996656
6 0.6555183946488294 0.9615384615384616 0.20066889632107024 0.07692307692307693
6 0.4882943143812709 0.13712374581939799 0.20903010033444816 0.18394648829431437
6 0.23411371237458195 0.7474916387959866 0.1939799331103679 0.1956521739130435
5 0.9264214046822743 0.28595317725752506 0.11371237458193979 0.1254180602006689
6 0.8076923076923077 0.9347826086956522 0.13043478260869565 0.13043478260869565
6 0.15719063545150502 0.9548494983277592 0.17892976588628762 0.08862876254180602
6 0.47491638795986624 0.06354515050167224 0.22240802675585283 0.12709030100334448
6 0.5301003344481605 0.7290969899665551 0.18896321070234115 0.18227424749163879
6 0.08361204013377926 0.18227424749163879 0.16387959866220736 0.15551839464882944
6 0.9230769230769231 0.48494983277591974 0.14715719063545152 0.18227424749163879
6 0.25418060200668896 0.5167224080267558 0.16387959866220736 0.14715719063545152
6 0.8996655518394648 0.7123745819397993 0.17892976588628762 0.17892976588628762
6 0.07859531772575251 0.8311036789297659 0.15551839464882944 0.1688963210702341
6 0.520066889632107 0.9147157190635451 0.17892976588628762 0.1605351170568562
6 0.68561872909699 0.07023411371237458 0.2157190635451505 0.14046822742474915
6 0.725752508361204 0.3695652173913043 0.1806020066889632 0.18227424749163879
6 0.7073578595317725 0.7642140468227425 0.19732441471571907 0.18394648829431437