6 0.4782608695652174 0.03678929765886288 0.14715719063545152 0.07357859531772576
6 0.046822742474916385 0.03177257525083612 0.09197324414715718 0.061872909698996656
6 0.8913043478260869 0.9899665551839465 0.2157190635451505 0.020066889632107024
6 0.979933110367893 0.8896321070234113 0.038461538461538464 0.22073578595317725
6 0.18227424749163879 0.7006688963210702 0.26421404682274247 0.2391304347826087
6 0.41471571906354515 0.043478260869565216 0.26421404682274247 0.08695652173913043
6 0.3093645484949833 0.10033444816053512 0.32441471571906355 0.20066889632107024
5 0.11204013377926421 0.3411371237458194 0.1254180602006689 0.12207357859531773
5 0.8277591973244147 0.30267558528428096 0.12207357859531773 0.13210702341137123
6 0.1588628762541806 0.033444816053511704 0.2608695652173913 0.06521739130434782
6 0.13712374581939799 0.5033444816053512 0.26421404682274247 0.2591973244147157
6 0.9481605351170569 0.5903010033444817 0.10367892976588629 0.2525083612040134
6 0.9297658862876255 0.07859531772575251 0.13879598662207357 0.15551839464882944
6 0.5535117056856187 0.8461538461538461 0.2959866220735786 0.27759197324414714
6 0.7859531772575251 0.6337792642140468 0.2508361204013378 0.22742474916387959
6 0.2909698996655518 0.29431438127090304 0.22742474916387959 0.22909698996655517
0 0.47324414715719065 0.5551839464882943 0.459866220735786 0.40468227424749165
6 0.725752508361204 0.11872909698996656 0.2525083612040134 0.22909698996655517
6 0.10869565217391304 0.8193979933110368 0.21739130434782608 0.26755852842809363
6 0.774247491638796 0.7391304347826086 0.2993311036789298 0.1806020066889632