6 0.9882943143812709 0.3060200668896321 0.021739130434782608 0.17725752508361203
6 0.023411371237458192 0.22240802675585283 0.046822742474916385 0.21739130434782608
6 0.1020066889632107 0.7909698996655519 0.19732441471571907 0.18227424749163879
6 0.07023411371237458 0.7040133779264214 0.13879598662207357 0.22408026755852842
6 0.15217391304347827 0.9866220735785953 0.21739130434782608 0.026755852842809364
6 0.05016722408026756 0.9130434782608695 0.10033444816053512 0.17391304347826086
6 0.5167224080267558 0.8327759197324415 0.2391304347826087 0.2826086956521739
5 0.8545150501672241 0.44648829431438125 0.04180602006688963 0.038461538461538464
6 0.5735785953177257 0.9816053511705686 0.19230769230769232 0.03511705685618729
0 0.5 0.4983277591973244 0.41638795986622074 0.3963210702341137
6 0.03511705685618729 0.5066889632107023 0.07023411371237458 0.21070234113712374
6 0.5836120401337793 0.0451505016722408 0.22073578595317725 0.0903010033444816
6 0.13879598662207357 0.02508361204013378 0.25585284280936454 0.05016722408026756
5 0.9765886287625418 0.45652173913043476 0.0451505016722408 0.0903010033444816
6 0.20066889632107024 0.35451505016722407 0.22240802675585283 0.2625418060200669
6 0.6036789297658863 0.09866220735785954 0.225752508361204 0.18729096989966554
5 0.9548494983277592 0.36454849498327757 0.08862876254180602 0.0802675585284281
6 0.9264214046822743 0.9130434782608695 0.14046822742474915 0.17391304347826086
6 0.7441471571906354 0.9414715719063546 0.1956521739130435 0.11538461538461539
6 0.36789297658862874 0.06688963210702341 0.20234113712374582 0.13210702341137123
6 0.27591973244147155 0.8896321070234113 0.23076923076923078 0.22073578595317725
6 0.9046822742474916 0.5936454849498328 0.18561872909698995 0.22909698996655517
6 0.8093645484949833 0.7876254180602007 0.22240802675585283 0.19899665551839466
6 0.8729096989966555 0.11872909698996656 0.2140468227424749 0.21237458193979933
6 0.8043478260869565 0.31605351170568563 0.20735785953177258 0.18394648829431437
6 0.2508361204013378 0.637123745819398 0.2508361204013378 0.22909698996655517
6 0.7040133779264214 0.6337792642140468 0.2525083612040134 0.23076923076923078
6 0.2993311036789298 0.21906354515050167 0.21070234113712374 0.205685618729097