6 0.3979933110367893 0.9899665551839465 0.20735785953177258 0.020066889632107024
6 0.36622073578595316 0.774247491638796 0.23076923076923078 0.2525083612040134
5 0.011705685618729096 0.02508361204013378 0.023411371237458192 0.05016722408026756
6 0.056856187290969896 0.7140468227424749 0.11371237458193979 0.22408026755852842
6 0.6789297658862876 0.979933110367893 0.23411371237458195 0.038461538461538464
6 0.6822742474916388 0.6254180602006689 0.225752508361204 0.28762541806020064
6 0.22408026755852842 0.6956521739130435 0.24247491638795987 0.2508361204013378
6 0.9414715719063546 0.10702341137123746 0.11036789297658862 0.2140468227424749
5 0.2391304347826087 0.5484949832775919 0.07859531772575251 0.08862876254180602
6 0.5719063545150501 0.794314381270903 0.21906354515050167 0.2625418060200669
5 0.06020066889632107 0.05852842809364549 0.10869565217391304 0.10033444816053512
0 0.5083612040133779 0.479933110367893 0.3896321070234114 0.43645484949832775
6 0.08862876254180602 0.8745819397993311 0.17725752508361203 0.24414715719063546
6 0.5719063545150501 0.048494983277591976 0.24581939799331104 0.09698996655518395
6 0.9230769230769231 0.9297658862876255 0.14715719063545152 0.14046822742474915
6 0.9280936454849499 0.7709030100334449 0.14214046822742474 0.21237458193979933
6 0.8946488294314381 0.34448160535117056 0.205685618729097 0.23745819397993312
6 0.8595317725752508 0.5903010033444817 0.225752508361204 0.2993311036789298
6 0.09866220735785954 0.23578595317725753 0.19732441471571907 0.21906354515050167
6 0.2976588628762542 0.3093645484949833 0.24247491638795987 0.24247491638795987
6 0.10033444816053512 0.520066889632107 0.20066889632107024 0.2525083612040134