6 0.10367892976588629 0.7892976588628763 0.20234113712374582 0.2625418060200669
0 0.5953177257525084 0.5852842809364549 0.43645484949832775 0.39297658862876256
6 0.03511705685618729 0.46153846153846156 0.07023411371237458 0.3010033444816054
6 0.5234113712374582 0.020066889632107024 0.2391304347826087 0.04013377926421405
6 0.028428093645484948 0.1705685618729097 0.056856187290969896 0.22073578595317725
5 0.6755852842809364 0.9130434782608695 0.11036789297658862 0.1020066889632107
6 0.4397993311036789 0.8913043478260869 0.18896321070234115 0.18394648829431437
6 0.5267558528428093 0.8327759197324415 0.24749163879598662 0.19899665551839466
6 0.8913043478260869 0.03511705685618729 0.2140468227424749 0.06856187290969899
6 0.12207357859531773 0.07023411371237458 0.21739130434782608 0.14046822742474915
6 0.7123745819397993 0.08862876254180602 0.19732441471571907 0.17725752508361203
6 0.3277591973244147 0.44648829431438125 0.2608695652173913 0.26421404682274247
6 0.8695652173913043 0.3745819397993311 0.2508361204013378 0.17224080267558528
6 0.23745819397993312 0.782608695652174 0.2408026755852843 0.2040133779264214
6 0.33277591973244147 0.08193979933110368 0.21739130434782608 0.16220735785953178
6 0.45819397993311034 0.23745819397993312 0.20066889632107024 0.22408026755852842