6 0.9749163879598662 0.1254180602006689 0.05016722408026756 0.23411371237458195
6 0.5234113712374582 0.8511705685618729 0.30267558528428096 0.2809364548494983
5 0.9230769230769231 0.9765886287625418 0.08528428093645485 0.046822742474916385
6 0.6538461538461539 0.9816053511705686 0.2591973244147157 0.03511705685618729
0 0.5016722408026756 0.5016722408026756 0.36454849498327757 0.3695652173913043
5 0.2826086956521739 0.9548494983277592 0.07023411371237458 0.0802675585284281
5 0.0903010033444816 0.7558528428093646 0.10869565217391304 0.09698996655518395
6 0.22073578595317725 0.5501672240802675 0.2809364548494983 0.31438127090301005
6 0.939799331103679 0.8110367892976589 0.12040133779264214 0.25585284280936454
6 0.9247491638795987 0.3394648829431438 0.1454849498327759 0.2508361204013378
6 0.08862876254180602 0.3695652173913043 0.17725752508361203 0.2909698996655518
6 0.7809364548494984 0.8528428093645485 0.2157190635451505 0.2842809364548495
6 0.7157190635451505 0.2993311036789298 0.2525083612040134 0.25585284280936454
6 0.36622073578595316 0.7792642140468228 0.26755852842809363 0.2491638795986622
6 0.5367892976588629 0.11872909698996656 0.28595317725752506 0.23745819397993312
6 0.31270903010033446 0.26421404682274247 0.2809364548494983 0.2709030100334448