6 0.008361204013377926 0.7374581939799331 0.016722408026755852 0.19899665551839466
6 0.9632107023411371 0.5418060200668896 0.07357859531772576 0.2408026755852843
5 0.2591973244147157 0.9431438127090301 0.1354515050167224 0.11371237458193979
0 0.5083612040133779 0.5033444816053512 0.43478260869565216 0.4331103678929766
6 0.7441471571906354 0.959866220735786 0.23411371237458195 0.0802675585284281
6 0.5117056856187291 0.048494983277591976 0.24749163879598662 0.09698996655518395
6 0.8043478260869565 0.6421404682274248 0.20735785953177258 0.18394648829431437
6 0.09866220735785954 0.5953177257525084 0.19732441471571907 0.2157190635451505
6 0.19732441471571907 0.3862876254180602 0.22240802675585283 0.18394648829431437
6 0.4531772575250836 0.9214046822742475 0.20903010033444816 0.15719063545150502
6 0.08862876254180602 0.18394648829431437 0.17725752508361203 0.22073578595317725
6 0.8327759197324415 0.4397993311036789 0.225752508361204 0.2040133779264214
6 0.4280936454849498 0.19732441471571907 0.2391304347826087 0.21237458193979933
6 0.10033444816053512 0.8879598662207357 0.20066889632107024 0.22408026755852842
6 0.34615384615384615 0.7575250836120402 0.23076923076923078 0.18729096989966554
6 0.6003344481605352 0.7625418060200669 0.24581939799331104 0.2408026755852843
6 0.725752508361204 0.23244147157190637 0.23578595317725753 0.21906354515050167
6 0.9096989966555183 0.1020066889632107 0.17558528428093645 0.20234113712374582