6 0.41304347826086957 0.8578595317725752 0.22073578595317725 0.19899665551839466
6 0.026755852842809364 0.9531772575250836 0.05351170568561873 0.08695652173913043
6 0.9866220735785953 0.15719063545150502 0.026755852842809364 0.20735785953177258
6 0.81438127090301 0.011705685618729096 0.22408026755852842 0.023411371237458192
6 0.9648829431438127 0.68561872909699 0.06688963210702341 0.20903010033444816
6 0.919732441471572 0.9163879598662207 0.15551839464882944 0.16555183946488294
6 0.6605351170568562 0.9096989966555183 0.26588628762541805 0.17892976588628762
6 0.4096989966555184 0.9214046822742475 0.23076923076923078 0.15719063545150502
0 0.5 0.49498327759197325 0.34448160535117056 0.3712374581939799
6 0.7408026755852842 0.9498327759197325 0.2157190635451505 0.10033444816053512
6 0.15217391304347827 0.9464882943143813 0.21739130434782608 0.10702341137123746
6 0.939799331103679 0.47324414715719065 0.11705685618729098 0.21237458193979933
6 0.7909698996655519 0.479933110367893 0.20735785953177258 0.2491638795986622
6 0.8913043478260869 0.2525083612040134 0.20066889632107024 0.2591973244147157
6 0.10367892976588629 0.08695652173913043 0.20735785953177258 0.17391304347826086
6 0.22742474916387959 0.6906354515050167 0.22240802675585283 0.1956521739130435
6 0.6872909698996655 0.677257525083612 0.22073578595317725 0.24749163879598662
6 0.18561872909698995 0.479933110367893 0.2391304347826087 0.23411371237458195
6 0.08361204013377926 0.28762541806020064 0.16722408026755853 0.24581939799331104
6 0.5133779264214047 0.1588628762541806 0.3060200668896321 0.2625418060200669
6 0.09364548494983277 0.6906354515050167 0.17224080267558528 0.2157190635451505
6 0.9163879598662207 0.8712374581939799 0.16722408026755853 0.2040133779264214