6 0.03511705685618729 0.29264214046822745 0.06856187290969899 0.20234113712374582
6 0.033444816053511704 0.4397993311036789 0.06688963210702341 0.2157190635451505
6 0.07692307692307693 0.020066889632107024 0.15384615384615385 0.038461538461538464
5 0.9782608695652174 0.22408026755852842 0.04180602006688963 0.0802675585284281
0 0.49665551839464883 0.49665551839464883 0.4414715719063545 0.39297658862876256
6 0.9548494983277592 0.5903010033444817 0.08361204013377926 0.23076923076923078
6 0.5083612040133779 0.046822742474916385 0.22742474916387959 0.09364548494983277
6 0.9247491638795987 0.9414715719063546 0.1454849498327759 0.11538461538461539
6 0.7290969899665551 0.07692307692307693 0.2140468227424749 0.15384615384615385
6 0.27759197324414714 0.919732441471572 0.23244147157190637 0.1605351170568562
6 0.9230769230769231 0.0903010033444816 0.14715719063545152 0.1806020066889632
6 0.479933110367893 0.8394648829431438 0.22240802675585283 0.21906354515050167
6 0.20234113712374582 0.40301003344481606 0.22240802675585283 0.225752508361204
6 0.2976588628762542 0.6956521739130435 0.23578595317725753 0.22408026755852842
6 0.2976588628762542 0.10702341137123746 0.225752508361204 0.21237458193979933
6 0.9180602006688964 0.3695652173913043 0.1588628762541806 0.1939799331103679
6 0.08695652173913043 0.7224080267558528 0.17391304347826086 0.22742474916387959
6 0.7508361204013378 0.9080267558528428 0.24247491638795987 0.18227424749163879
6 0.7759197324414716 0.5418060200668896 0.20735785953177258 0.23411371237458195