6 0.9214046822742475 0.033444816053511704 0.1505016722408027 0.06688963210702341
6 0.09531772575250837 0.9648829431438127 0.18896321070234115 0.07023411371237458
0 0.5066889632107023 0.4882943143812709 0.46153846153846156 0.43478260869565216
6 0.19063545150501673 0.056856187290969896 0.225752508361204 0.11371237458193979
6 0.9096989966555183 0.9414715719063546 0.17558528428093645 0.11705685618729098
6 0.1020066889632107 0.8010033444816054 0.2040133779264214 0.19899665551839466
6 0.14046822742474915 0.3010033444816054 0.2157190635451505 0.22742474916387959
6 0.8762541806020067 0.479933110367893 0.21070234113712374 0.22240802675585283
6 0.48327759197324416 0.931438127090301 0.21906354515050167 0.1354515050167224
6 0.7892976588628763 0.6956521739130435 0.2140468227424749 0.2391304347826087
6 0.8177257525083612 0.2826086956521739 0.225752508361204 0.1956521739130435
6 0.09866220735785954 0.5618729096989966 0.19732441471571907 0.19899665551839466
6 0.5852842809364549 0.7658862876254181 0.21070234113712374 0.20903010033444816
6 0.3177257525083612 0.7240802675585284 0.2140468227424749 0.21237458193979933