6 0.3963210702341137 0.011705685618729096 0.23076923076923078 0.021739130434782608
6 0.9364548494983278 0.010033444816053512 0.12040133779264214 0.01839464882943144
6 0.7892976588628763 0.9698996655518395 0.3210702341137124 0.06020066889632107
6 0.0903010033444816 0.9381270903010034 0.1806020066889632 0.12374581939799331
6 0.8812709030100334 0.7324414715719063 0.23076923076923078 0.2976588628762542
6 0.6906354515050167 0.030100334448160536 0.22742474916387959 0.06020066889632107
6 0.07357859531772576 0.44481605351170567 0.14715719063545152 0.3060200668896321
6 0.12709030100334448 0.882943143812709 0.24247491638795987 0.22909698996655517
0 0.5050167224080268 0.5334448160535117 0.39464882943143814 0.41638795986622074
6 0.49331103678929766 0.21906354515050167 0.3193979933110368 0.2508361204013378
6 0.24414715719063546 0.49665551839464883 0.2508361204013378 0.2408026755852843
6 0.6086956521739131 0.8478260869565217 0.27424749163879597 0.2976588628762542
6 0.24247491638795987 0.20066889632107024 0.22073578595317725 0.20903010033444816
6 0.7324414715719063 0.27591973244147155 0.2140468227424749 0.23578595317725753
6 0.12876254180602006 0.6672240802675585 0.22073578595317725 0.2157190635451505
6 0.8377926421404682 0.46153846153846156 0.22073578595317725 0.23411371237458195
6 0.9080267558528428 0.27591973244147155 0.17892976588628762 0.21739130434782608