6 0.9849498327759197 0.41304347826086957 0.030100334448160536 0.1505016722408027
6 0.9715719063545151 0.6187290969899666 0.056856187290969896 0.225752508361204
5 0.3093645484949833 0.6989966555183946 0.056856187290969896 0.07525083612040134
6 0.5468227424749164 0.8595317725752508 0.27759197324414714 0.2591973244147157
6 0.6739130434782609 0.8812709030100334 0.26421404682274247 0.23745819397993312
6 0.9096989966555183 0.9732441471571907 0.1806020066889632 0.05351170568561873
6 0.05351170568561873 0.6872909698996655 0.10702341137123746 0.27424749163879597
6 0.05351170568561873 0.9331103678929766 0.10702341137123746 0.13043478260869565
6 0.47157190635451507 0.05351170568561873 0.24581939799331104 0.10702341137123746
0 0.5066889632107023 0.568561872909699 0.4297658862876254 0.45484949832775917
6 0.717391304347826 0.07692307692307693 0.25752508361204013 0.15384615384615385
6 0.11705685618729098 0.2491638795986622 0.23244147157190637 0.24581939799331104
6 0.8913043478260869 0.8327759197324415 0.2140468227424749 0.22073578595317725
6 0.23244147157190637 0.08528428093645485 0.2508361204013378 0.1705685618729097
6 0.20903010033444816 0.4096989966555184 0.2608695652173913 0.2508361204013378
6 0.794314381270903 0.6304347826086957 0.22742474916387959 0.24247491638795987
6 0.23578595317725753 0.8177257525083612 0.28929765886287623 0.27424749163879597
6 0.7157190635451505 0.3695652173913043 0.2709030100334448 0.2157190635451505
6 0.3963210702341137 0.26421404682274247 0.27424749163879597 0.24247491638795987