6 0.016722408026755852 0.6605351170568562 0.033444816053511704 0.22408026755852842
6 0.016722408026755852 0.882943143812709 0.033444816053511704 0.2140468227424749
6 0.9832775919732442 0.7993311036789298 0.033444816053511704 0.22742474916387959
6 0.026755852842809364 0.06688963210702341 0.05351170568561873 0.13377926421404682
6 0.0451505016722408 0.2391304347826087 0.08862876254180602 0.23745819397993312
5 0.7157190635451505 0.07525083612040134 0.08528428093645485 0.07525083612040134
5 0.842809364548495 0.03511705685618729 0.07525083612040134 0.06688963210702341
6 0.931438127090301 0.046822742474916385 0.13043478260869565 0.09364548494983277
6 0.5919732441471572 0.056856187290969896 0.21906354515050167 0.11204013377926421
6 0.1354515050167224 0.959866220735786 0.25752508361204013 0.0802675585284281
6 0.9080267558528428 0.34615384615384615 0.17224080267558528 0.225752508361204
6 0.27759197324414714 0.6404682274247492 0.2608695652173913 0.2508361204013378
0 0.5050167224080268 0.4983277591973244 0.4397993311036789 0.45819397993311034
6 0.9230769230769231 0.9581939799331104 0.14715719063545152 0.08361204013377926
6 0.40301003344481606 0.9013377926421404 0.23076923076923078 0.19732441471571907
6 0.15384615384615385 0.8060200668896321 0.27424749163879597 0.2408026755852843
6 0.22909698996655517 0.1020066889632107 0.23411371237458195 0.20234113712374582
6 0.8612040133779264 0.19732441471571907 0.22240802675585283 0.21906354515050167
6 0.41638795986622074 0.20234113712374582 0.22240802675585283 0.21237458193979933
6 0.8578595317725752 0.8127090301003345 0.21070234113712374 0.225752508361204
6 0.6187290969899666 0.8093645484949833 0.2709030100334448 0.2709030100334448
6 0.19732441471571907 0.3177257525083612 0.23411371237458195 0.2157190635451505
6 0.7993311036789298 0.5100334448160535 0.2157190635451505 0.24247491638795987