6 0.8946488294314381 0.8963210702341137 0.20903010033444816 0.205685618729097
6 0.9765886287625418 0.20234113712374582 0.046822742474916385 0.22408026755852842
6 0.038461538461538464 0.7274247491638796 0.07692307692307693 0.23745819397993312
6 0.023411371237458192 0.17558528428093645 0.046822742474916385 0.21739130434782608
6 0.31605351170568563 0.3210702341137124 0.28595317725752506 0.3494983277591973
5 0.17558528428093645 0.24749163879598662 0.0451505016722408 0.05852842809364549
6 0.046822742474916385 0.9096989966555183 0.09197324414715718 0.17892976588628762
6 0.16220735785953178 0.9632107023411371 0.23076923076923078 0.07357859531772576
6 0.5451505016722408 0.21906354515050167 0.205685618729097 0.18394648829431437
6 0.32441471571906355 0.6471571906354515 0.22742474916387959 0.23076923076923078
0 0.5100334448160535 0.49331103678929766 0.44648829431438125 0.3745819397993311
6 0.4531772575250836 0.7290969899665551 0.21070234113712374 0.22073578595317725
6 0.9247491638795987 0.31605351170568563 0.1454849498327759 0.27424749163879597
6 0.9247491638795987 0.540133779264214 0.1505016722408027 0.25752508361204013
6 0.862876254180602 0.7508361204013378 0.26421404682274247 0.25585284280936454
6 0.782608695652174 0.5183946488294314 0.23076923076923078 0.225752508361204
6 0.391304347826087 0.08695652173913043 0.2809364548494983 0.17391304347826086
6 0.3612040133779264 0.9247491638795987 0.22073578595317725 0.1505016722408027
6 0.7341137123745819 0.30267558528428096 0.2976588628762542 0.2709030100334448
6 0.6655518394648829 0.7190635451505016 0.26421404682274247 0.2591973244147157
6 0.09698996655518395 0.35785953177257523 0.1939799331103679 0.22408026755852842
6 0.14046822742474915 0.13210702341137123 0.2591973244147157 0.2525083612040134
6 0.6822742474916388 0.10367892976588629 0.2709030100334448 0.205685618729097
6 0.1605351170568562 0.8093645484949833 0.22742474916387959 0.2525083612040134
6 0.13210702341137123 0.5434782608695652 0.2525083612040134 0.23411371237458195