6 0.5919732441471572 0.9832775919732442 0.23411371237458195 0.033444816053511704
5 0.046822742474916385 0.9648829431438127 0.05351170568561873 0.05016722408026756
6 0.13377926421404682 0.01839464882943144 0.2591973244147157 0.03511705685618729
6 0.7909698996655519 0.9632107023411371 0.2709030100334448 0.07357859531772576
6 0.8210702341137124 0.6454849498327759 0.22073578595317725 0.205685618729097
6 0.05016722408026756 0.38461538461538464 0.10033444816053512 0.25585284280936454
6 0.9648829431438127 0.7642140468227425 0.07023411371237458 0.29431438127090304
6 0.939799331103679 0.45819397993311034 0.12040133779264214 0.22408026755852842
0 0.5033444816053512 0.4882943143812709 0.3695652173913043 0.3712374581939799
6 0.9331103678929766 0.1956521739130435 0.12876254180602006 0.23076923076923078
6 0.22909698996655517 0.9130434782608695 0.25752508361204013 0.17391304347826086
6 0.38127090301003347 0.7441471571906354 0.24581939799331104 0.22073578595317725
6 0.24581939799331104 0.3695652173913043 0.2140468227424749 0.18394648829431437
6 0.774247491638796 0.3294314381270903 0.2525083612040134 0.22909698996655517
6 0.11872909698996656 0.18227424749163879 0.23578595317725753 0.21237458193979933
6 0.40468227424749165 0.19063545150501673 0.25752508361204013 0.22408026755852842
6 0.13879598662207357 0.5852842809364549 0.23411371237458195 0.2408026755852843