6 0.030100334448160536 0.021739130434782608 0.06020066889632107 0.043478260869565216
6 0.021739130434782608 0.40468227424749165 0.04180602006688963 0.2591973244147157
6 0.023411371237458192 0.15551839464882944 0.046822742474916385 0.21739130434782608
6 0.038461538461538464 0.931438127090301 0.07692307692307693 0.13712374581939799
0 0.5100334448160535 0.5033444816053512 0.459866220735786 0.4280936454849498
6 0.9297658862876255 0.07357859531772576 0.13377926421404682 0.14715719063545152
6 0.6906354515050167 0.9264214046822743 0.22742474916387959 0.14715719063545152
6 0.07190635451505016 0.6889632107023411 0.14381270903010032 0.27759197324414714
6 0.35618729096989965 0.9046822742474916 0.23411371237458195 0.19063545150501673
6 0.5903010033444817 0.0903010033444816 0.21906354515050167 0.17892976588628762
6 0.919732441471572 0.6822742474916388 0.15551839464882944 0.23076923076923078
6 0.8712374581939799 0.24749163879598662 0.22742474916387959 0.22909698996655517
6 0.7424749163879598 0.677257525083612 0.20903010033444816 0.2040133779264214
6 0.3712374581939799 0.11872909698996656 0.22742474916387959 0.23076923076923078
6 0.842809364548495 0.4765886287625418 0.23076923076923078 0.20903010033444816
6 0.3210702341137124 0.705685618729097 0.2140468227424749 0.21237458193979933
6 0.1588628762541806 0.23745819397993312 0.2408026755852843 0.26588628762541805