6 0.9899665551839465 0.17725752508361203 0.020066889632107024 0.20066889632107024
6 0.9448160535117057 0.02508361204013378 0.11036789297658862 0.05016722408026756
6 0.9715719063545151 0.8327759197324415 0.056856187290969896 0.24581939799331104
0 0.5033444816053512 0.5351170568561873 0.45652173913043476 0.4882943143812709
6 0.35451505016722407 0.05852842809364549 0.23076923076923078 0.11538461538461539
6 0.12876254180602006 0.07023411371237458 0.22073578595317725 0.14046822742474915
6 0.6053511705685619 0.9247491638795987 0.22742474916387959 0.1505016722408027
6 0.08695652173913043 0.5719063545150501 0.17391304347826086 0.23411371237458195
6 0.8879598662207357 0.520066889632107 0.22073578595317725 0.24749163879598662
6 0.8277591973244147 0.8461538461538461 0.22742474916387959 0.2525083612040134
6 0.5852842809364549 0.10702341137123746 0.22240802675585283 0.205685618729097
6 0.08862876254180602 0.27424749163879597 0.17725752508361203 0.26755852842809363
6 0.22073578595317725 0.7107023411371237 0.22073578595317725 0.24247491638795987
6 0.41638795986622074 0.8478260869565217 0.24749163879598662 0.2491638795986622
6 0.8762541806020067 0.28762541806020064 0.2140468227424749 0.20234113712374582
6 0.3411371237458194 0.2508361204013378 0.24247491638795987 0.225752508361204
6 0.6989966555183946 0.2391304347826087 0.21906354515050167 0.24581939799331104
6 0.7608695652173914 0.6254180602006689 0.22909698996655517 0.2709030100334448