6 0.25585284280936454 0.6254180602006689 0.21070234113712374 0.2157190635451505
6 0.5351170568561873 0.9230769230769231 0.23411371237458195 0.15384615384615385
6 0.9782608695652174 0.28762541806020064 0.04180602006688963 0.20234113712374582
6 0.4331103678929766 0.8979933110367893 0.22909698996655517 0.2040133779264214
6 0.043478260869565216 0.9147157190635451 0.08528428093645485 0.16555183946488294
6 0.9280936454849499 0.6889632107023411 0.1354515050167224 0.225752508361204
5 0.12709030100334448 0.5367892976588629 0.07023411371237458 0.07190635451505016
0 0.5033444816053512 0.4916387959866221 0.43478260869565216 0.4765886287625418
6 0.05852842809364549 0.39297658862876256 0.11705685618729098 0.22408026755852842
6 0.8913043478260869 0.9548494983277592 0.21070234113712374 0.08862876254180602
6 0.13712374581939799 0.17725752508361203 0.19732441471571907 0.22408026755852842
6 0.5468227424749164 0.7240802675585284 0.20903010033444816 0.18394648829431437
6 0.919732441471572 0.8043478260869565 0.15551839464882944 0.23076923076923078
6 0.2959866220735786 0.9297658862876255 0.23578595317725753 0.14046822742474915
6 0.6839464882943144 0.06020066889632107 0.2508361204013378 0.11872909698996656
6 0.27424749163879597 0.7474916387959866 0.21739130434782608 0.21906354515050167
6 0.9063545150501672 0.07190635451505016 0.1806020066889632 0.14381270903010032
6 0.3595317725752508 0.07525083612040134 0.23076923076923078 0.1505016722408027
6 0.7909698996655519 0.5284280936454849 0.205685618729097 0.20903010033444816
6 0.8327759197324415 0.2508361204013378 0.22742474916387959 0.225752508361204
6 0.09531772575250837 0.677257525083612 0.19063545150501673 0.23745819397993312
6 0.754180602006689 0.8712374581939799 0.20903010033444816 0.21906354515050167
6 0.30267558528428096 0.28595317725752506 0.22240802675585283 0.22408026755852842
6 0.5133779264214047 0.1806020066889632 0.24581939799331104 0.21906354515050167
6 0.08361204013377926 0.11371237458193979 0.16722408026755853 0.225752508361204