6 0.5317725752508361 0.9899665551839465 0.21906354515050167 0.020066889632107024
6 0.013377926421404682 0.9214046822742475 0.026755852842809364 0.15719063545150502
6 0.959866220735786 0.979933110367893 0.07525083612040134 0.038461538461538464
5 0.11204013377926421 0.8946488294314381 0.08528428093645485 0.08862876254180602
5 0.9615384615384616 0.6755852842809364 0.07190635451505016 0.08862876254180602
6 0.7993311036789298 0.015050167224080268 0.1956521739130435 0.030100334448160536
5 0.7424749163879598 0.5033444816053512 0.09698996655518395 0.1020066889632107
6 0.05852842809364549 0.03511705685618729 0.11705685618729098 0.07023411371237458
6 0.2508361204013378 0.028428093645484948 0.22073578595317725 0.056856187290969896
0 0.5250836120401338 0.49665551839464883 0.411371237458194 0.46321070234113715
5 0.7692307692307693 0.7157190635451505 0.13879598662207357 0.11538461538461539
5 0.8612040133779264 0.11538461538461539 0.08361204013377926 0.08361204013377926
6 0.9515050167224081 0.09866220735785954 0.09698996655518395 0.19732441471571907
6 0.1505016722408027 0.15384615384615385 0.24581939799331104 0.2491638795986622
6 0.07190635451505016 0.5183946488294314 0.14381270903010032 0.2408026755852843
6 0.225752508361204 0.7892976588628763 0.24581939799331104 0.21237458193979933
6 0.4882943143812709 0.7859531772575251 0.22742474916387959 0.1956521739130435
6 0.677257525083612 0.8896321070234113 0.225752508361204 0.19899665551839466
6 0.9046822742474916 0.81438127090301 0.18561872909698995 0.21906354515050167
6 0.25418060200668896 0.5668896321070234 0.22073578595317725 0.20903010033444816
6 0.8127090301003345 0.35618729096989965 0.20903010033444816 0.2040133779264214