6 0.013377926421404682 0.05351170568561873 0.026755852842809364 0.10702341137123746
6 0.3862876254180602 0.9866220735785953 0.23076923076923078 0.026755852842809364
6 0.9096989966555183 0.016722408026755852 0.1806020066889632 0.033444816053511704
6 0.02508361204013378 0.2625418060200669 0.05016722408026756 0.205685618729097
0 0.46321070234113715 0.5668896321070234 0.391304347826087 0.4431438127090301
6 0.9180602006688964 0.9464882943143813 0.1588628762541806 0.10702341137123746
6 0.6337792642140468 0.9448160535117057 0.21070234113712374 0.11036789297658862
6 0.06354515050167224 0.9297658862876255 0.12709030100334448 0.14046822742474915
6 0.4096989966555184 0.043478260869565216 0.28929765886287623 0.08695652173913043
6 0.725752508361204 0.5033444816053512 0.2140468227424749 0.21906354515050167
6 0.08695652173913043 0.7759197324414716 0.17391304347826086 0.20066889632107024
6 0.23244147157190637 0.9080267558528428 0.22240802675585283 0.18227424749163879
6 0.7842809364548495 0.19063545150501673 0.23411371237458195 0.20903010033444816
6 0.9214046822742475 0.342809364548495 0.1505016722408027 0.205685618729097
6 0.7508361204013378 0.7892976588628763 0.23076923076923078 0.21237458193979933
6 0.19732441471571907 0.33277591973244147 0.22742474916387959 0.2408026755852843
6 0.9180602006688964 0.6722408026755853 0.1588628762541806 0.20903010033444816
6 0.4531772575250836 0.8729096989966555 0.23076923076923078 0.20903010033444816
6 0.3595317725752508 0.20735785953177258 0.24749163879598662 0.23411371237458195
6 0.09197324414715718 0.5618729096989966 0.18227424749163879 0.23411371237458195