6 0.9899665551839465 0.5117056856187291 0.01839464882943144 0.2140468227424749
5 0.8695652173913043 0.13043478260869565 0.11204013377926421 0.11036789297658862
0 0.5234113712374582 0.5117056856187291 0.48494983277591974 0.45652173913043476
6 0.026755852842809364 0.5367892976588629 0.05351170568561873 0.19732441471571907
6 0.1705685618729097 0.39464882943143814 0.2157190635451505 0.22073578595317725
6 0.4765886287625418 0.931438127090301 0.23745819397993312 0.1354515050167224
6 0.9096989966555183 0.8996655518394648 0.17391304347826086 0.20066889632107024
6 0.09531772575250837 0.9147157190635451 0.19063545150501673 0.16722408026755853
6 0.7709030100334449 0.8394648829431438 0.19732441471571907 0.19899665551839466
6 0.5819397993311036 0.7374581939799331 0.225752508361204 0.19230769230769232
6 0.17725752508361203 0.5183946488294314 0.22909698996655517 0.1956521739130435
6 0.35618729096989965 0.7709030100334449 0.2692307692307692 0.19899665551839466
6 0.9498327759197325 0.862876254180602 0.10033444816053512 0.22073578595317725