6 0.9498327759197325 0.015050167224080268 0.10033444816053512 0.030100334448160536
6 0.9648829431438127 0.5217391304347826 0.07023411371237458 0.25585284280936454
6 0.7993311036789298 0.9782608695652174 0.22742474916387959 0.04180602006688963
6 0.06020066889632107 0.9581939799331104 0.12040133779264214 0.08361204013377926
0 0.5033444816053512 0.5083612040133779 0.44648829431438125 0.4882943143812709
5 0.8812709030100334 0.49665551839464883 0.10702341137123746 0.0903010033444816
6 0.15384615384615385 0.06688963210702341 0.225752508361204 0.13377926421404682
6 0.411371237458194 0.05351170568561873 0.25585284280936454 0.10702341137123746
6 0.3712374581939799 0.23076923076923078 0.23244147157190637 0.24247491638795987
6 0.22073578595317725 0.41638795986622074 0.20903010033444816 0.2408026755852843
6 0.17725752508361203 0.7341137123745819 0.2591973244147157 0.2508361204013378
6 0.41471571906354515 0.8896321070234113 0.2140468227424749 0.22073578595317725
6 0.8394648829431438 0.28595317725752506 0.23411371237458195 0.2157190635451505
6 0.6404682274247492 0.8913043478260869 0.2508361204013378 0.21739130434782608
6 0.7491638795986622 0.47324414715719065 0.18896321070234115 0.24581939799331104
6 0.8846153846153846 0.8762541806020067 0.22073578595317725 0.24247491638795987
6 0.822742474916388 0.08862876254180602 0.25752508361204013 0.17725752508361203
6 0.6086956521739131 0.23578595317725753 0.24581939799331104 0.22408026755852842
6 0.7408026755852842 0.7090301003344481 0.23411371237458195 0.22909698996655517
6 0.0802675585284281 0.38461538461538464 0.1605351170568562 0.2508361204013378