6 0.04180602006688963 0.3060200668896321 0.08361204013377926 0.2408026755852843
6 0.9849498327759197 0.5284280936454849 0.030100334448160536 0.20735785953177258
6 0.026755852842809364 0.8979933110367893 0.05351170568561873 0.2040133779264214
6 0.7341137123745819 0.023411371237458192 0.2508361204013378 0.046822742474916385
0 0.5 0.5050167224080268 0.3612040133779264 0.3712374581939799
6 0.9515050167224081 0.10367892976588629 0.09197324414715718 0.205685618729097
5 0.8494983277591973 0.3862876254180602 0.08361204013377926 0.08361204013377926
6 0.05852842809364549 0.4882943143812709 0.11705685618729098 0.2591973244147157
6 0.794314381270903 0.9464882943143813 0.23076923076923078 0.10702341137123746
6 0.3294314381270903 0.06354515050167224 0.30267558528428096 0.12709030100334448
6 0.9347826086956522 0.8913043478260869 0.12374581939799331 0.21739130434782608
6 0.13210702341137123 0.7842809364548495 0.23578595317725753 0.25585284280936454
6 0.22408026755852842 0.40468227424749165 0.23076923076923078 0.2408026755852843
6 0.6304347826086957 0.24414715719063546 0.2508361204013378 0.24581939799331104
6 0.9046822742474916 0.6822742474916388 0.18394648829431437 0.23076923076923078
6 0.2993311036789298 0.882943143812709 0.2608695652173913 0.23411371237458195
6 0.8093645484949833 0.11705685618729098 0.225752508361204 0.205685618729097
6 0.11872909698996656 0.13210702341137123 0.23745819397993312 0.23076923076923078
6 0.5484949832775919 0.8612040133779264 0.2525083612040134 0.27759197324414714
6 0.7073578595317725 0.7140468227424749 0.24247491638795987 0.2408026755852843