6 0.011705685618729096 0.6505016722408027 0.021739130434782608 0.2040133779264214
6 0.919732441471572 0.015050167224080268 0.1588628762541806 0.030100334448160536
6 0.9832775919732442 0.7441471571906354 0.033444816053511704 0.22408026755852842
0 0.5016722408026756 0.47491638795986624 0.4816053511705686 0.4682274247491639
6 0.8612040133779264 0.9665551839464883 0.26421404682274247 0.06688963210702341
6 0.7859531772575251 0.8996655518394648 0.2140468227424749 0.20066889632107024
6 0.5953177257525084 0.9130434782608695 0.2391304347826087 0.17391304347826086
6 0.3963210702341137 0.9013377926421404 0.2508361204013378 0.19732441471571907
6 0.29431438127090304 0.6404682274247492 0.24414715719063546 0.2408026755852843
6 0.17892976588628762 0.8963210702341137 0.2408026755852843 0.205685618729097
6 0.44481605351170567 0.06688963210702341 0.2408026755852843 0.13377926421404682
6 0.0802675585284281 0.7575250836120402 0.1605351170568562 0.23745819397993312
6 0.35785953177257523 0.2959866220735786 0.24581939799331104 0.2408026755852843
6 0.8327759197324415 0.68561872909699 0.25585284280936454 0.2709030100334448
6 0.6086956521739131 0.7725752508361204 0.2591973244147157 0.22909698996655517