6 0.9080267558528428 0.9732441471571907 0.17892976588628762 0.05351170568561873
6 0.9715719063545151 0.7290969899665551 0.056856187290969896 0.225752508361204
6 0.9682274247491639 0.5250836120401338 0.06020066889632107 0.205685618729097
5 0.6270903010033445 0.8729096989966555 0.08193979933110368 0.07859531772575251
5 0.4214046822742475 0.9063545150501672 0.06354515050167224 0.056856187290969896
6 0.1939799331103679 0.6103678929765887 0.2391304347826087 0.20066889632107024
0 0.5016722408026756 0.49665551839464883 0.34615384615384615 0.3862876254180602
6 0.4782608695652174 0.9565217391304348 0.20735785953177258 0.08528428093645485
6 0.20066889632107024 0.5117056856187291 0.22240802675585283 0.19899665551839466
6 0.05852842809364549 0.8695652173913043 0.11705685618729098 0.25585284280936454
6 0.8612040133779264 0.6705685618729097 0.2157190635451505 0.22909698996655517
6 0.774247491638796 0.8896321070234113 0.2608695652173913 0.22073578595317725
6 0.6588628762541806 0.7240802675585284 0.21906354515050167 0.21237458193979933
6 0.7658862876254181 0.5267558528428093 0.20234113712374582 0.1956521739130435