6 0.9682274247491639 0.568561872909699 0.06354515050167224 0.22408026755852842
6 0.6688963210702341 0.9866220735785953 0.22073578595317725 0.026755852842809364
6 0.18561872909698995 0.4197324414715719 0.2391304347826087 0.2391304347826087
6 0.9515050167224081 0.9715719063545151 0.09698996655518395 0.056856187290969896
6 0.02508361204013378 0.43478260869565216 0.05016722408026756 0.22073578595317725
6 0.41638795986622074 0.030100334448160536 0.24247491638795987 0.06020066889632107
6 0.2608695652173913 0.391304347826087 0.17892976588628762 0.2040133779264214
0 0.5033444816053512 0.49665551839464883 0.43478260869565216 0.4498327759197324
6 0.5234113712374582 0.7909698996655519 0.2591973244147157 0.225752508361204
6 0.09866220735785954 0.9615384615384616 0.19732441471571907 0.07692307692307693
6 0.07023411371237458 0.046822742474916385 0.13879598662207357 0.09364548494983277
6 0.9464882943143813 0.794314381270903 0.10367892976588629 0.2525083612040134
6 0.9280936454849499 0.41638795986622074 0.13879598662207357 0.21237458193979933
6 0.8996655518394648 0.038461538461538464 0.1956521739130435 0.07692307692307693
6 0.4665551839464883 0.0903010033444816 0.21070234113712374 0.17725752508361203
6 0.29431438127090304 0.9431438127090301 0.22240802675585283 0.11371237458193979
6 0.21906354515050167 0.10702341137123746 0.23076923076923078 0.2140468227424749
6 0.5117056856187291 0.8979933110367893 0.22742474916387959 0.2040133779264214
6 0.8361204013377926 0.9180602006688964 0.21739130434782608 0.16220735785953178
6 0.08695652173913043 0.8277591973244147 0.17391304347826086 0.2040133779264214
6 0.3110367892976589 0.20234113712374582 0.23411371237458195 0.205685618729097
6 0.8779264214046822 0.17224080267558528 0.22240802675585283 0.21906354515050167
6 0.8327759197324415 0.6622073578595318 0.22240802675585283 0.21906354515050167
6 0.6688963210702341 0.13712374581939799 0.2157190635451505 0.225752508361204
6 0.7575250836120402 0.34448160535117056 0.23578595317725753 0.225752508361204
6 0.07525083612040134 0.2140468227424749 0.1505016722408027 0.23745819397993312
6 0.2792642140468227 0.7658862876254181 0.24247491638795987 0.23076923076923078
6 0.09866220735785954 0.617056856187291 0.19732441471571907 0.20903010033444816