6 0.10033444816053512 0.10702341137123746 0.20066889632107024 0.205685618729097
6 0.32608695652173914 0.9130434782608695 0.23076923076923078 0.17391304347826086
6 0.9163879598662207 0.40468227424749165 0.1605351170568562 0.18394648829431437
6 0.4280936454849498 0.033444816053511704 0.2508361204013378 0.06521739130434782
0 0.5033444816053512 0.5033444816053512 0.41638795986622074 0.451505016722408
6 0.4180602006688963 0.9481605351170569 0.22742474916387959 0.10367892976588629
6 0.14214046822742474 0.061872909698996656 0.23578595317725753 0.12374581939799331
6 0.05852842809364549 0.46153846153846156 0.11705685618729098 0.21739130434782608
6 0.9180602006688964 0.7274247491638796 0.1588628762541806 0.20903010033444816
6 0.919732441471572 0.5167224080267558 0.15551839464882944 0.22909698996655517
6 0.7023411371237458 0.10535117056856187 0.24581939799331104 0.20903010033444816
6 0.8076923076923077 0.8879598662207357 0.225752508361204 0.21237458193979933
6 0.5518394648829431 0.842809364548495 0.23076923076923078 0.19899665551839466
6 0.2157190635451505 0.5183946488294314 0.21739130434782608 0.19899665551839466
6 0.882943143812709 0.21070234113712374 0.22240802675585283 0.21906354515050167
6 0.15217391304347827 0.8678929765886287 0.2140468227424749 0.20903010033444816
6 0.6889632107023411 0.705685618729097 0.23411371237458195 0.21237458193979933
6 0.225752508361204 0.6187290969899666 0.21906354515050167 0.205685618729097
6 0.8929765886287625 0.9297658862876255 0.21237458193979933 0.14046822742474915