6 0.06521739130434782 0.011705685618729096 0.13043478260869565 0.023411371237458192
6 0.9615384615384616 0.8511705685618729 0.07692307692307693 0.2508361204013378
6 0.5518394648829431 0.9698996655518395 0.2408026755852843 0.06020066889632107
6 0.038461538461538464 0.5568561872909699 0.07692307692307693 0.23076923076923078
6 0.5785953177257525 0.9280936454849499 0.2608695652173913 0.13712374581939799
6 0.2408026755852843 0.05518394648829431 0.23244147157190637 0.11036789297658862
6 0.051839464882943144 0.3210702341137124 0.10367892976588629 0.2625418060200669
6 0.8578595317725752 0.9732441471571907 0.22909698996655517 0.05351170568561873
6 0.931438127090301 0.06020066889632107 0.13043478260869565 0.12040133779264214
0 0.49331103678929766 0.520066889632107 0.34615384615384615 0.42474916387959866
6 0.9515050167224081 0.4882943143812709 0.09698996655518395 0.23411371237458195
6 0.7441471571906354 0.05351170568561873 0.25585284280936454 0.10702341137123746
6 0.30267558528428096 0.9331103678929766 0.23411371237458195 0.13210702341137123
6 0.09531772575250837 0.10535117056856187 0.19063545150501673 0.18394648829431437
6 0.8377926421404682 0.6438127090301003 0.31438127090301005 0.1939799331103679
6 0.9080267558528428 0.22909698996655517 0.17892976588628762 0.2040133779264214
6 0.7976588628762542 0.8394648829431438 0.2591973244147157 0.2040133779264214
6 0.28595317725752506 0.24581939799331104 0.24581939799331104 0.2591973244147157
6 0.4916387959866221 0.10869565217391304 0.27424749163879597 0.21739130434782608
6 0.7692307692307693 0.4230769230769231 0.23411371237458195 0.25585284280936454
6 0.1588628762541806 0.7859531772575251 0.26421404682274247 0.22909698996655517