6 0.9816053511705686 0.40635451505016723 0.03511705685618729 0.21237458193979933
6 0.2709030100334448 0.9698996655518395 0.20066889632107024 0.06020066889632107
6 0.4698996655518395 0.959866220735786 0.23745819397993312 0.0802675585284281
6 0.3695652173913043 0.048494983277591976 0.25585284280936454 0.09698996655518395
6 0.6989966555183946 0.7692307692307693 0.23578595317725753 0.225752508361204
0 0.5217391304347826 0.49665551839464883 0.41638795986622074 0.411371237458194
6 0.27759197324414714 0.6672240802675585 0.2508361204013378 0.24247491638795987
6 0.9163879598662207 0.47324414715719065 0.16387959866220736 0.23411371237458195
6 0.6103678929765887 0.06688963210702341 0.2391304347826087 0.13210702341137123
6 0.5117056856187291 0.7658862876254181 0.18896321070234115 0.17725752508361203
6 0.8327759197324415 0.9130434782608695 0.24581939799331104 0.17391304347826086
6 0.205685618729097 0.7892976588628763 0.22240802675585283 0.205685618729097
6 0.0903010033444816 0.540133779264214 0.1806020066889632 0.26588628762541805
6 0.8260869565217391 0.6655518394648829 0.23076923076923078 0.22909698996655517
6 0.25585284280936454 0.4096989966555184 0.22240802675585283 0.23076923076923078
6 0.14214046822742474 0.11036789297658862 0.2725752508361204 0.22073578595317725
6 0.38461538461538464 0.205685618729097 0.2909698996655518 0.22073578595317725