6 0.038461538461538464 0.013377926421404682 0.07692307692307693 0.026755852842809364
6 0.9765886287625418 0.9297658862876255 0.046822742474916385 0.14046822742474915
6 0.02508361204013378 0.6337792642140468 0.05016722408026756 0.22073578595317725
6 0.7658862876254181 0.9816053511705686 0.3177257525083612 0.03511705685618729
6 0.026755852842809364 0.12040133779264214 0.05351170568561873 0.2040133779264214
6 0.9264214046822743 0.18227424749163879 0.14214046822742474 0.2625418060200669
6 0.7658862876254181 0.8043478260869565 0.27759197324414714 0.225752508361204
5 0.637123745819398 0.7290969899665551 0.07023411371237458 0.0802675585284281
6 0.05852842809364549 0.4180602006688963 0.11705685618729098 0.26421404682274247
6 0.4765886287625418 0.030100334448160536 0.22073578595317725 0.06020066889632107
5 0.7474916387959866 0.02508361204013378 0.07859531772575251 0.05016722408026756
5 0.22909698996655517 0.6655518394648829 0.07023411371237458 0.07525083612040134
0 0.5050167224080268 0.4899665551839465 0.44481605351170567 0.47491638795986624
6 0.81438127090301 0.8729096989966555 0.22742474916387959 0.19899665551839466
6 0.939799331103679 0.5836120401337793 0.11371237458193979 0.2709030100334448
6 0.11872909698996656 0.939799331103679 0.23578595317725753 0.11872909698996656
6 0.5050167224080268 0.7976588628762542 0.22240802675585283 0.205685618729097
6 0.20066889632107024 0.5418060200668896 0.22240802675585283 0.20066889632107024
6 0.20903010033444816 0.32274247491638797 0.23411371237458195 0.27424749163879597
6 0.3210702341137124 0.7558528428093646 0.20903010033444816 0.21906354515050167
6 0.8177257525083612 0.31438127090301005 0.22073578595317725 0.19899665551839466