6 0.021739130434782608 0.9297658862876255 0.043478260869565216 0.14046822742474915
6 0.01839464882943144 0.6923076923076923 0.03511705685618729 0.21906354515050167
6 0.9715719063545151 0.7408026755852842 0.05351170568561873 0.18729096989966554
6 0.01839464882943144 0.11872909698996656 0.03511705685618729 0.18729096989966554
6 0.391304347826087 0.8929765886287625 0.22742474916387959 0.205685618729097
6 0.225752508361204 0.9698996655518395 0.225752508361204 0.06020066889632107
6 0.22408026755852842 0.6304347826086957 0.20234113712374582 0.2391304347826087
0 0.5050167224080268 0.5083612040133779 0.48494983277591974 0.48327759197324416
6 0.7575250836120402 0.038461538461538464 0.2508361204013378 0.07692307692307693
6 0.13210702341137123 0.5384615384615384 0.23076923076923078 0.23411371237458195
6 0.34615384615384615 0.043478260869565216 0.2525083612040134 0.08528428093645485
6 0.10702341137123746 0.046822742474916385 0.2140468227424749 0.09364548494983277
6 0.4916387959866221 0.9264214046822743 0.2391304347826087 0.14715719063545152
6 0.9280936454849499 0.08862876254180602 0.1354515050167224 0.17725752508361203
6 0.9364548494983278 0.9130434782608695 0.12040133779264214 0.17391304347826086
6 0.33612040133779264 0.19063545150501673 0.20066889632107024 0.2040133779264214
6 0.8327759197324415 0.7976588628762542 0.225752508361204 0.21237458193979933
6 0.7625418060200669 0.6003344481605352 0.20903010033444816 0.22073578595317725
6 0.7090301003344481 0.2725752508361204 0.22073578595317725 0.225752508361204
6 0.12040133779264214 0.8394648829431438 0.225752508361204 0.22408026755852842
6 0.9046822742474916 0.2826086956521739 0.18561872909698995 0.22909698996655517
6 0.9230769230769231 0.5351170568561873 0.14715719063545152 0.225752508361204
6 0.12876254180602006 0.205685618729097 0.23076923076923078 0.22408026755852842
6 0.6137123745819398 0.7792642140468228 0.22240802675585283 0.225752508361204