6 0.021739130434782608 0.06020066889632107 0.04180602006688963 0.11538461538461539
6 0.7692307692307693 0.023411371237458192 0.21070234113712374 0.046822742474916385
6 0.3010033444816054 0.9816053511705686 0.23076923076923078 0.03511705685618729
0 0.49665551839464883 0.5 0.3745819397993311 0.3612040133779264
5 0.05351170568561873 0.5535117056856187 0.10702341137123746 0.10033444816053512
6 0.16220735785953178 0.030100334448160536 0.24749163879598662 0.06020066889632107
6 0.3695652173913043 0.028428093645484948 0.2040133779264214 0.056856187290969896
5 0.11371237458193979 0.43645484949832775 0.07859531772575251 0.06856187290969899
6 0.09698996655518395 0.9464882943143813 0.1939799331103679 0.10702341137123746
6 0.8963210702341137 0.05351170568561873 0.20234113712374582 0.10702341137123746
6 0.9214046822742475 0.22408026755852842 0.15384615384615385 0.205685618729097
6 0.8979933110367893 0.8511705685618729 0.19230769230769232 0.18729096989966554
6 0.1020066889632107 0.13043478260869565 0.19230769230769232 0.18729096989966554
6 0.06020066889632107 0.7909698996655519 0.12040133779264214 0.21739130434782608
6 0.7157190635451505 0.6889632107023411 0.17558528428093645 0.18729096989966554
6 0.46321070234113715 0.9080267558528428 0.20234113712374582 0.18227424749163879
6 0.5183946488294314 0.7357859531772575 0.22073578595317725 0.16555183946488294
6 0.2809364548494983 0.1254180602006689 0.205685618729097 0.1956521739130435
6 0.7157190635451505 0.29431438127090304 0.19732441471571907 0.1956521739130435
6 0.8545150501672241 0.431438127090301 0.225752508361204 0.19063545150501673
6 0.15384615384615385 0.6555183946488294 0.19230769230769232 0.18227424749163879
6 0.3060200668896321 0.7625418060200669 0.20066889632107024 0.19899665551839466