5 0.4397993311036789 0.2792642140468227 0.12207357859531773 0.11371237458193979
6 0.011705685618729096 0.19063545150501673 0.021739130434782608 0.2157190635451505
6 0.9816053511705686 0.9180602006688964 0.03511705685618729 0.16220735785953178
6 0.9615384615384616 0.5919732441471572 0.07190635451505016 0.2525083612040134
6 0.9347826086956522 0.061872909698996656 0.13043478260869565 0.12374581939799331
0 0.49665551839464883 0.5418060200668896 0.5100334448160535 0.5267558528428093
6 0.3093645484949833 0.9515050167224081 0.26421404682274247 0.09698996655518395
6 0.7642140468227425 0.08695652173913043 0.2391304347826087 0.17391304347826086
6 0.2809364548494983 0.7374581939799331 0.25585284280936454 0.2525083612040134
6 0.8043478260869565 0.8929765886287625 0.2976588628762542 0.21237458193979933
6 0.8862876254180602 0.3879598662207358 0.22240802675585283 0.23745819397993312
6 0.7809364548494984 0.6688963210702341 0.2725752508361204 0.24749163879598662
6 0.5133779264214047 0.8896321070234113 0.25752508361204013 0.22073578595317725
6 0.19063545150501673 0.10702341137123746 0.2608695652173913 0.21237458193979933
6 0.5183946488294314 0.11371237458193979 0.24749163879598662 0.225752508361204
6 0.1956521739130435 0.362876254180602 0.26421404682274247 0.2491638795986622
6 0.1020066889632107 0.8729096989966555 0.20234113712374582 0.2491638795986622