6 0.9715719063545151 0.9498327759197325 0.05518394648829431 0.10033444816053512
6 0.9498327759197325 0.2391304347826087 0.09531772575250837 0.1939799331103679
0 0.5016722408026756 0.49665551839464883 0.3862876254180602 0.48327759197324416
5 0.2625418060200669 0.717391304347826 0.07023411371237458 0.06856187290969899
5 0.6605351170568562 0.8762541806020067 0.07859531772575251 0.07190635451505016
5 0.42474916387959866 0.8578595317725752 0.08862876254180602 0.08361204013377926
6 0.09531772575250837 0.6989966555183946 0.19063545150501673 0.27424749163879597
6 0.9230769230769231 0.4397993311036789 0.14715719063545152 0.21237458193979933
6 0.08695652173913043 0.9147157190635451 0.17391304347826086 0.16387959866220736
6 0.8327759197324415 0.8963210702341137 0.24581939799331104 0.205685618729097
6 0.6906354515050167 0.7341137123745819 0.2140468227424749 0.21237458193979933
6 0.9080267558528428 0.7324414715719063 0.17892976588628762 0.19899665551839466
6 0.8979933110367893 0.08361204013377926 0.19732441471571907 0.16722408026755853
6 0.7842809364548495 0.5468227424749164 0.24247491638795987 0.22408026755852842
6 0.7775919732441472 0.31270903010033446 0.22240802675585283 0.24581939799331104
6 0.4816053511705686 0.10702341137123746 0.24749163879598662 0.2140468227424749
6 0.2608695652173913 0.26421404682274247 0.2608695652173913 0.23745819397993312