5 0.6086956521739131 0.9214046822742475 0.06354515050167224 0.05852842809364549
6 0.9648829431438127 0.7290969899665551 0.06688963210702341 0.21906354515050167
6 0.7357859531772575 0.9698996655518395 0.16722408026755853 0.06020066889632107
5 0.08193979933110368 0.9297658862876255 0.12040133779264214 0.09698996655518395
0 0.5033444816053512 0.49665551839464883 0.3695652173913043 0.3862876254180602
6 0.10367892976588629 0.0451505016722408 0.20735785953177258 0.0903010033444816
6 0.4899665551839465 0.051839464882943144 0.21070234113712374 0.10367892976588629
6 0.8528428093645485 0.17725752508361203 0.18896321070234115 0.1705685618729097
6 0.2909698996655518 0.931438127090301 0.27424749163879597 0.13712374581939799
6 0.17725752508361203 0.677257525083612 0.225752508361204 0.20903010033444816
6 0.38127090301003347 0.7591973244147158 0.20903010033444816 0.1956521739130435
6 0.12374581939799331 0.47157190635451507 0.20903010033444816 0.19899665551839466
6 0.5418060200668896 0.2140468227424749 0.2157190635451505 0.20234113712374582
6 0.6906354515050167 0.7224080267558528 0.21906354515050167 0.20234113712374582
6 0.7976588628762542 0.520066889632107 0.23411371237458195 0.22408026755852842