6 0.9347826086956522 0.010033444816053512 0.13043478260869565 0.020066889632107024
6 0.9565217391304348 0.9364548494983278 0.08193979933110368 0.12709030100334448
6 0.23244147157190637 0.011705685618729096 0.22408026755852842 0.023411371237458192
5 0.6605351170568562 0.6070234113712375 0.11705685618729098 0.10702341137123746
0 0.5050167224080268 0.49665551839464883 0.40635451505016723 0.39297658862876256
6 0.06688963210702341 0.033444816053511704 0.13210702341137123 0.06521739130434782
6 0.637123745819398 0.04013377926421405 0.20234113712374582 0.0802675585284281
6 0.9515050167224081 0.5167224080267558 0.09698996655518395 0.27759197324414714
6 0.7190635451505016 0.9431438127090301 0.25585284280936454 0.11371237458193979
6 0.10033444816053512 0.6989966555183946 0.20066889632107024 0.205685618729097
6 0.8210702341137124 0.3762541806020067 0.2140468227424749 0.22909698996655517
6 0.06688963210702341 0.9414715719063546 0.13210702341137123 0.11538461538461539
6 0.7408026755852842 0.822742474916388 0.22073578595317725 0.2157190635451505
6 0.9147157190635451 0.7474916387959866 0.16722408026755853 0.23411371237458195
6 0.3511705685618729 0.10535117056856187 0.2809364548494983 0.19899665551839466
6 0.08361204013377926 0.15719063545150502 0.16722408026755853 0.20066889632107024
6 0.22073578595317725 0.8695652173913043 0.24749163879598662 0.2157190635451505
6 0.09531772575250837 0.35618729096989965 0.18896321070234115 0.19899665551839466
6 0.8311036789297659 0.617056856187291 0.22240802675585283 0.23076923076923078
6 0.5050167224080268 0.7642140468227425 0.2725752508361204 0.21237458193979933
6 0.2140468227424749 0.5183946488294314 0.21739130434782608 0.20903010033444816
6 0.30434782608695654 0.31438127090301005 0.24247491638795987 0.2157190635451505
6 0.8762541806020067 0.32274247491638797 0.17725752508361203 0.19063545150501673