6 0.31270903010033446 0.048494983277591976 0.23578595317725753 0.09698996655518395
6 0.9581939799331104 0.7224080267558528 0.08361204013377926 0.2508361204013378
5 0.8963210702341137 0.5836120401337793 0.08528428093645485 0.07859531772575251
0 0.5033444816053512 0.5100334448160535 0.46153846153846156 0.44648829431438125
6 0.1254180602006689 0.11371237458193979 0.24581939799331104 0.22408026755852842
6 0.568561872909699 0.2157190635451505 0.2709030100334448 0.23411371237458195
6 0.4180602006688963 0.08695652173913043 0.24749163879598662 0.17391304347826086
6 0.08361204013377926 0.22073578595317725 0.16722408026755853 0.23076923076923078
6 0.22909698996655517 0.6923076923076923 0.2525083612040134 0.2391304347826087
6 0.2725752508361204 0.30434782608695654 0.2608695652173913 0.2508361204013378
6 0.5752508361204013 0.8979933110367893 0.2408026755852843 0.2040133779264214
6 0.7725752508361204 0.10535117056856187 0.2959866220735786 0.20903010033444816
6 0.7892976588628763 0.5250836120401338 0.205685618729097 0.2525083612040134
6 0.8979933110367893 0.28762541806020064 0.19732441471571907 0.22408026755852842
6 0.717391304347826 0.7408026755852842 0.225752508361204 0.22073578595317725
6 0.11705685618729098 0.882943143812709 0.23244147157190637 0.23411371237458195
6 0.8846153846153846 0.8762541806020067 0.21070234113712374 0.24749163879598662
6 0.34615384615384615 0.8846153846153846 0.2525083612040134 0.23076923076923078
6 0.11371237458193979 0.4899665551839465 0.22742474916387959 0.23745819397993312
6 0.9548494983277592 0.4916387959866221 0.0903010033444816 0.20234113712374582