6 0.802675585284281 0.9899665551839465 0.2525083612040134 0.020066889632107024
6 0.030100334448160536 0.41304347826086957 0.06020066889632107 0.22073578595317725
5 0.7859531772575251 0.5267558528428093 0.08361204013377926 0.10702341137123746
6 0.1705685618729097 0.9832775919732442 0.18561872909698995 0.033444816053511704
6 0.043478260869565216 0.9515050167224081 0.08528428093645485 0.09698996655518395
5 0.9096989966555183 0.8896321070234113 0.1806020066889632 0.2140468227424749
6 0.12709030100334448 0.05016722408026756 0.25418060200668896 0.10033444816053512
6 0.6956521739130435 0.7190635451505016 0.2525083612040134 0.30267558528428096
6 0.9130434782608695 0.04013377926421405 0.1705685618729097 0.0802675585284281
0 0.49331103678929766 0.5133779264214047 0.41471571906354515 0.46153846153846156
6 0.6086956521739131 0.931438127090301 0.2976588628762542 0.1354515050167224
6 0.19063545150501673 0.47491638795986624 0.21070234113712374 0.1454849498327759
6 0.8963210702341137 0.6304347826086957 0.19732441471571907 0.225752508361204
6 0.7692307692307693 0.0903010033444816 0.23411371237458195 0.1806020066889632
6 0.6020066889632107 0.23076923076923078 0.2140468227424749 0.20903010033444816
6 0.8511705685618729 0.2725752508361204 0.22073578595317725 0.18227424749163879
6 0.2909698996655518 0.7290969899665551 0.22742474916387959 0.205685618729097