6 0.9732441471571907 0.9715719063545151 0.046822742474916385 0.056856187290969896
6 0.016722408026755852 0.07190635451505016 0.033444816053511704 0.14381270903010032
6 0.08193979933110368 0.9732441471571907 0.16387959866220736 0.05351170568561873
6 0.22408026755852842 0.033444816053511704 0.20234113712374582 0.06521739130434782
5 0.705685618729097 0.6906354515050167 0.07859531772575251 0.07190635451505016
0 0.5016722408026756 0.5267558528428093 0.391304347826087 0.41638795986622074
6 0.05518394648829431 0.4816053511705686 0.11036789297658862 0.225752508361204
6 0.34615384615384615 0.2491638795986622 0.2140468227424749 0.20234113712374582
6 0.09364548494983277 0.8277591973244147 0.18561872909698995 0.21906354515050167
6 0.9297658862876255 0.20903010033444816 0.13377926421404682 0.26588628762541805
6 0.6120401337792643 0.08193979933110368 0.25752508361204013 0.16220735785953178
6 0.6304347826086957 0.27424749163879597 0.2157190635451505 0.18896321070234115
6 0.1588628762541806 0.6471571906354515 0.225752508361204 0.2157190635451505
6 0.12876254180602006 0.16387959866220736 0.22742474916387959 0.24581939799331104
6 0.9063545150501672 0.6270903010033445 0.1806020066889632 0.21237458193979933
6 0.7909698996655519 0.4431438127090301 0.23076923076923078 0.23745819397993312
6 0.81438127090301 0.8745819397993311 0.21070234113712374 0.21237458193979933
6 0.21237458193979933 0.4180602006688963 0.225752508361204 0.23076923076923078