5 0.717391304347826 0.9933110367892977 0.14046822742474915 0.013377926421404682
6 0.9364548494983278 0.008361204013377926 0.12709030100334448 0.016722408026755852
6 0.38461538461538464 0.020066889632107024 0.20903010033444816 0.038461538461538464
6 0.9682274247491639 0.802675585284281 0.06354515050167224 0.19063545150501673
5 0.34448160535117056 0.3093645484949833 0.08361204013377926 0.07525083612040134
0 0.5016722408026756 0.5451505016722408 0.391304347826087 0.4080267558528428
6 0.12374581939799331 0.9565217391304348 0.20903010033444816 0.08528428093645485
6 0.05518394648829431 0.7658862876254181 0.11036789297658862 0.18729096989966554
6 0.705685618729097 0.34615384615384615 0.22742474916387959 0.19899665551839466
6 0.07190635451505016 0.10535117056856187 0.14214046822742474 0.20903010033444816
6 0.9214046822742475 0.5033444816053512 0.15384615384615385 0.24581939799331104
6 0.44648829431438125 0.9180602006688964 0.2140468227424749 0.16220735785953178
6 0.18561872909698995 0.6421404682274248 0.21070234113712374 0.225752508361204
6 0.5367892976588629 0.18561872909698995 0.24749163879598662 0.1688963210702341
6 0.882943143812709 0.22742474916387959 0.21070234113712374 0.21237458193979933
6 0.26588628762541805 0.11036789297658862 0.24749163879598662 0.22073578595317725
6 0.08361204013377926 0.42642140468227424 0.16722408026755853 0.21237458193979933