6 0.01839464882943144 0.5501672240802675 0.03511705685618729 0.2157190635451505
6 0.9732441471571907 0.2591973244147157 0.05351170568561873 0.23076923076923078
5 0.27424749163879597 0.4983277591973244 0.09531772575250837 0.08361204013377926
6 0.07692307692307693 0.030100334448160536 0.15384615384615385 0.06020066889632107
6 0.07357859531772576 0.8929765886287625 0.14715719063545152 0.21237458193979933
4 0.3411371237458194 0.8561872909698997 0.4431438127090301 0.28762541806020064
6 0.9431438127090301 0.7441471571906354 0.10869565217391304 0.23745819397993312
0 0.5066889632107023 0.5083612040133779 0.3862876254180602 0.4214046822742475
6 0.11705685618729098 0.362876254180602 0.23244147157190637 0.23745819397993312
6 0.8595317725752508 0.06354515050167224 0.22073578595317725 0.12709030100334448
6 0.3963210702341137 0.07190635451505016 0.23076923076923078 0.14381270903010032
6 0.31605351170568563 0.3511705685618729 0.17558528428093645 0.21906354515050167
6 0.6204013377926422 0.9080267558528428 0.1806020066889632 0.18394648829431437
6 0.8963210702341137 0.3862876254180602 0.19732441471571907 0.21237458193979933
6 0.8093645484949833 0.8377926421404682 0.23578595317725753 0.20903010033444816
6 0.26755852842809363 0.6538461538461539 0.2525083612040134 0.18394648829431437
6 0.560200668896321 0.20735785953177258 0.205685618729097 0.2408026755852843
6 0.7474916387959866 0.23745819397993312 0.205685618729097 0.27424749163879597
6 0.13377926421404682 0.5100334448160535 0.20234113712374582 0.225752508361204
6 0.19063545150501673 0.15384615384615385 0.225752508361204 0.21906354515050167