6 0.021739130434782608 0.10033444816053512 0.043478260869565216 0.1956521739130435
6 0.015050167224080268 0.9280936454849499 0.030100334448160536 0.14381270903010032
6 0.13043478260869565 0.9548494983277592 0.22742474916387959 0.0903010033444816
6 0.01839464882943144 0.5317725752508361 0.03511705685618729 0.18729096989966554
6 0.4899665551839465 0.9214046822742475 0.22408026755852842 0.15719063545150502
0 0.5016722408026756 0.49331103678929766 0.3595317725752508 0.3528428093645485
5 0.7107023411371237 0.32274247491638797 0.08361204013377926 0.08361204013377926
6 0.6739130434782609 0.06521739130434782 0.2140468227424749 0.13043478260869565
6 0.5133779264214047 0.05016722408026756 0.2040133779264214 0.10033444816053512
6 0.2959866220735786 0.6705685618729097 0.20234113712374582 0.21906354515050167
6 0.9381270903010034 0.11538461538461539 0.12040133779264214 0.23076923076923078
6 0.9046822742474916 0.5518394648829431 0.18394648829431437 0.21237458193979933
6 0.09531772575250837 0.794314381270903 0.19063545150501673 0.22408026755852842
6 0.391304347826087 0.7474916387959866 0.2391304347826087 0.20903010033444816
6 0.31605351170568563 0.27591973244147155 0.21739130434782608 0.2408026755852843
6 0.6956521739130435 0.7341137123745819 0.22073578595317725 0.2508361204013378
6 0.7909698996655519 0.20234113712374582 0.22073578595317725 0.1956521739130435
6 0.9046822742474916 0.7642140468227425 0.18394648829431437 0.21237458193979933
6 0.15384615384615385 0.4665551839464883 0.23578595317725753 0.2508361204013378
6 0.5535117056856187 0.2140468227424749 0.24581939799331104 0.1956521739130435
6 0.9096989966555183 0.32441471571906355 0.17558528428093645 0.2157190635451505
6 0.29431438127090304 0.08361204013377926 0.23578595317725753 0.16722408026755853