6 0.6337792642140468 0.7491638795986622 0.23411371237458195 0.19899665551839466
6 0.028428093645484948 0.3177257525083612 0.056856187290969896 0.2408026755852843
6 0.9464882943143813 0.05016722408026756 0.10702341137123746 0.10033444816053512
6 0.06020066889632107 0.7207357859531772 0.11872909698996656 0.225752508361204
5 0.7642140468227425 0.9782608695652174 0.07190635451505016 0.04180602006688963
6 0.9414715719063546 0.9464882943143813 0.11705685618729098 0.10702341137123746
6 0.15719063545150502 0.033444816053511704 0.2508361204013378 0.06521739130434782
6 0.24581939799331104 0.9464882943143813 0.2591973244147157 0.10702341137123746
6 0.7709030100334449 0.20066889632107024 0.2140468227424749 0.2040133779264214
0 0.5050167224080268 0.4916387959866221 0.4782608695652174 0.39297658862876256
6 0.5133779264214047 0.046822742474916385 0.22240802675585283 0.09364548494983277
6 0.4916387959866221 0.9431438127090301 0.2391304347826087 0.11371237458193979
6 0.7023411371237458 0.8294314381270903 0.22742474916387959 0.20903010033444816
6 0.939799331103679 0.25418060200668896 0.11371237458193979 0.21906354515050167
6 0.774247491638796 0.3110367892976589 0.22742474916387959 0.2157190635451505
6 0.07357859531772576 0.8913043478260869 0.14715719063545152 0.21739130434782608
6 0.3996655518394649 0.7441471571906354 0.22240802675585283 0.2157190635451505
6 0.21070234113712374 0.6471571906354515 0.21070234113712374 0.2157190635451505
6 0.9080267558528428 0.7725752508361204 0.17892976588628762 0.22909698996655517
6 0.5518394648829431 0.205685618729097 0.225752508361204 0.225752508361204
6 0.1354515050167224 0.17224080267558528 0.2508361204013378 0.20234113712374582
6 0.842809364548495 0.520066889632107 0.20234113712374582 0.1939799331103679
6 0.15384615384615385 0.3779264214046823 0.22073578595317725 0.2040133779264214
6 0.34615384615384615 0.26588628762541805 0.22742474916387959 0.21237458193979933