6 0.7792642140468228 0.12374581939799331 0.2591973244147157 0.24247491638795987
6 0.754180602006689 0.9882943143812709 0.26421404682274247 0.021739130434782608
5 0.3193979933110368 0.9832775919732442 0.07692307692307693 0.033444816053511704
6 0.8110367892976589 0.05016722408026756 0.2508361204013378 0.10033444816053512
6 0.9414715719063546 0.16722408026755853 0.11705685618729098 0.27759197324414714
5 0.6839464882943144 0.05016722408026756 0.08361204013377926 0.09698996655518395
0 0.4983277591973244 0.25585284280936454 0.431438127090301 0.4397993311036789
0 0.7993311036789298 0.47324414715719065 0.3996655518394649 0.5050167224080268
5 0.5150501672240803 0.5351170568561873 0.06354515050167224 0.061872909698996656
6 0.051839464882943144 0.13043478260869565 0.10367892976588629 0.2608695652173913
6 0.9331103678929766 0.939799331103679 0.12876254180602006 0.11872909698996656
6 0.05852842809364549 0.39464882943143814 0.11705685618729098 0.2993311036789298
6 0.18896321070234115 0.28595317725752506 0.26755852842809363 0.29264214046822745
0 0.15551839464882944 0.7909698996655519 0.3110367892976589 0.4180602006688963
6 0.8060200668896321 0.8411371237458194 0.2993311036789298 0.26755852842809363
6 0.6020066889632107 0.7073578595317725 0.2525083612040134 0.2709030100334448
6 0.25418060200668896 0.07859531772575251 0.27759197324414714 0.15551839464882944
6 0.42642140468227424 0.8511705685618729 0.27424749163879597 0.2809364548494983
6 0.20234113712374582 0.5234113712374582 0.2591973244147157 0.1939799331103679