6 0.9832775919732442 0.45484949832775917 0.033444816053511704 0.20735785953177258
6 0.2976588628762542 0.7006688963210702 0.18394648829431437 0.19899665551839466
6 0.0451505016722408 0.9280936454849499 0.08862876254180602 0.14381270903010032
5 0.09531772575250837 0.5668896321070234 0.08361204013377926 0.08361204013377926
6 0.7357859531772575 0.03678929765886288 0.18729096989966554 0.07357859531772576
0 0.5050167224080268 0.49665551839464883 0.41638795986622074 0.3996655518394649
6 0.5301003344481605 0.9364548494983278 0.22408026755852842 0.12709030100334448
6 0.2140468227424749 0.08193979933110368 0.26755852842809363 0.16220735785953178
6 0.7859531772575251 0.6421404682274248 0.2391304347826087 0.23745819397993312
6 0.7374581939799331 0.8745819397993311 0.21906354515050167 0.21237458193979933
6 0.9163879598662207 0.9013377926421404 0.1605351170568562 0.19732441471571907
6 0.20234113712374582 0.9096989966555183 0.22073578595317725 0.17892976588628762
6 0.43478260869565216 0.13712374581939799 0.23076923076923078 0.23076923076923078
6 0.08193979933110368 0.3795986622073579 0.16387959866220736 0.2408026755852843