6 0.011705685618729096 0.8377926421404682 0.023411371237458192 0.16387959866220736
6 0.9749163879598662 0.5501672240802675 0.05016722408026756 0.225752508361204
6 0.5551839464882943 0.9899665551839465 0.20066889632107024 0.020066889632107024
6 0.9849498327759197 0.16555183946488294 0.030100334448160536 0.2040133779264214
6 0.1605351170568562 0.8244147157190636 0.25585284280936454 0.2842809364548495
6 0.2157190635451505 0.9866220735785953 0.21739130434782608 0.026755852842809364
5 0.20234113712374582 0.9180602006688964 0.06354515050167224 0.06354515050167224
6 0.919732441471572 0.9615384615384616 0.15384615384615385 0.07692307692307693
6 0.657190635451505 0.9498327759197325 0.24414715719063546 0.10033444816053512
6 0.7441471571906354 0.033444816053511704 0.24414715719063546 0.06521739130434782
0 0.5033444816053512 0.5183946488294314 0.4414715719063545 0.4899665551839465
6 0.12040133779264214 0.04013377926421405 0.2408026755852843 0.0802675585284281
6 0.3762541806020067 0.05852842809364549 0.2709030100334448 0.11538461538461539
6 0.18729096989966554 0.6538461538461539 0.22073578595317725 0.24247491638795987
6 0.2408026755852843 0.44648829431438125 0.20234113712374582 0.2591973244147157
6 0.8745819397993311 0.7374581939799331 0.24581939799331104 0.26588628762541805
6 0.06521739130434782 0.19063545150501673 0.13043478260869565 0.23411371237458195
6 0.617056856187291 0.7976588628762542 0.28929765886287623 0.18394648829431437
6 0.8913043478260869 0.35451505016722407 0.21070234113712374 0.24581939799331104
6 0.38461538461538464 0.903010033444816 0.2608695652173913 0.1939799331103679
6 0.08361204013377926 0.4397993311036789 0.16722408026755853 0.2508361204013378
6 0.49331103678929766 0.18394648829431437 0.26421404682274247 0.23076923076923078