6 0.9531772575250836 0.015050167224080268 0.0903010033444816 0.030100334448160536
5 0.028428093645484948 0.43645484949832775 0.056856187290969896 0.11036789297658862
6 0.048494983277591976 0.7274247491638796 0.09698996655518395 0.225752508361204
0 0.5033444816053512 0.4983277591973244 0.42474916387959866 0.4397993311036789
6 0.9464882943143813 0.342809364548495 0.10367892976588629 0.2408026755852843
6 0.725752508361204 0.0451505016722408 0.23411371237458195 0.0903010033444816
6 0.9515050167224081 0.9080267558528428 0.09197324414715718 0.18394648829431437
6 0.4698996655518395 0.794314381270903 0.23244147157190637 0.22073578595317725
6 0.17391304347826086 0.9531772575250836 0.24247491638795987 0.09364548494983277
6 0.06856187290969899 0.09866220735785954 0.13712374581939799 0.19732441471571907
6 0.8662207357859532 0.5719063545150501 0.26421404682274247 0.27424749163879597
6 0.3277591973244147 0.08361204013377926 0.25585284280936454 0.16555183946488294
6 0.5551839464882943 0.9096989966555183 0.24581939799331104 0.17892976588628762
6 0.34448160535117056 0.27424749163879597 0.28929765886287623 0.21237458193979933
6 0.7090301003344481 0.745819397993311 0.23411371237458195 0.24581939799331104
6 0.8846153846153846 0.12876254180602006 0.225752508361204 0.2408026755852843
6 0.19063545150501673 0.48327759197324416 0.2608695652173913 0.2842809364548495
6 0.6538461538461539 0.23578595317725753 0.2608695652173913 0.2408026755852843