6 0.6404682274247492 0.9899665551839465 0.20735785953177258 0.020066889632107024
6 0.8913043478260869 0.8461538461538461 0.21070234113712374 0.22073578595317725
6 0.015050167224080268 0.9264214046822743 0.030100334448160536 0.14715719063545152
6 0.04180602006688963 0.1020066889632107 0.08361204013377926 0.20234113712374582
6 0.9816053511705686 0.41471571906354515 0.03511705685618729 0.21237458193979933
6 0.9765886287625418 0.0802675585284281 0.04180602006688963 0.1588628762541806
6 0.6739130434782609 0.8846153846153846 0.225752508361204 0.22073578595317725
6 0.6053511705685619 0.22408026755852842 0.205685618729097 0.19899665551839466
0 0.49665551839464883 0.49665551839464883 0.4397993311036789 0.4331103678929766
5 0.4414715719063545 0.8511705685618729 0.056856187290969896 0.056856187290969896
6 0.8662207357859532 0.9214046822742475 0.22073578595317725 0.15719063545150502
6 0.11872909698996656 0.5903010033444817 0.22240802675585283 0.1956521739130435
6 0.5117056856187291 0.07190635451505016 0.23411371237458195 0.14381270903010032
6 0.7324414715719063 0.08862876254180602 0.24247491638795987 0.17725752508361203
6 0.7207357859531772 0.1956521739130435 0.2140468227424749 0.2157190635451505
6 0.19063545150501673 0.40301003344481606 0.225752508361204 0.2157190635451505
6 0.5284280936454849 0.9046822742474916 0.24749163879598662 0.19063545150501673
6 0.18227424749163879 0.08528428093645485 0.24414715719063546 0.1705685618729097
6 0.08193979933110368 0.2792642140468227 0.16387959866220736 0.22408026755852842
6 0.3494983277591973 0.7792642140468228 0.21739130434782608 0.23076923076923078
6 0.7692307692307693 0.391304347826087 0.21070234113712374 0.2040133779264214
6 0.6839464882943144 0.7123745819397993 0.21906354515050167 0.20066889632107024
6 0.05016722408026756 0.7424749163879598 0.10033444816053512 0.23244147157190637