5 0.36789297658862874 0.008361204013377926 0.09197324414715718 0.016722408026755852
6 0.013377926421404682 0.17558528428093645 0.026755852842809364 0.24414715719063546
6 0.9565217391304348 0.8662207357859532 0.08193979933110368 0.2391304347826087
6 0.03177257525083612 0.9080267558528428 0.06354515050167224 0.18394648829431437
6 0.9565217391304348 0.21739130434782608 0.08193979933110368 0.2591973244147157
0 0.5033444816053512 0.49665551839464883 0.5217391304347826 0.5016722408026756
6 0.048494983277591976 0.4882943143812709 0.09698996655518395 0.2491638795986622
6 0.13377926421404682 0.03511705685618729 0.20903010033444816 0.06856187290969899
6 0.21906354515050167 0.3963210702341137 0.22240802675585283 0.225752508361204
6 0.431438127090301 0.9381270903010034 0.24749163879598662 0.12374581939799331
6 0.2842809364548495 0.7073578595317725 0.21739130434782608 0.2491638795986622
6 0.4983277591973244 0.8043478260869565 0.23076923076923078 0.2157190635451505
6 0.09866220735785954 0.745819397993311 0.19732441471571907 0.23411371237458195
6 0.8210702341137124 0.4899665551839465 0.21070234113712374 0.20903010033444816
6 0.8963210702341137 0.6889632107023411 0.1956521739130435 0.23745819397993312
6 0.7642140468227425 0.29264214046822745 0.25585284280936454 0.2157190635451505
6 0.13712374581939799 0.20903010033444816 0.24247491638795987 0.24247491638795987
6 0.34782608695652173 0.18729096989966554 0.22073578595317725 0.225752508361204
6 0.7040133779264214 0.7157190635451505 0.225752508361204 0.2591973244147157