6 0.32441471571906355 0.21906354515050167 0.27759197324414714 0.3394648829431438
6 0.68561872909699 0.9816053511705686 0.20066889632107024 0.03511705685618729
6 0.9732441471571907 0.6404682274247492 0.05351170568561873 0.22909698996655517
5 0.3979933110367893 0.1454849498327759 0.09698996655518395 0.11538461538461539
5 0.5284280936454849 0.19732441471571907 0.11705685618729098 0.09698996655518395
5 0.4899665551839465 0.8060200668896321 0.0903010033444816 0.0903010033444816
0 0.5033444816053512 0.5568561872909699 0.41638795986622074 0.4080267558528428
6 0.9180602006688964 0.10367892976588629 0.16387959866220736 0.205685618729097
6 0.07190635451505016 0.7575250836120402 0.14214046822742474 0.27591973244147155
6 0.4882943143812709 0.9247491638795987 0.23411371237458195 0.1505016722408027
6 0.23745819397993312 0.9247491638795987 0.2608695652173913 0.1505016722408027
6 0.22408026755852842 0.5 0.24749163879598662 0.2625418060200669
6 0.07692307692307693 0.41304347826086957 0.15384615384615385 0.2157190635451505
6 0.8478260869565217 0.8946488294314381 0.24247491638795987 0.20903010033444816
6 0.3110367892976589 0.7441471571906354 0.26755852842809363 0.24749163879598662
6 0.09698996655518395 0.17391304347826086 0.1939799331103679 0.2608695652173913
6 0.6889632107023411 0.12207357859531773 0.2608695652173913 0.24414715719063546
6 0.7491638795986622 0.41304347826086957 0.27759197324414714 0.27591973244147155
5 0.9498327759197325 0.4765886287625418 0.06020066889632107 0.061872909698996656