6 0.016722408026755852 0.7759197324414716 0.033444816053511704 0.2491638795986622
6 0.18561872909698995 0.015050167224080268 0.25418060200668896 0.030100334448160536
6 0.9732441471571907 0.15551839464882944 0.05351170568561873 0.2508361204013378
6 0.9498327759197325 0.8913043478260869 0.09364548494983277 0.21739130434782608
5 0.6086956521739131 0.1488294314381271 0.07859531772575251 0.07190635451505016
6 0.6254180602006689 0.03678929765886288 0.2608695652173913 0.07357859531772576
5 0.2508361204013378 0.43478260869565216 0.08528428093645485 0.10033444816053512
6 0.4397993311036789 0.7959866220735786 0.2508361204013378 0.27591973244147155
5 0.3076923076923077 0.07692307692307693 0.07525083612040134 0.06688963210702341
0 0.5117056856187291 0.5 0.43645484949832775 0.4214046822742475
6 0.7842809364548495 0.411371237458194 0.2525083612040134 0.26755852842809363
6 0.8729096989966555 0.5434782608695652 0.24749163879598662 0.2842809364548495
6 0.06521739130434782 0.4414715719063545 0.13043478260869565 0.2508361204013378
6 0.8210702341137124 0.1354515050167224 0.2959866220735786 0.2709030100334448
6 0.2157190635451505 0.7374581939799331 0.30267558528428096 0.26588628762541805
6 0.7341137123745819 0.8160535117056856 0.3311036789297659 0.3210702341137124
6 0.20234113712374582 0.22408026755852842 0.2725752508361204 0.26588628762541805
6 0.4531772575250836 0.11538461538461539 0.2391304347826087 0.23076923076923078