5 0.41638795986622074 0.011705685618729096 0.10702341137123746 0.021739130434782608
6 0.7040133779264214 0.9866220735785953 0.21739130434782608 0.026755852842809364
6 0.021739130434782608 0.782608695652174 0.043478260869565216 0.22073578595317725
6 0.9665551839464883 0.33444816053511706 0.06020066889632107 0.19063545150501673
6 0.862876254180602 0.020066889632107024 0.23244147157190637 0.04013377926421405
5 0.15384615384615385 0.030100334448160536 0.09531772575250837 0.06020066889632107
6 0.038461538461538464 0.10535117056856187 0.07692307692307693 0.21070234113712374
5 0.6672240802675585 0.391304347826087 0.09698996655518395 0.08862876254180602
6 0.17391304347826086 0.9682274247491639 0.24749163879598662 0.06354515050167224
6 0.028428093645484948 0.32608695652173914 0.056856187290969896 0.2408026755852843
5 0.7692307692307693 0.14214046822742474 0.09531772575250837 0.08361204013377926
6 0.8327759197324415 0.5033444816053512 0.20066889632107024 0.13210702341137123
6 0.9548494983277592 0.8210702341137124 0.08862876254180602 0.19899665551839466
0 0.46488294314381273 0.5351170568561873 0.4280936454849498 0.46153846153846156
6 0.6421404682274248 0.06020066889632107 0.2140468227424749 0.11872909698996656
6 0.4882943143812709 0.939799331103679 0.24581939799331104 0.11872909698996656
6 0.5986622073578596 0.7809364548494984 0.23076923076923078 0.205685618729097
6 0.8745819397993311 0.6588628762541806 0.21070234113712374 0.18227424749163879
6 0.16722408026755853 0.6672240802675585 0.21070234113712374 0.20903010033444816
6 0.7909698996655519 0.8578595317725752 0.24581939799331104 0.23411371237458195
6 0.9046822742474916 0.1588628762541806 0.18394648829431437 0.22909698996655517
6 0.20234113712374582 0.22909698996655517 0.24749163879598662 0.23411371237458195