6 0.8060200668896321 0.705685618729097 0.27759197324414714 0.24247491638795987
6 0.28762541806020064 0.26588628762541805 0.19732441471571907 0.24581939799331104
6 0.9698996655518395 0.6839464882943144 0.06020066889632107 0.2625418060200669
6 0.9481605351170569 0.9414715719063546 0.09698996655518395 0.11538461538461539
6 0.026755852842809364 0.8779264214046822 0.05351170568561873 0.22909698996655517
6 0.06020066889632107 0.33612040133779264 0.12040133779264214 0.36454849498327757
5 0.09866220735785954 0.48327759197324416 0.09698996655518395 0.09698996655518395
5 0.5117056856187291 0.17725752508361203 0.06688963210702341 0.06354515050167224
0 0.5033444816053512 0.5066889632107023 0.44481605351170567 0.43645484949832775
6 0.9297658862876255 0.07190635451505016 0.13879598662207357 0.14381270903010032
6 0.774247491638796 0.9448160535117057 0.2608695652173913 0.11036789297658862
6 0.7157190635451505 0.05852842809364549 0.24247491638795987 0.11538461538461539
6 0.36789297658862874 0.9214046822742475 0.2591973244147157 0.15719063545150502
6 0.48494983277591974 0.06688963210702341 0.24247491638795987 0.13210702341137123
6 0.7107023411371237 0.7224080267558528 0.22240802675585283 0.225752508361204
6 0.431438127090301 0.22742474916387959 0.24247491638795987 0.1956521739130435
6 0.14381270903010032 0.8913043478260869 0.20735785953177258 0.21739130434782608
6 0.12040133779264214 0.6337792642140468 0.2408026755852843 0.23076923076923078
6 0.20903010033444816 0.13879598662207357 0.2508361204013378 0.2408026755852843
6 0.2842809364548495 0.7525083612040134 0.22742474916387959 0.2157190635451505
6 0.8862876254180602 0.47157190635451507 0.22240802675585283 0.24749163879598662
6 0.5668896321070234 0.8695652173913043 0.25585284280936454 0.2525083612040134