6 0.13712374581939799 0.9899665551839465 0.24749163879598662 0.020066889632107024
6 0.7876254180602007 0.30434782608695654 0.26421404682274247 0.24581939799331104
6 0.979933110367893 0.30267558528428096 0.038461538461538464 0.19899665551839466
6 0.043478260869565216 0.411371237458194 0.08528428093645485 0.2993311036789298
6 0.362876254180602 0.9565217391304348 0.24749163879598662 0.08528428093645485
6 0.6003344481605352 0.0451505016722408 0.205685618729097 0.0903010033444816
6 0.9565217391304348 0.7491638795986622 0.08193979933110368 0.22073578595317725
5 0.8210702341137124 0.49498327759197325 0.10033444816053512 0.10702341137123746
0 0.5117056856187291 0.5167224080267558 0.44648829431438125 0.4498327759197324
6 0.7073578595317725 0.9448160535117057 0.18561872909698995 0.11036789297658862
6 0.9498327759197325 0.5167224080267558 0.09531772575250837 0.23411371237458195
6 0.520066889632107 0.8662207357859532 0.26755852842809363 0.20066889632107024
6 0.28762541806020064 0.6421404682274248 0.23076923076923078 0.25585284280936454
6 0.8260869565217391 0.8444816053511706 0.24247491638795987 0.22408026755852842
6 0.11204013377926421 0.8478260869565217 0.22408026755852842 0.24414715719063546
6 0.8093645484949833 0.6337792642140468 0.2391304347826087 0.19230769230769232
6 0.10869565217391304 0.14715719063545152 0.2140468227424749 0.22408026755852842
6 0.8093645484949833 0.11204013377926421 0.2508361204013378 0.22408026755852842
6 0.2491638795986622 0.32608695652173914 0.20903010033444816 0.205685618729097
6 0.47157190635451507 0.1354515050167224 0.22073578595317725 0.225752508361204