6 0.8076923076923077 0.061872909698996656 0.23411371237458195 0.12374581939799331
6 0.056856187290969896 0.14214046822742474 0.11371237458193979 0.22408026755852842
6 0.8076923076923077 0.1354515050167224 0.24247491638795987 0.23745819397993312
6 0.026755852842809364 0.3377926421404682 0.05351170568561873 0.22742474916387959
6 0.2157190635451505 0.919732441471572 0.22240802675585283 0.1605351170568562
6 0.903010033444816 0.7424749163879598 0.18896321070234115 0.2508361204013378
5 0.9464882943143813 0.33277591973244147 0.07859531772575251 0.0802675585284281
0 0.5016722408026756 0.5083612040133779 0.41471571906354515 0.39297658862876256
6 0.5217391304347826 0.2140468227424749 0.22742474916387959 0.17391304347826086
6 0.35785953177257523 0.9464882943143813 0.24749163879598662 0.10702341137123746
6 0.11371237458193979 0.07357859531772576 0.22742474916387959 0.14715719063545152
6 0.21070234113712374 0.5150501672240803 0.23411371237458195 0.23076923076923078
6 0.08862876254180602 0.7926421404682275 0.17725752508361203 0.20066889632107024
6 0.14046822742474915 0.3311036789297659 0.225752508361204 0.23076923076923078
6 0.617056856187291 0.7809364548494984 0.24581939799331104 0.23411371237458195
6 0.8076923076923077 0.725752508361204 0.17892976588628762 0.26421404682274247