6 0.705685618729097 0.010033444816053512 0.23076923076923078 0.01839464882943144
6 0.9816053511705686 0.31270903010033446 0.03678929765886288 0.2040133779264214
6 0.02508361204013378 0.09698996655518395 0.05016722408026756 0.1939799331103679
6 0.7491638795986622 0.903010033444816 0.2608695652173913 0.1939799331103679
6 0.4866220735785953 0.9732441471571907 0.2140468227424749 0.05351170568561873
5 0.6471571906354515 0.8327759197324415 0.09531772575250837 0.09698996655518395
0 0.5016722408026756 0.49665551839464883 0.3695652173913043 0.3712374581939799
6 0.9431438127090301 0.8846153846153846 0.11371237458193979 0.22909698996655517
6 0.11538461538461539 0.0451505016722408 0.225752508361204 0.0903010033444816
6 0.21739130434782608 0.9548494983277592 0.23578595317725753 0.0903010033444816
5 0.6605351170568562 0.205685618729097 0.07190635451505016 0.07190635451505016
6 0.7240802675585284 0.3311036789297659 0.24749163879598662 0.22073578595317725
6 0.08862876254180602 0.7876254180602007 0.17725752508361203 0.27759197324414714
6 0.46488294314381273 0.7959866220735786 0.2408026755852843 0.26588628762541805
6 0.7558528428093646 0.6036789297658863 0.23411371237458195 0.23076923076923078
6 0.9163879598662207 0.47157190635451507 0.1605351170568562 0.2157190635451505
6 0.24247491638795987 0.6086956521739131 0.225752508361204 0.20903010033444816
6 0.7642140468227425 0.11872909698996656 0.22742474916387959 0.2040133779264214
6 0.3076923076923077 0.11371237458193979 0.23578595317725753 0.225752508361204
6 0.11538461538461539 0.36454849498327757 0.23076923076923078 0.22742474916387959
6 0.7374581939799331 0.8210702341137124 0.15384615384615385 0.17558528428093645