6 0.028428093645484948 0.9632107023411371 0.056856187290969896 0.07357859531772576
6 0.01839464882943144 0.08528428093645485 0.03511705685618729 0.16555183946488294
6 0.19732441471571907 0.9782608695652174 0.26421404682274247 0.04180602006688963
0 0.5016722408026756 0.5066889632107023 0.4096989966555184 0.451505016722408
5 0.41471571906354515 0.7859531772575251 0.08862876254180602 0.06688963210702341
6 0.25752508361204013 0.051839464882943144 0.24749163879598662 0.10367892976588629
6 0.4882943143812709 0.9464882943143813 0.22240802675585283 0.10702341137123746
6 0.06020066889632107 0.754180602006689 0.11872909698996656 0.225752508361204
6 0.9264214046822743 0.677257525083612 0.14214046822742474 0.20903010033444816
6 0.49331103678929766 0.07190635451505016 0.22408026755852842 0.14381270903010032
6 0.9013377926421404 0.07525083612040134 0.19063545150501673 0.1505016722408027
6 0.12207357859531773 0.2792642140468227 0.23411371237458195 0.22408026755852842
6 0.33277591973244147 0.20903010033444816 0.22742474916387959 0.19899665551839466
6 0.6153846153846154 0.7809364548494984 0.2140468227424749 0.20234113712374582
6 0.2040133779264214 0.5167224080267558 0.225752508361204 0.22408026755852842
6 0.7675585284280937 0.6120401337792643 0.2140468227424749 0.20903010033444816
6 0.9113712374581939 0.35618729096989965 0.17224080267558528 0.2591973244147157