6 0.6906354515050167 0.038461538461538464 0.16387959866220736 0.05518394648829431
6 0.9882943143812709 0.5418060200668896 0.021739130434782608 0.21739130434782608
6 0.9698996655518395 0.9096989966555183 0.06020066889632107 0.1806020066889632
5 0.6521739130434783 0.05016722408026756 0.05852842809364549 0.05852842809364549
6 0.7207357859531772 0.021739130434782608 0.25418060200668896 0.043478260869565216
5 0.7642140468227425 0.5183946488294314 0.10869565217391304 0.09364548494983277
0 0.4782608695652174 0.5234113712374582 0.4698996655518395 0.49665551839464883
6 0.8946488294314381 0.9648829431438127 0.19063545150501673 0.06856187290969899
6 0.1020066889632107 0.05016722408026756 0.2040133779264214 0.10033444816053512
6 0.4431438127090301 0.8779264214046822 0.27424749163879597 0.2391304347826087
6 0.3010033444816054 0.03678929765886288 0.23745819397993312 0.07357859531772576
6 0.04180602006688963 0.560200668896321 0.08361204013377926 0.21739130434782608
6 0.5735785953177257 0.13879598662207357 0.3177257525083612 0.22742474916387959
6 0.12207357859531773 0.19230769230769232 0.24414715719063546 0.2508361204013378
6 0.3528428093645485 0.81438127090301 0.20735785953177258 0.1806020066889632
6 0.7090301003344481 0.7224080267558528 0.24414715719063546 0.24247491638795987
6 0.2826086956521739 0.3076923076923077 0.22073578595317725 0.2792642140468227
6 0.16387959866220736 0.7140468227424749 0.23578595317725753 0.24749163879598662