6 0.09197324414715718 0.5117056856187291 0.16722408026755853 0.2508361204013378
6 0.015050167224080268 0.9364548494983278 0.030100334448160536 0.12709030100334448
6 0.9548494983277592 0.8879598662207357 0.08361204013377926 0.21906354515050167
6 0.9163879598662207 0.028428093645484948 0.16722408026755853 0.056856187290969896
6 0.979933110367893 0.13712374581939799 0.038461538461538464 0.1956521739130435
6 0.3862876254180602 0.03511705685618729 0.23745819397993312 0.07023411371237458
6 0.06020066889632107 0.5585284280936454 0.11872909698996656 0.22073578595317725
6 0.5384615384615384 0.8695652173913043 0.20066889632107024 0.20234113712374582
6 0.802675585284281 0.11204013377926421 0.2391304347826087 0.21906354515050167
6 0.06354515050167224 0.24581939799331104 0.12709030100334448 0.24414715719063546
5 0.411371237458194 0.8394648829431438 0.06020066889632107 0.05852842809364549
6 0.8963210702341137 0.6237458193979933 0.20066889632107024 0.27424749163879597
6 0.24247491638795987 0.7006688963210702 0.26421404682274247 0.2525083612040134
0 0.5083612040133779 0.49665551839464883 0.411371237458194 0.4431438127090301
6 0.6755852842809364 0.705685618729097 0.22240802675585283 0.1956521739130435
6 0.9247491638795987 0.33277591973244147 0.1454849498327759 0.205685618729097
6 0.2591973244147157 0.42642140468227424 0.19063545150501673 0.21237458193979933
6 0.3060200668896321 0.20234113712374582 0.22742474916387959 0.205685618729097
6 0.8612040133779264 0.8645484949832776 0.25585284280936454 0.2525083612040134
6 0.7591973244147158 0.34615384615384615 0.20234113712374582 0.2157190635451505