6 0.05016722408026756 0.5234113712374582 0.10033444816053512 0.23076923076923078
6 0.7090301003344481 0.9347826086956522 0.2391304347826087 0.13043478260869565
5 0.5752508361204013 0.03511705685618729 0.13377926421404682 0.07023411371237458
6 0.028428093645484948 0.9147157190635451 0.056856187290969896 0.16387959866220736
6 0.9515050167224081 0.5836120401337793 0.09197324414715718 0.24749163879598662
6 0.9565217391304348 0.3377926421404682 0.08193979933110368 0.2959866220735786
6 0.8913043478260869 0.9816053511705686 0.205685618729097 0.03511705685618729
5 0.021739130434782608 0.2993311036789298 0.04180602006688963 0.08862876254180602
6 0.7625418060200669 0.8394648829431438 0.24247491638795987 0.22408026755852842
6 0.9364548494983278 0.09698996655518395 0.12709030100334448 0.1939799331103679
6 0.4280936454849498 0.9682274247491639 0.23578595317725753 0.06354515050167224
5 0.3193979933110368 0.03511705685618729 0.12374581939799331 0.07023411371237458
5 0.6622073578595318 0.7474916387959866 0.08193979933110368 0.06354515050167224
6 0.7341137123745819 0.29264214046822745 0.2157190635451505 0.2157190635451505
6 0.09364548494983277 0.09866220735785954 0.18729096989966554 0.19732441471571907
0 0.5033444816053512 0.4983277591973244 0.44648829431438125 0.3963210702341137
5 0.8645484949832776 0.12040133779264214 0.07859531772575251 0.07190635451505016
6 0.8110367892976589 0.39297658862876256 0.22240802675585283 0.2525083612040134
6 0.5719063545150501 0.1588628762541806 0.22742474916387959 0.16220735785953178
6 0.16387959866220736 0.4983277591973244 0.2608695652173913 0.225752508361204
6 0.08528428093645485 0.7374581939799331 0.1705685618729097 0.2508361204013378
6 0.49665551839464883 0.8394648829431438 0.26421404682274247 0.1956521739130435
6 0.21070234113712374 0.8979933110367893 0.2608695652173913 0.2040133779264214
6 0.24749163879598662 0.17892976588628762 0.22240802675585283 0.24247491638795987
6 0.31605351170568563 0.725752508361204 0.2591973244147157 0.205685618729097
6 0.8127090301003345 0.6270903010033445 0.225752508361204 0.21906354515050167