6 0.9866220735785953 0.36454849498327757 0.026755852842809364 0.20735785953177258
5 0.5953177257525084 0.011705685618729096 0.08528428093645485 0.021739130434782608
5 0.4899665551839465 0.015050167224080268 0.10033444816053512 0.030100334448160536
0 0.49665551839464883 0.49665551839464883 0.3712374581939799 0.38127090301003347
6 0.19899665551839466 0.4013377926421405 0.2525083612040134 0.2993311036789298
6 0.03678929765886288 0.4431438127090301 0.07357859531772576 0.2842809364548495
5 0.6387959866220736 0.0802675585284281 0.15551839464882944 0.12709030100334448
6 0.3745819397993311 0.9565217391304348 0.2391304347826087 0.08528428093645485
6 0.05518394648829431 0.7591973244147158 0.11036789297658862 0.26755852842809363
4 0.7759197324414716 0.28762541806020064 0.40301003344481606 0.41638795986622074
6 0.12876254180602006 0.9247491638795987 0.25752508361204013 0.1505016722408027
6 0.6204013377926422 0.9264214046822743 0.2591973244147157 0.14715719063545152
6 0.39297658862876256 0.2408026755852843 0.24247491638795987 0.21237458193979933
6 0.2625418060200669 0.6956521739130435 0.2591973244147157 0.26755852842809363
6 0.8812709030100334 0.8545150501672241 0.23076923076923078 0.2591973244147157
6 0.8879598662207357 0.5668896321070234 0.22073578595317725 0.24581939799331104
6 0.6555183946488294 0.7123745819397993 0.28929765886287623 0.2508361204013378