6 0.18896321070234115 0.9849498327759197 0.2508361204013378 0.030100334448160536
6 0.9698996655518395 0.20735785953177258 0.06020066889632107 0.2508361204013378
0 0.5033444816053512 0.5016722408026756 0.31605351170568563 0.4297658862876254
6 0.05351170568561873 0.1020066889632107 0.10702341137123746 0.20234113712374582
5 0.9698996655518395 0.5183946488294314 0.06020066889632107 0.07190635451505016
6 0.8327759197324415 0.540133779264214 0.2826086956521739 0.25752508361204013
6 0.697324414715719 0.056856187290969896 0.22909698996655517 0.11204013377926421
6 0.41304347826086957 0.056856187290969896 0.2391304347826087 0.11204013377926421
6 0.8963210702341137 0.07190635451505016 0.1939799331103679 0.14381270903010032
6 0.4280936454849498 0.9180602006688964 0.22073578595317725 0.16220735785953178
6 0.6421404682274248 0.9214046822742475 0.23411371237458195 0.15719063545150502
6 0.20234113712374582 0.07190635451505016 0.22073578595317725 0.14381270903010032
6 0.2408026755852843 0.451505016722408 0.24581939799331104 0.23411371237458195
6 0.677257525083612 0.7408026755852842 0.24247491638795987 0.225752508361204
6 0.10869565217391304 0.8963210702341137 0.21739130434782608 0.18729096989966554
6 0.2826086956521739 0.22408026755852842 0.24749163879598662 0.20903010033444816
6 0.8260869565217391 0.2408026755852843 0.2525083612040134 0.23411371237458195
6 0.11371237458193979 0.6404682274247492 0.22240802675585283 0.24581939799331104
6 0.8795986622073578 0.7692307692307693 0.2408026755852843 0.23411371237458195