6 0.8795986622073578 0.010033444816053512 0.2140468227424749 0.01839464882943144
6 0.9163879598662207 0.9782608695652174 0.1588628762541806 0.04180602006688963
6 0.08361204013377926 0.020066889632107024 0.16722408026755853 0.038461538461538464
0 0.5 0.5033444816053512 0.411371237458194 0.47157190635451507
6 0.043478260869565216 0.47324414715719065 0.08528428093645485 0.25585284280936454
5 0.7692307692307693 0.4882943143812709 0.06688963210702341 0.07525083612040134
6 0.08361204013377926 0.705685618729097 0.16722408026755853 0.1806020066889632
6 0.9431438127090301 0.5066889632107023 0.11371237458193979 0.17725752508361203
6 0.7424749163879598 0.8394648829431438 0.225752508361204 0.2625418060200669
6 0.939799331103679 0.31605351170568563 0.11371237458193979 0.21237458193979933
6 0.9163879598662207 0.8929765886287625 0.16387959866220736 0.21237458193979933
6 0.2709030100334448 0.919732441471572 0.2140468227424749 0.1605351170568562
6 0.677257525083612 0.6672240802675585 0.20735785953177258 0.225752508361204
6 0.26588628762541805 0.06020066889632107 0.24414715719063546 0.12040133779264214
6 0.31270903010033446 0.7558528428093646 0.24247491638795987 0.19063545150501673
6 0.21070234113712374 0.5585284280936454 0.24581939799331104 0.1956521739130435
6 0.7675585284280937 0.32274247491638797 0.22073578595317725 0.23745819397993312
6 0.13712374581939799 0.26755852842809363 0.225752508361204 0.22073578595317725
6 0.08361204013377926 0.8528428093645485 0.16722408026755853 0.22742474916387959
6 0.4331103678929766 0.774247491638796 0.2508361204013378 0.18561872909698995