6 0.9899665551839465 0.9481605351170569 0.020066889632107024 0.10367892976588629
6 0.03678929765886288 0.5953177257525084 0.07357859531772576 0.1605351170568562
6 0.34448160535117056 0.9899665551839465 0.2157190635451505 0.020066889632107024
6 0.8311036789297659 0.011705685618729096 0.25752508361204013 0.023411371237458192
6 0.20234113712374582 0.06688963210702341 0.34615384615384615 0.13377926421404682
5 0.9816053511705686 0.45484949832775917 0.03678929765886288 0.06688963210702341
6 0.05351170568561873 0.9464882943143813 0.10702341137123746 0.10702341137123746
6 0.7408026755852842 0.6989966555183946 0.2809364548494983 0.17391304347826086
6 0.2909698996655518 0.6287625418060201 0.25585284280936454 0.2157190635451505
6 0.038461538461538464 0.2625418060200669 0.07692307692307693 0.23076923076923078
6 0.6321070234113713 0.9665551839464883 0.29431438127090304 0.06688963210702341
6 0.9498327759197325 0.7591973244147158 0.10033444816053512 0.22408026755852842
6 0.5183946488294314 0.038461538461538464 0.25585284280936454 0.07692307692307693
0 0.5033444816053512 0.5301003344481605 0.431438127090301 0.46488294314381273
6 0.8879598662207357 0.9698996655518395 0.1806020066889632 0.06020066889632107
6 0.8896321070234113 0.5585284280936454 0.21070234113712374 0.17391304347826086
6 0.7642140468227425 0.2809364548494983 0.2608695652173913 0.2157190635451505
6 0.08528428093645485 0.7274247491638796 0.1705685618729097 0.19732441471571907
6 0.6137123745819398 0.19230769230769232 0.205685618729097 0.22073578595317725
6 0.4882943143812709 0.8862876254180602 0.2140468227424749 0.22073578595317725
6 0.27759197324414714 0.8043478260869565 0.21739130434782608 0.22073578595317725
6 0.3979933110367893 0.18227424749163879 0.23076923076923078 0.24581939799331104
6 0.6237458193979933 0.782608695652174 0.23076923076923078 0.22408026755852842