6 0.07692307692307693 0.06020066889632107 0.15384615384615385 0.11872909698996656
6 0.9464882943143813 0.36789297658862874 0.10033444816053512 0.20234113712374582
5 0.5618729096989966 0.048494983277591976 0.10869565217391304 0.0903010033444816
6 0.5468227424749164 0.782608695652174 0.17558528428093645 0.2040133779264214
6 0.9698996655518395 0.5133779264214047 0.06020066889632107 0.22909698996655517
5 0.9665551839464883 0.8260869565217391 0.06020066889632107 0.07190635451505016
5 0.9163879598662207 0.8846153846153846 0.056856187290969896 0.06688963210702341
6 0.6655518394648829 0.7525083612040134 0.24247491638795987 0.23745819397993312
6 0.12374581939799331 0.11204013377926421 0.19732441471571907 0.21906354515050167
0 0.5083612040133779 0.5033444816053512 0.4498327759197324 0.41471571906354515
6 0.23076923076923078 0.24749163879598662 0.1956521739130435 0.17725752508361203
6 0.24581939799331104 0.41638795986622074 0.19732441471571907 0.205685618729097
6 0.06856187290969899 0.6655518394648829 0.1354515050167224 0.21237458193979933
6 0.8695652173913043 0.7006688963210702 0.21070234113712374 0.21906354515050167
6 0.7892976588628763 0.5418060200668896 0.1956521739130435 0.205685618729097
6 0.9046822742474916 0.1605351170568562 0.1806020066889632 0.225752508361204
6 0.28595317725752506 0.6538461538461539 0.2709030100334448 0.30434782608695654
6 0.15217391304347827 0.8043478260869565 0.22909698996655517 0.20234113712374582
6 0.05518394648829431 0.8762541806020067 0.10869565217391304 0.24581939799331104
6 0.8160535117056856 0.8795986622073578 0.1939799331103679 0.205685618729097
6 0.8210702341137124 0.9581939799331104 0.225752508361204 0.08361204013377926
6 0.959866220735786 0.9431438127090301 0.0802675585284281 0.11371237458193979