6 0.011705685618729096 0.46488294314381273 0.023411371237458192 0.1939799331103679
6 0.9364548494983278 0.06856187290969899 0.12709030100334448 0.13712374581939799
6 0.16722408026755853 0.8979933110367893 0.20066889632107024 0.2040133779264214
6 0.9715719063545151 0.3411371237458194 0.056856187290969896 0.26421404682274247
6 0.9515050167224081 0.11872909698996656 0.09197324414715718 0.205685618729097
6 0.959866220735786 0.5702341137123745 0.07525083612040134 0.23745819397993312
6 0.6086956521739131 0.931438127090301 0.2391304347826087 0.1354515050167224
6 0.39297658862876256 0.9765886287625418 0.1806020066889632 0.046822742474916385
6 0.11371237458193979 0.023411371237458192 0.22240802675585283 0.046822742474916385
6 0.3963210702341137 0.8344481605351171 0.25752508361204013 0.23745819397993312
6 0.1020066889632107 0.919732441471572 0.19732441471571907 0.1605351170568562
6 0.9080267558528428 0.02508361204013378 0.18394648829431437 0.05016722408026756
6 0.7508361204013378 0.6638795986622074 0.23076923076923078 0.2040133779264214
0 0.5 0.5117056856187291 0.2959866220735786 0.4280936454849498
6 0.9280936454849499 0.8327759197324415 0.13879598662207357 0.17725752508361203
6 0.4080267558528428 0.04180602006688963 0.2508361204013378 0.08361204013377926
5 0.6705685618729097 0.48327759197324416 0.07525083612040134 0.06856187290969899
6 0.07190635451505016 0.13377926421404682 0.14214046822742474 0.20234113712374582
6 0.26421404682274247 0.3695652173913043 0.2040133779264214 0.1956521739130435
6 0.8076923076923077 0.931438127090301 0.2140468227424749 0.13712374581939799
6 0.3979933110367893 0.2842809364548495 0.19732441471571907 0.1939799331103679
6 0.8411371237458194 0.3210702341137124 0.23411371237458195 0.21906354515050167
6 0.12709030100334448 0.6153846153846154 0.2525083612040134 0.23411371237458195
6 0.23076923076923078 0.13043478260869565 0.21739130434782608 0.23411371237458195