0 0.5033444816053512 0.5033444816053512 0.5117056856187291 0.5434782608695652
5 0.026755852842809364 0.12374581939799331 0.05351170568561873 0.07859531772575251
5 0.19063545150501673 0.16220735785953178 0.08361204013377926 0.07859531772575251
6 0.47324414715719065 0.9531772575250836 0.23578595317725753 0.09364548494983277
6 0.18729096989966554 0.05351170568561873 0.225752508361204 0.10702341137123746
6 0.6237458193979933 0.07023411371237458 0.23578595317725753 0.14046822742474915
6 0.11872909698996656 0.3996655518394649 0.23578595317725753 0.2157190635451505
6 0.8812709030100334 0.8979933110367893 0.23076923076923078 0.2040133779264214
6 0.16387959866220736 0.6153846153846154 0.23411371237458195 0.23411371237458195
6 0.8795986622073578 0.3729096989966555 0.23578595317725753 0.21237458193979933
6 0.6588628762541806 0.8795986622073578 0.2140468227424749 0.1939799331103679
6 0.8662207357859532 0.1605351170568562 0.20903010033444816 0.19063545150501673
6 0.43812709030100333 0.17391304347826086 0.24247491638795987 0.22073578595317725
6 0.8110367892976589 0.6053511705685619 0.21739130434782608 0.24581939799331104
6 0.31438127090301005 0.8394648829431438 0.23411371237458195 0.225752508361204