6 0.010033444816053512 0.22073578595317725 0.01839464882943144 0.1956521739130435
6 0.9765886287625418 0.34782608695652173 0.04180602006688963 0.17892976588628762
5 0.5618729096989966 0.9832775919732442 0.12709030100334448 0.033444816053511704
6 0.5668896321070234 0.9849498327759197 0.13043478260869565 0.030100334448160536
4 0.8478260869565217 0.15551839464882944 0.30267558528428096 0.3110367892976589
0 0.5016722408026756 0.5016722408026756 0.3745819397993311 0.40301003344481606
5 0.028428093645484948 0.862876254180602 0.056856187290969896 0.06688963210702341
5 0.46153846153846156 0.9046822742474916 0.06688963210702341 0.06020066889632107
5 0.8795986622073578 0.4983277591973244 0.06354515050167224 0.07190635451505016
6 0.3612040133779264 0.026755852842809364 0.24749163879598662 0.05351170568561873
6 0.8645484949832776 0.9698996655518395 0.21070234113712374 0.06020066889632107
5 0.2909698996655518 0.34615384615384615 0.07525083612040134 0.06856187290969899
5 0.9214046822742475 0.39297658862876256 0.08193979933110368 0.07859531772575251
6 0.9280936454849499 0.7290969899665551 0.13879598662207357 0.1956521739130435
6 0.3076923076923077 0.931438127090301 0.22073578595317725 0.13712374581939799
6 0.5719063545150501 0.7892976588628763 0.21906354515050167 0.21237458193979933
6 0.09531772575250837 0.5819397993311036 0.19063545150501673 0.22073578595317725
6 0.19899665551839466 0.11872909698996656 0.225752508361204 0.21906354515050167
6 0.20903010033444816 0.7675585284280937 0.21070234113712374 0.20066889632107024
5 0.056856187290969896 0.17558528428093645 0.08193979933110368 0.08528428093645485