6 0.3612040133779264 0.21237458193979933 0.21739130434782608 0.24247491638795987
6 0.10869565217391304 0.011705685618729096 0.21739130434782608 0.021739130434782608
6 0.40468227424749165 0.3177257525083612 0.24581939799331104 0.19899665551839466
5 0.6822742474916388 0.16387959866220736 0.020066889632107024 0.03511705685618729
6 0.5719063545150501 0.016722408026755852 0.205685618729097 0.033444816053511704
5 0.8795986622073578 0.47491638795986624 0.09698996655518395 0.08862876254180602
6 0.9581939799331104 0.5100334448160535 0.08361204013377926 0.2525083612040134
6 0.028428093645484948 0.5367892976588629 0.056856187290969896 0.24414715719063546
6 0.028428093645484948 0.22909698996655517 0.056856187290969896 0.25752508361204013
0 0.5 0.5618729096989966 0.3996655518394649 0.4397993311036789
6 0.16387959866220736 0.9414715719063546 0.25585284280936454 0.11538461538461539
6 0.7006688963210702 0.3177257525083612 0.22742474916387959 0.26755852842809363
6 0.17558528428093645 0.1454849498327759 0.26755852842809363 0.2809364548494983
6 0.1688963210702341 0.5351170568561873 0.22742474916387959 0.1956521739130435
6 0.5785953177257525 0.15719063545150502 0.21906354515050167 0.2157190635451505
6 0.8411371237458194 0.2140468227424749 0.23411371237458195 0.2408026755852843
6 0.4013377926421405 0.8377926421404682 0.2591973244147157 0.2040133779264214
6 0.9147157190635451 0.07859531772575251 0.16387959866220736 0.15551839464882944
6 0.7809364548494984 0.6404682274247492 0.2508361204013378 0.24581939799331104
6 0.6505016722408027 0.8896321070234113 0.2508361204013378 0.22073578595317725