6 0.8461538461538461 0.9163879598662207 0.29431438127090304 0.16555183946488294
6 0.49665551839464883 0.9581939799331104 0.21070234113712374 0.07859531772575251
6 0.32608695652173914 0.9882943143812709 0.20903010033444816 0.021739130434782608
6 0.13879598662207357 0.677257525083612 0.21739130434782608 0.18729096989966554
5 0.717391304347826 0.9866220735785953 0.07023411371237458 0.026755852842809364
5 0.540133779264214 0.013377926421404682 0.09698996655518395 0.026755852842809364
0 0.4983277591973244 0.5033444816053512 0.3963210702341137 0.4080267558528428
6 0.04180602006688963 0.5635451505016722 0.08361204013377926 0.18729096989966554
6 0.8260869565217391 0.7859531772575251 0.2140468227424749 0.23745819397993312
5 0.7341137123745819 0.459866220735786 0.09364548494983277 0.08862876254180602
6 0.9364548494983278 0.23411371237458195 0.12207357859531773 0.2491638795986622
6 0.16722408026755853 0.3494983277591973 0.225752508361204 0.23745819397993312
6 0.9080267558528428 0.7692307692307693 0.17892976588628762 0.225752508361204
6 0.1020066889632107 0.05351170568561873 0.19732441471571907 0.10702341137123746
6 0.13210702341137123 0.7759197324414716 0.22073578595317725 0.19230769230769232
6 0.8779264214046822 0.41471571906354515 0.2157190635451505 0.20234113712374582
6 0.3779264214046823 0.09364548494983277 0.21739130434782608 0.18729096989966554
6 0.6337792642140468 0.23745819397993312 0.22073578595317725 0.225752508361204
6 0.25752508361204013 0.9046822742474916 0.2140468227424749 0.19063545150501673
6 0.05852842809364549 0.36454849498327757 0.11538461538461539 0.18729096989966554