5 0.9498327759197325 0.3093645484949833 0.056856187290969896 0.06856187290969899
6 0.010033444816053512 0.11204013377926421 0.01839464882943144 0.17224080267558528
6 0.020066889632107024 0.479933110367893 0.038461538461538464 0.1939799331103679
6 0.9715719063545151 0.4782608695652174 0.056856187290969896 0.205685618729097
6 0.023411371237458192 0.725752508361204 0.046822742474916385 0.20066889632107024
6 0.9749163879598662 0.05016722408026756 0.05016722408026756 0.10033444816053512
6 0.14214046822742474 0.043478260869565216 0.1939799331103679 0.08528428093645485
6 0.8160535117056856 0.03177257525083612 0.2525083612040134 0.061872909698996656
6 0.06521739130434782 0.919732441471572 0.13043478260869565 0.1605351170568562
6 0.7157190635451505 0.9715719063545151 0.2157190635451505 0.056856187290969896
0 0.5066889632107023 0.5250836120401338 0.3795986622073579 0.39297658862876256
6 0.7157190635451505 0.794314381270903 0.23076923076923078 0.25585284280936454
6 0.07190635451505016 0.2959866220735786 0.14214046822742474 0.21237458193979933
6 0.9080267558528428 0.9163879598662207 0.17892976588628762 0.16555183946488294
6 0.8913043478260869 0.1806020066889632 0.205685618729097 0.205685618729097
6 0.6789297658862876 0.29264214046822745 0.2157190635451505 0.19899665551839466
6 0.7892976588628763 0.5150501672240803 0.18896321070234115 0.26588628762541805
6 0.3076923076923077 0.7658862876254181 0.2140468227424749 0.2040133779264214
6 0.1588628762541806 0.6404682274247492 0.23578595317725753 0.205685618729097
6 0.9130434782608695 0.697324414715719 0.1705685618729097 0.23745819397993312
6 0.2525083612040134 0.3795986622073579 0.22742474916387959 0.2508361204013378
6 0.44816053511705684 0.0802675585284281 0.23578595317725753 0.1505016722408027
6 0.6872909698996655 0.04180602006688963 0.19732441471571907 0.08361204013377926
6 0.3862876254180602 0.939799331103679 0.20234113712374582 0.11872909698996656
6 0.4531772575250836 0.8963210702341137 0.2391304347826087 0.205685618729097