6 0.2508361204013378 0.5869565217391305 0.2391304347826087 0.24247491638795987
6 0.774247491638796 0.3762541806020067 0.25585284280936454 0.2408026755852843
6 0.9632107023411371 0.6454849498327759 0.07023411371237458 0.22909698996655517
5 0.011705685618729096 0.24247491638795987 0.021739130434782608 0.06688963210702341
6 0.9280936454849499 0.979933110367893 0.1354515050167224 0.038461538461538464
6 0.5133779264214047 0.9698996655518395 0.21070234113712374 0.06020066889632107
6 0.717391304347826 0.9866220735785953 0.2040133779264214 0.026755852842809364
6 0.17892976588628762 0.051839464882943144 0.25752508361204013 0.10367892976588629
5 0.023411371237458192 0.15217391304347827 0.046822742474916385 0.10535117056856187
6 0.09364548494983277 0.06020066889632107 0.18729096989966554 0.12040133779264214
0 0.5 0.5033444816053512 0.3896321070234114 0.411371237458194
6 0.3595317725752508 0.959866220735786 0.21739130434782608 0.0802675585284281
6 0.4665551839464883 0.08361204013377926 0.2508361204013378 0.16555183946488294
6 0.06354515050167224 0.38461538461538464 0.12709030100334448 0.25418060200668896
5 0.9548494983277592 0.3177257525083612 0.07859531772575251 0.07525083612040134
6 0.9280936454849499 0.48494983277591974 0.13377926421404682 0.22073578595317725
6 0.8210702341137124 0.0903010033444816 0.26421404682274247 0.17892976588628762
6 0.4180602006688963 0.17224080267558528 0.24247491638795987 0.20234113712374582
6 0.07023411371237458 0.5150501672240803 0.13879598662207357 0.20234113712374582
6 0.08361204013377926 0.8846153846153846 0.16722408026755853 0.21739130434782608
6 0.7341137123745819 0.7474916387959866 0.24581939799331104 0.2591973244147157
6 0.4983277591973244 0.774247491638796 0.20234113712374582 0.1939799331103679
6 0.20735785953177258 0.2909698996655518 0.225752508361204 0.22408026755852842
6 0.17725752508361203 0.7157190635451505 0.22073578595317725 0.22073578595317725
6 0.7709030100334449 0.520066889632107 0.22073578595317725 0.23076923076923078
6 0.6421404682274248 0.2157190635451505 0.22909698996655517 0.20234113712374582
6 0.6387959866220736 0.10869565217391304 0.22742474916387959 0.19230769230769232
6 0.2508361204013378 0.1806020066889632 0.22909698996655517 0.20234113712374582
6 0.5468227424749164 0.8712374581939799 0.22240802675585283 0.205685618729097
6 0.8110367892976589 0.8913043478260869 0.225752508361204 0.20735785953177258
6 0.9013377926421404 0.8494983277591973 0.19732441471571907 0.22742474916387959
6 0.9448160535117057 0.11872909698996656 0.10702341137123746 0.23578595317725753
6 0.29431438127090304 0.7491638795986622 0.19899665551839466 0.23076923076923078