6 0.9849498327759197 0.048494983277591976 0.030100334448160536 0.09698996655518395
6 0.03511705685618729 0.882943143812709 0.06856187290969899 0.22073578595317725
6 0.06020066889632107 0.020066889632107024 0.12040133779264214 0.04013377926421405
6 0.12374581939799331 0.9698996655518395 0.22073578595317725 0.06020066889632107
6 0.038461538461538464 0.48494983277591974 0.07692307692307693 0.2608695652173913
0 0.5 0.49498327759197325 0.4397993311036789 0.46153846153846156
5 0.15719063545150502 0.9331103678929766 0.07525083612040134 0.06856187290969899
6 0.40468227424749165 0.06020066889632107 0.23578595317725753 0.11872909698996656
6 0.9347826086956522 0.725752508361204 0.1254180602006689 0.23411371237458195
6 0.18561872909698995 0.09364548494983277 0.205685618729097 0.18729096989966554
6 0.5719063545150501 0.7775919732441472 0.27759197324414714 0.17391304347826086
6 0.44481605351170567 0.919732441471572 0.2525083612040134 0.1605351170568562
6 0.8093645484949833 0.5936454849498328 0.26755852842809363 0.23411371237458195
6 0.6889632107023411 0.1806020066889632 0.20066889632107024 0.2842809364548495
6 0.17224080267558528 0.5618729096989966 0.21739130434782608 0.2809364548494983
6 0.8745819397993311 0.3762541806020067 0.22742474916387959 0.26755852842809363
6 0.903010033444816 0.13879598662207357 0.18896321070234115 0.21237458193979933
6 0.3076923076923077 0.7140468227424749 0.17558528428093645 0.2625418060200669
6 0.10702341137123746 0.29264214046822745 0.2140468227424749 0.2491638795986622
6 0.7892976588628763 0.8896321070234113 0.28929765886287623 0.22073578595317725
6 0.3110367892976589 0.23076923076923078 0.22742474916387959 0.20903010033444816