6 0.7491638795986622 0.9096989966555183 0.22240802675585283 0.17892976588628762
5 0.903010033444816 0.959866220735786 0.11036789297658862 0.0802675585284281
0 0.49665551839464883 0.49665551839464883 0.41638795986622074 0.40468227424749165
6 0.5986622073578596 0.9481605351170569 0.23411371237458195 0.10367892976588629
6 0.4280936454849498 0.02508361204013378 0.1956521739130435 0.05016722408026756
5 0.7809364548494984 0.705685618729097 0.08862876254180602 0.09698996655518395
5 0.1956521739130435 0.3795986622073579 0.07525083612040134 0.05852842809364549
6 0.1588628762541806 0.04013377926421405 0.2508361204013378 0.0802675585284281
6 0.9414715719063546 0.1939799331103679 0.11036789297658862 0.22909698996655517
6 0.754180602006689 0.4230769230769231 0.20234113712374582 0.26755852842809363
6 0.07190635451505016 0.8812709030100334 0.14214046822742474 0.23745819397993312
6 0.6337792642140468 0.06688963210702341 0.2140468227424749 0.13377926421404682
6 0.5735785953177257 0.7976588628762542 0.23076923076923078 0.22909698996655517
6 0.7290969899665551 0.225752508361204 0.24247491638795987 0.20903010033444816
6 0.29431438127090304 0.16722408026755853 0.22742474916387959 0.2040133779264214
6 0.9163879598662207 0.4331103678929766 0.1605351170568562 0.24247491638795987
6 0.9063545150501672 0.68561872909699 0.1806020066889632 0.24247491638795987
6 0.3177257525083612 0.2959866220735786 0.22742474916387959 0.22073578595317725