6 0.6989966555183946 0.6421404682274248 0.23578595317725753 0.2525083612040134
6 0.056856187290969896 0.5551839464882943 0.11371237458193979 0.21906354515050167
6 0.6187290969899666 0.9882943143812709 0.23411371237458195 0.021739130434782608
6 0.979933110367893 0.5418060200668896 0.038461538461538464 0.205685618729097
6 0.015050167224080268 0.7809364548494984 0.030100334448160536 0.24414715719063546
6 0.02508361204013378 0.14046822742474915 0.05016722408026756 0.23076923076923078
6 0.9816053511705686 0.32608695652173914 0.03678929765886288 0.21070234113712374
6 0.4983277591973244 0.020066889632107024 0.29264214046822745 0.04013377926421405
0 0.5016722408026756 0.5100334448160535 0.4197324414715719 0.4397993311036789
5 0.28762541806020064 0.3377926421404682 0.07525083612040134 0.061872909698996656
6 0.24247491638795987 0.033444816053511704 0.2408026755852843 0.06521739130434782
6 0.21906354515050167 0.9548494983277592 0.24581939799331104 0.0903010033444816
6 0.7324414715719063 0.14381270903010032 0.22073578595317725 0.22408026755852842
6 0.8913043478260869 0.05518394648829431 0.2140468227424749 0.11036789297658862
6 0.431438127090301 0.931438127090301 0.21906354515050167 0.1354515050167224
6 0.8327759197324415 0.38461538461538464 0.2809364548494983 0.17391304347826086
6 0.8327759197324415 0.9147157190635451 0.25418060200668896 0.1705685618729097
6 0.8979933110367893 0.6889632107023411 0.19732441471571907 0.24247491638795987
6 0.8478260869565217 0.2157190635451505 0.20903010033444816 0.205685618729097
6 0.08862876254180602 0.342809364548495 0.17725752508361203 0.24414715719063546
6 0.2725752508361204 0.794314381270903 0.2608695652173913 0.23745819397993312
6 0.31270903010033446 0.22240802675585283 0.2709030100334448 0.22408026755852842
6 0.22408026755852842 0.5284280936454849 0.20903010033444816 0.23076923076923078
6 0.5066889632107023 0.13879598662207357 0.22909698996655517 0.21237458193979933
6 0.7608695652173914 0.5585284280936454 0.19230769230769232 0.205685618729097