6 0.4397993311036789 0.015050167224080268 0.2157190635451505 0.030100334448160536
5 0.9715719063545151 0.6237458193979933 0.056856187290969896 0.09698996655518395
6 0.8561872909698997 0.020066889632107024 0.21070234113712374 0.04013377926421405
0 0.49498327759197325 0.49498327759197325 0.33444816053511706 0.36789297658862874
6 0.05016722408026756 0.5836120401337793 0.10033444816053512 0.225752508361204
6 0.051839464882943144 0.205685618729097 0.10367892976588629 0.22073578595317725
6 0.16722408026755853 0.9581939799331104 0.20066889632107024 0.08361204013377926
6 0.6806020066889632 0.9531772575250836 0.2508361204013378 0.09364548494983277
6 0.13210702341137123 0.07859531772575251 0.205685618729097 0.15551839464882944
6 0.34782608695652173 0.9130434782608695 0.20066889632107024 0.17391304347826086
6 0.8996655518394648 0.14381270903010032 0.1956521739130435 0.18394648829431437
6 0.5284280936454849 0.8327759197324415 0.21739130434782608 0.21906354515050167
6 0.11872909698996656 0.7491638795986622 0.2140468227424749 0.20234113712374582
6 0.32441471571906355 0.7107023411371237 0.20066889632107024 0.2040133779264214
6 0.6923076923076923 0.6889632107023411 0.2140468227424749 0.23076923076923078
6 0.8929765886287625 0.7625418060200669 0.20903010033444816 0.21237458193979933
6 0.9080267558528428 0.4882943143812709 0.17892976588628762 0.2040133779264214
6 0.2608695652173913 0.2792642140468227 0.21739130434782608 0.24581939799331104
6 0.7692307692307693 0.31438127090301005 0.2508361204013378 0.2157190635451505