6 0.20234113712374582 0.47491638795986624 0.2391304347826087 0.23745819397993312
6 0.959866220735786 0.5334448160535117 0.0802675585284281 0.2508361204013378
6 0.9816053511705686 0.08193979933110368 0.03511705685618729 0.16220735785953178
6 0.04013377926421405 0.9013377926421404 0.0802675585284281 0.19732441471571907
5 0.9113712374581939 0.4782608695652174 0.09531772575250837 0.0903010033444816
6 0.459866220735786 0.9515050167224081 0.24749163879598662 0.09698996655518395
6 0.05351170568561873 0.18227424749163879 0.10702341137123746 0.24581939799331104
0 0.5117056856187291 0.5016722408026756 0.4397993311036789 0.46321070234113715
6 0.5150501672240803 0.046822742474916385 0.26421404682274247 0.09364548494983277
6 0.7491638795986622 0.06688963210702341 0.22742474916387959 0.13377926421404682
6 0.07357859531772576 0.5585284280936454 0.14715719063545152 0.26755852842809363
6 0.2909698996655518 0.7123745819397993 0.23076923076923078 0.2508361204013378
6 0.520066889632107 0.18896321070234115 0.2508361204013378 0.205685618729097
6 0.6872909698996655 0.9130434782608695 0.23076923076923078 0.17391304347826086
6 0.29431438127090304 0.3093645484949833 0.2508361204013378 0.24247491638795987
6 0.5217391304347826 0.8010033444816054 0.25585284280936454 0.22073578595317725
6 0.14214046822742474 0.8193979933110368 0.23076923076923078 0.27424749163879597
6 0.8913043478260869 0.31270903010033446 0.21070234113712374 0.22909698996655517