6 0.3277591973244147 0.010033444816053512 0.2591973244147157 0.01839464882943144
6 0.1020066889632107 0.08862876254180602 0.20234113712374582 0.17725752508361203
6 0.9531772575250836 0.7290969899665551 0.08862876254180602 0.26588628762541805
6 0.9615384615384616 0.10702341137123746 0.07190635451505016 0.21237458193979933
6 0.4816053511705686 0.06688963210702341 0.23076923076923078 0.13377926421404682
6 0.07525083612040134 0.9531772575250836 0.1505016722408027 0.09364548494983277
0 0.5 0.49665551839464883 0.3996655518394649 0.40468227424749165
6 0.6287625418060201 0.9615384615384616 0.23411371237458195 0.07692307692307693
5 0.6839464882943144 0.17558528428093645 0.08193979933110368 0.08528428093645485
6 0.8662207357859532 0.051839464882943144 0.2140468227424749 0.10367892976588629
6 0.9180602006688964 0.4397993311036789 0.16387959866220736 0.23745819397993312
6 0.7591973244147158 0.6789297658862876 0.23076923076923078 0.21906354515050167
6 0.1806020066889632 0.10367892976588629 0.23411371237458195 0.205685618729097
6 0.06020066889632107 0.43645484949832775 0.11872909698996656 0.2408026755852843
6 0.4698996655518395 0.16387959866220736 0.23244147157190637 0.2408026755852843
6 0.225752508361204 0.5284280936454849 0.21070234113712374 0.2491638795986622
6 0.5551839464882943 0.7792642140468228 0.24581939799331104 0.2591973244147157
6 0.7357859531772575 0.3177257525083612 0.23411371237458195 0.22073578595317725
6 0.2157190635451505 0.8896321070234113 0.2508361204013378 0.22073578595317725
6 0.33277591973244147 0.725752508361204 0.2525083612040134 0.23411371237458195
6 0.7608695652173914 0.8327759197324415 0.2391304347826087 0.24581939799331104
6 0.21237458193979933 0.30434782608695654 0.2525083612040134 0.23411371237458195
6 0.8795986622073578 0.8779264214046822 0.2140468227424749 0.21237458193979933
6 0.8010033444816054 0.3879598662207358 0.22408026755852842 0.1939799331103679
6 0.046822742474916385 0.8913043478260869 0.09364548494983277 0.20066889632107024