6 0.25418060200668896 0.9882943143812709 0.23076923076923078 0.021739130434782608
6 0.9732441471571907 0.6839464882943144 0.05351170568561873 0.21906354515050167
6 0.021739130434782608 0.6605351170568562 0.04180602006688963 0.25585284280936454
0 0.5033444816053512 0.5 0.43645484949832775 0.41638795986622074
6 0.6387959866220736 0.9732441471571907 0.2391304347826087 0.05351170568561873
6 0.32608695652173914 0.25752508361204013 0.27424749163879597 0.20234113712374582
6 0.09364548494983277 0.03511705685618729 0.18561872909698995 0.06856187290969899
6 0.0802675585284281 0.8812709030100334 0.1605351170568562 0.205685618729097
6 0.6304347826086957 0.046822742474916385 0.26755852842809363 0.09364548494983277
6 0.2725752508361204 0.05016722408026756 0.21070234113712374 0.10033444816053512
5 0.19063545150501673 0.7307692307692307 0.08193979933110368 0.0802675585284281
6 0.8996655518394648 0.9331103678929766 0.1956521739130435 0.13210702341137123
6 0.8076923076923077 0.3528428093645485 0.28595317725752506 0.225752508361204
6 0.33277591973244147 0.8444816053511706 0.2391304347826087 0.2625418060200669
6 0.06856187290969899 0.41638795986622074 0.1354515050167224 0.23745819397993312
6 0.21906354515050167 0.35618729096989965 0.21070234113712374 0.1939799331103679
6 0.7909698996655519 0.1705685618729097 0.2525083612040134 0.23745819397993312
6 0.81438127090301 0.7441471571906354 0.22742474916387959 0.2709030100334448
6 0.5652173913043478 0.7892976588628763 0.25752508361204013 0.23411371237458195
6 0.09197324414715718 0.18227424749163879 0.18227424749163879 0.22909698996655517