6 0.9113712374581939 0.9882943143812709 0.17224080267558528 0.021739130434782608
6 0.12876254180602006 0.020066889632107024 0.24247491638795987 0.038461538461538464
6 0.697324414715719 0.7224080267558528 0.2725752508361204 0.24247491638795987
6 0.028428093645484948 0.46321070234113715 0.056856187290969896 0.21739130434782608
5 0.4866220735785953 0.17391304347826086 0.08862876254180602 0.07190635451505016
0 0.5033444816053512 0.49665551839464883 0.42474916387959866 0.4280936454849498
6 0.9297658862876255 0.043478260869565216 0.13377926421404682 0.08695652173913043
6 0.7842809364548495 0.9096989966555183 0.20066889632107024 0.17892976588628762
6 0.05518394648829431 0.9013377926421404 0.11036789297658862 0.1939799331103679
6 0.31605351170568563 0.9448160535117057 0.21070234113712374 0.11036789297658862
6 0.06354515050167224 0.2692307692307692 0.12709030100334448 0.18394648829431437
6 0.8896321070234113 0.8612040133779264 0.21739130434782608 0.21237458193979933
6 0.48327759197324416 0.862876254180602 0.18896321070234115 0.20234113712374582
6 0.4431438127090301 0.061872909698996656 0.2157190635451505 0.12374581939799331
6 0.6722408026755853 0.23411371237458195 0.2391304347826087 0.2040133779264214
6 0.18394648829431437 0.5869565217391305 0.23578595317725753 0.20234113712374582
6 0.9046822742474916 0.21739130434782608 0.18561872909698995 0.2157190635451505