5 0.822742474916388 0.056856187290969896 0.06020066889632107 0.07023411371237458
6 0.021739130434782608 0.9581939799331104 0.043478260869565216 0.08361204013377926
6 0.9431438127090301 0.23076923076923078 0.10869565217391304 0.1956521739130435
0 0.4983277591973244 0.4983277591973244 0.33444816053511706 0.41638795986622074
6 0.9147157190635451 0.9765886287625418 0.1705685618729097 0.046822742474916385
6 0.7525083612040134 0.1605351170568562 0.21070234113712374 0.22240802675585283
6 0.939799331103679 0.6404682274247492 0.11538461538461539 0.2709030100334448
6 0.6521739130434783 0.939799331103679 0.25752508361204013 0.12040133779264214
6 0.08695652173913043 0.08695652173913043 0.17391304347826086 0.17391304347826086
6 0.09531772575250837 0.3076923076923077 0.19063545150501673 0.20234113712374582
6 0.7307692307692307 0.540133779264214 0.18227424749163879 0.2625418060200669
6 0.21070234113712374 0.8913043478260869 0.22909698996655517 0.17725752508361203
6 0.5167224080267558 0.8110367892976589 0.2408026755852843 0.2140468227424749
6 0.7792642140468228 0.802675585284281 0.23578595317725753 0.17391304347826086
6 0.19899665551839466 0.6806020066889632 0.2157190635451505 0.20234113712374582
6 0.8929765886287625 0.4013377926421405 0.20735785953177258 0.1956521739130435
6 0.3695652173913043 0.14715719063545152 0.22240802675585283 0.24749163879598662