6 0.9565217391304348 0.36622073578595316 0.08193979933110368 0.26588628762541805
6 0.9548494983277592 0.9331103678929766 0.08361204013377926 0.13210702341137123
5 0.8076923076923077 0.011705685618729096 0.0903010033444816 0.023411371237458192
6 0.07023411371237458 0.8311036789297659 0.13879598662207357 0.27424749163879597
6 0.33277591973244147 0.9765886287625418 0.26421404682274247 0.046822742474916385
0 0.5016722408026756 0.5100334448160535 0.3528428093645485 0.5953177257525084
6 0.07357859531772576 0.11872909698996656 0.14715719063545152 0.21906354515050167
5 0.9414715719063546 0.2591973244147157 0.07859531772575251 0.07190635451505016
5 0.8444816053511706 0.23411371237458195 0.08862876254180602 0.08862876254180602
6 0.05518394648829431 0.47324414715719065 0.11036789297658862 0.2408026755852843
5 0.20234113712374582 0.4297658862876254 0.07859531772575251 0.07190635451505016
6 0.9080267558528428 0.9080267558528428 0.17224080267558528 0.18394648829431437
6 0.12207357859531773 0.9147157190635451 0.24414715719063546 0.16722408026755853
6 0.8327759197324415 0.637123745819398 0.23411371237458195 0.28762541806020064
6 0.10702341137123746 0.2491638795986622 0.2140468227424749 0.22408026755852842
6 0.23578595317725753 0.5936454849498328 0.22240802675585283 0.27424749163879597
6 0.5 0.919732441471572 0.27759197324414714 0.1605351170568562
6 0.6705685618729097 0.2040133779264214 0.23578595317725753 0.23076923076923078
6 0.717391304347826 0.677257525083612 0.19230769230769232 0.24414715719063546