6 0.33277591973244147 0.9882943143812709 0.225752508361204 0.021739130434782608
6 0.04180602006688963 0.013377926421404682 0.08361204013377926 0.026755852842809364
6 0.6488294314381271 0.9381270903010034 0.22073578595317725 0.12374581939799331
6 0.9715719063545151 0.5317725752508361 0.056856187290969896 0.23076923076923078
6 0.038461538461538464 0.5384615384615384 0.07692307692307693 0.23411371237458195
0 0.5468227424749164 0.5468227424749164 0.3996655518394649 0.46488294314381273
5 0.2508361204013378 0.4899665551839465 0.08862876254180602 0.08862876254180602
6 0.9264214046822743 0.9448160535117057 0.14214046822742474 0.11036789297658862
6 0.9498327759197325 0.06688963210702341 0.10033444816053512 0.13210702341137123
6 0.44648829431438125 0.05351170568561873 0.22240802675585283 0.10702341137123746
6 0.5719063545150501 0.9130434782608695 0.22240802675585283 0.17391304347826086
6 0.06354515050167224 0.31605351170568563 0.12709030100334448 0.2040133779264214
6 0.43812709030100333 0.24581939799331104 0.23578595317725753 0.23745819397993312
6 0.26588628762541805 0.6304347826086957 0.23411371237458195 0.22408026755852842
6 0.19732441471571907 0.18896321070234115 0.22240802675585283 0.20234113712374582
6 0.08862876254180602 0.7408026755852842 0.17725752508361203 0.21739130434782608
6 0.8913043478260869 0.22240802675585283 0.21070234113712374 0.1956521739130435
6 0.81438127090301 0.4197324414715719 0.25585284280936454 0.2391304347826087