6 0.020066889632107024 0.6655518394648829 0.038461538461538464 0.22408026755852842
5 0.7926421404682275 0.05518394648829431 0.08193979933110368 0.09364548494983277
6 0.5702341137123745 0.9732441471571907 0.20903010033444816 0.05351170568561873
5 0.7023411371237458 0.0451505016722408 0.07859531772575251 0.08528428093645485
6 0.9464882943143813 0.09531772575250837 0.10367892976588629 0.19063545150501673
0 0.5100334448160535 0.44481605351170567 0.4197324414715719 0.4214046822742475
6 0.09531772575250837 0.8979933110367893 0.18896321070234115 0.2040133779264214
6 0.09531772575250837 0.09364548494983277 0.19063545150501673 0.18729096989966554
6 0.28595317725752506 0.27759197324414714 0.25585284280936454 0.225752508361204
6 0.4096989966555184 0.6956521739130435 0.2709030100334448 0.23411371237458195
6 0.7675585284280937 0.4899665551839465 0.20234113712374582 0.19230769230769232
6 0.4180602006688963 0.9080267558528428 0.22073578595317725 0.18394648829431437
6 0.8327759197324415 0.24414715719063546 0.20066889632107024 0.1956521739130435
6 0.22240802675585283 0.5 0.23244147157190637 0.21237458193979933
6 0.3060200668896321 0.0802675585284281 0.23076923076923078 0.1588628762541806
6 0.6638795986622074 0.745819397993311 0.2608695652173913 0.27759197324414714