6 0.020066889632107024 0.8795986622073578 0.04013377926421405 0.2408026755852843
6 0.03177257525083612 0.04013377926421405 0.06354515050167224 0.0802675585284281
5 0.8712374581939799 0.9163879598662207 0.06688963210702341 0.05852842809364549
6 0.27759197324414714 0.033444816053511704 0.30434782608695654 0.06521739130434782
6 0.9682274247491639 0.05852842809364549 0.06354515050167224 0.11538461538461539
6 0.29264214046822745 0.9782608695652174 0.342809364548495 0.043478260869565216
6 0.9080267558528428 0.9498327759197325 0.17892976588628762 0.10033444816053512
6 0.36789297658862874 0.13879598662207357 0.3311036789297659 0.27759197324414714
0 0.5284280936454849 0.5451505016722408 0.44481605351170567 0.3963210702341137
6 0.9046822742474916 0.617056856187291 0.18561872909698995 0.2591973244147157
6 0.7190635451505016 0.7692307692307693 0.26755852842809363 0.2525083612040134
6 0.7909698996655519 0.5150501672240803 0.18896321070234115 0.24247491638795987
6 0.8662207357859532 0.16555183946488294 0.26421404682274247 0.2809364548494983
6 0.6387959866220736 0.11872909698996656 0.24581939799331104 0.23411371237458195
6 0.10702341137123746 0.2391304347826087 0.2140468227424749 0.225752508361204