6 0.9632107023411371 0.17224080267558528 0.07023411371237458 0.24581939799331104
6 0.016722408026755852 0.9381270903010034 0.033444816053511704 0.12040133779264214
6 0.3729096989966555 0.011705685618729096 0.21739130434782608 0.023411371237458192
5 0.6822742474916388 0.959866220735786 0.046822742474916385 0.06856187290969899
5 0.2525083612040134 0.021739130434782608 0.06020066889632107 0.043478260869565216
6 0.051839464882943144 0.4698996655518395 0.10367892976588629 0.22909698996655517
5 0.35618729096989965 0.21070234113712374 0.08361204013377926 0.06856187290969899
0 0.5050167224080268 0.49665551839464883 0.44481605351170567 0.4498327759197324
6 0.9113712374581939 0.9682274247491639 0.17224080267558528 0.06354515050167224
6 0.13712374581939799 0.9548494983277592 0.225752508361204 0.08862876254180602
6 0.8695652173913043 0.07190635451505016 0.23411371237458195 0.14381270903010032
6 0.8645484949832776 0.3177257525083612 0.22240802675585283 0.2040133779264214
6 0.7474916387959866 0.3595317725752508 0.22240802675585283 0.2625418060200669
6 0.06521739130434782 0.7006688963210702 0.13043478260869565 0.2508361204013378
6 0.1020066889632107 0.09364548494983277 0.20234113712374582 0.18729096989966554
6 0.8963210702341137 0.8277591973244147 0.20234113712374582 0.21237458193979933
6 0.40468227424749165 0.7307692307692307 0.26755852842809363 0.17892976588628762
6 0.30267558528428096 0.8896321070234113 0.23745819397993312 0.22073578595317725
6 0.451505016722408 0.11872909698996656 0.20735785953177258 0.22073578595317725
6 0.6588628762541806 0.1354515050167224 0.225752508361204 0.2491638795986622
6 0.5484949832775919 0.8879598662207357 0.2525083612040134 0.22408026755852842
6 0.7090301003344481 0.7290969899665551 0.22240802675585283 0.225752508361204
6 0.20903010033444816 0.6070234113712375 0.21070234113712374 0.23411371237458195
6 0.9130434782608695 0.5568561872909699 0.1705685618729097 0.225752508361204