6 0.8160535117056856 0.020066889632107024 0.26588628762541805 0.04013377926421405
6 0.19230769230769232 0.3879598662207358 0.26421404682274247 0.25752508361204013
6 0.9046822742474916 0.9682274247491639 0.18561872909698995 0.06354515050167224
6 0.05016722408026756 0.3010033444816054 0.10033444816053512 0.2625418060200669
6 0.7073578595317725 0.9698996655518395 0.24247491638795987 0.06020066889632107
5 0.459866220735786 0.28595317725752506 0.07525083612040134 0.07525083612040134
6 0.6354515050167224 0.8929765886287625 0.34448160535117056 0.21237458193979933
0 0.49331103678929766 0.5133779264214047 0.4414715719063545 0.4331103678929766
6 0.6588628762541806 0.7140468227424749 0.33444816053511706 0.19063545150501673
6 0.5769230769230769 0.07357859531772576 0.25752508361204013 0.14715719063545152
6 0.2792642140468227 0.23745819397993312 0.2909698996655518 0.20903010033444816
6 0.08361204013377926 0.07859531772575251 0.16555183946488294 0.15551839464882944
6 0.9297658862876255 0.10367892976588629 0.13377926421404682 0.205685618729097
6 0.06354515050167224 0.540133779264214 0.12709030100334448 0.24414715719063546
6 0.6672240802675585 0.2408026755852843 0.23578595317725753 0.2625418060200669
6 0.3377926421404682 0.08193979933110368 0.23578595317725753 0.16220735785953178
6 0.9046822742474916 0.81438127090301 0.18394648829431437 0.2508361204013378
6 0.8244147157190636 0.5635451505016722 0.2725752508361204 0.23411371237458195
6 0.18394648829431437 0.6906354515050167 0.26755852842809363 0.2508361204013378
6 0.38127090301003347 0.8311036789297659 0.2508361204013378 0.27759197324414714
6 0.8678929765886287 0.3277591973244147 0.2591973244147157 0.28762541806020064