6 0.0451505016722408 0.015050167224080268 0.0903010033444816 0.030100334448160536
5 0.8060200668896321 0.5284280936454849 0.11036789297658862 0.07190635451505016
6 0.5484949832775919 0.9782608695652174 0.2040133779264214 0.04180602006688963
6 0.3879598662207358 0.02508361204013378 0.23411371237458195 0.05016722408026756
6 0.04180602006688963 0.6789297658862876 0.08361204013377926 0.23745819397993312
6 0.8963210702341137 0.9749163879598662 0.20234113712374582 0.05016722408026756
0 0.4983277591973244 0.5334448160535117 0.4414715719063545 0.4331103678929766
6 0.0802675585284281 0.919732441471572 0.1605351170568562 0.1605351170568562
6 0.931438127090301 0.5752508361204013 0.13043478260869565 0.2591973244147157
6 0.6622073578595318 0.07692307692307693 0.1806020066889632 0.15384615384615385
6 0.5367892976588629 0.23745819397993312 0.22073578595317725 0.19230769230769232
6 0.2157190635451505 0.6889632107023411 0.25585284280936454 0.2709030100334448
6 0.18896321070234115 0.09364548494983277 0.23411371237458195 0.18729096989966554
6 0.7207357859531772 0.9013377926421404 0.21739130434782608 0.19732441471571907
6 0.8963210702341137 0.225752508361204 0.20234113712374582 0.23745819397993312
6 0.09531772575250837 0.3394648829431438 0.18896321070234115 0.2591973244147157
6 0.40468227424749165 0.8846153846153846 0.23076923076923078 0.23076923076923078
6 0.7357859531772575 0.3377926421404682 0.17224080267558528 0.20234113712374582
6 0.30267558528428096 0.27591973244147155 0.24581939799331104 0.22909698996655517