6 0.3862876254180602 0.010033444816053512 0.22742474916387959 0.01839464882943144
6 0.9698996655518395 0.5100334448160535 0.06020066889632107 0.23076923076923078
6 0.023411371237458192 0.06521739130434782 0.046822742474916385 0.13043478260869565
0 0.49331103678929766 0.49665551839464883 0.5250836120401338 0.3712374581939799
5 0.8963210702341137 0.9414715719063546 0.11705685618729098 0.11538461538461539
5 0.5334448160535117 0.7558528428093646 0.10702341137123746 0.0903010033444816
6 0.04013377926421405 0.8311036789297659 0.0802675585284281 0.24414715719063546
6 0.048494983277591976 0.3695652173913043 0.09698996655518395 0.24581939799331104
6 0.3896321070234114 0.9515050167224081 0.22742474916387959 0.09698996655518395
6 0.8762541806020067 0.07190635451505016 0.20066889632107024 0.14381270903010032
6 0.568561872909699 0.8929765886287625 0.2140468227424749 0.205685618729097
6 0.16555183946488294 0.9080267558528428 0.225752508361204 0.18394648829431437
6 0.22408026755852842 0.38127090301003347 0.24247491638795987 0.2508361204013378
6 0.23745819397993312 0.617056856187291 0.23076923076923078 0.22073578595317725
6 0.8612040133779264 0.44816053511705684 0.2157190635451505 0.22909698996655517
6 0.7006688963210702 0.6906354515050167 0.22742474916387959 0.22073578595317725
6 0.7374581939799331 0.24581939799331104 0.24247491638795987 0.23745819397993312
6 0.19063545150501673 0.11705685618729098 0.24749163879598662 0.23411371237458195