6 0.8461538461538461 0.9882943143812709 0.22240802675585283 0.021739130434782608
6 0.49331103678929766 0.013377926421404682 0.23076923076923078 0.026755852842809364
6 0.979933110367893 0.06521739130434782 0.038461538461538464 0.13043478260869565
6 0.3294314381270903 0.979933110367893 0.18561872909698995 0.038461538461538464
6 0.9698996655518395 0.7508361204013378 0.06020066889632107 0.2508361204013378
0 0.5 0.5016722408026756 0.3896321070234114 0.40301003344481606
5 0.16722408026755853 0.568561872909699 0.11371237458193979 0.1020066889632107
6 0.051839464882943144 0.8862876254180602 0.10367892976588629 0.2040133779264214
6 0.3762541806020067 0.9280936454849499 0.21906354515050167 0.14381270903010032
6 0.6086956521739131 0.959866220735786 0.22073578595317725 0.0802675585284281
6 0.9464882943143813 0.24749163879598662 0.10367892976588629 0.25585284280936454
6 0.5986622073578596 0.7759197324414716 0.20234113712374582 0.20234113712374582
6 0.8210702341137124 0.10033444816053512 0.22408026755852842 0.20066889632107024
6 0.08695652173913043 0.4414715719063545 0.17391304347826086 0.24749163879598662
6 0.18729096989966554 0.8578595317725752 0.19732441471571907 0.2157190635451505
6 0.07692307692307693 0.6755852842809364 0.15384615384615385 0.22073578595317725
6 0.6989966555183946 0.27591973244147155 0.20735785953177258 0.205685618729097
6 0.7709030100334449 0.6270903010033445 0.22073578595317725 0.21237458193979933
6 0.2157190635451505 0.10869565217391304 0.25585284280936454 0.205685618729097
6 0.2508361204013378 0.3595317725752508 0.21070234113712374 0.2408026755852843
6 0.8578595317725752 0.42642140468227424 0.23411371237458195 0.205685618729097