6 0.023411371237458192 0.882943143812709 0.046822742474916385 0.22408026755852842
0 0.49665551839464883 0.5033444816053512 0.41638795986622074 0.41638795986622074
6 0.3177257525083612 0.023411371237458192 0.2140468227424749 0.046822742474916385
6 0.03511705685618729 0.40301003344481606 0.07023411371237458 0.23076923076923078
6 0.2140468227424749 0.9732441471571907 0.22240802675585283 0.05351170568561873
6 0.5117056856187291 0.9698996655518395 0.23411371237458195 0.06020066889632107
5 0.05016722408026756 0.18227424749163879 0.07190635451505016 0.06856187290969899
6 0.9063545150501672 0.07357859531772576 0.1806020066889632 0.14715719063545152
6 0.14046822742474915 0.06856187290969899 0.20903010033444816 0.13712374581939799
6 0.08361204013377926 0.6404682274247492 0.16722408026755853 0.26421404682274247
6 0.7006688963210702 0.8896321070234113 0.2508361204013378 0.22073578595317725
6 0.7525083612040134 0.6287625418060201 0.23411371237458195 0.2709030100334448
6 0.38127090301003347 0.18394648829431437 0.21739130434782608 0.2040133779264214
6 0.17224080267558528 0.2608695652173913 0.21739130434782608 0.22408026755852842
6 0.8361204013377926 0.25585284280936454 0.2391304347826087 0.24247491638795987
6 0.6070234113712375 0.17558528428093645 0.22073578595317725 0.21739130434782608
6 0.411371237458194 0.774247491638796 0.2391304347826087 0.2157190635451505
6 0.19899665551839466 0.48494983277591974 0.225752508361204 0.225752508361204
6 0.19732441471571907 0.8244147157190636 0.23411371237458195 0.22408026755852842
6 0.9147157190635451 0.479933110367893 0.16722408026755853 0.26588628762541805