6 0.6538461538461539 0.011705685618729096 0.23076923076923078 0.021739130434782608
6 0.15384615384615385 0.9866220735785953 0.25418060200668896 0.026755852842809364
6 0.9364548494983278 0.9665551839464883 0.12709030100334448 0.06688963210702341
6 0.026755852842809364 0.7759197324414716 0.05351170568561873 0.22909698996655517
0 0.5 0.49498327759197325 0.35618729096989965 0.3494983277591973
5 0.7642140468227425 0.8411371237458194 0.08862876254180602 0.08528428093645485
6 0.6839464882943144 0.6806020066889632 0.2842809364548495 0.2491638795986622
6 0.8712374581939799 0.8929765886287625 0.225752508361204 0.19899665551839466
6 0.07859531772575251 0.12374581939799331 0.15719063545150502 0.22408026755852842
6 0.12207357859531773 0.28595317725752506 0.205685618729097 0.1956521739130435
6 0.5150501672240803 0.09531772575250837 0.22073578595317725 0.19063545150501673
6 0.3294314381270903 0.2525083612040134 0.2140468227424749 0.20234113712374582
6 0.4414715719063545 0.7792642140468228 0.22240802675585283 0.23076923076923078