5 0.8712374581939799 0.5384615384615384 0.06020066889632107 0.05518394648829431
6 0.011705685618729096 0.8929765886287625 0.023411371237458192 0.20066889632107024
6 0.44816053511705684 0.01839464882943144 0.20735785953177258 0.03511705685618729
6 0.47491638795986624 0.6956521739130435 0.1505016722408027 0.15551839464882944
6 0.6605351170568562 0.021739130434782608 0.22240802675585283 0.043478260869565216
5 0.7441471571906354 0.560200668896321 0.13879598662207357 0.14381270903010032
5 0.28595317725752506 0.35618729096989965 0.11204013377926421 0.10033444816053512
0 0.5 0.49331103678929766 0.3779264214046823 0.4498327759197324
6 0.038461538461538464 0.4197324414715719 0.07692307692307693 0.205685618729097
6 0.39297658862876256 0.9632107023411371 0.21070234113712374 0.07357859531772576
6 0.5668896321070234 0.9448160535117057 0.17224080267558528 0.11036789297658862
6 0.13210702341137123 0.9163879598662207 0.225752508361204 0.14381270903010032
6 0.07023411371237458 0.6304347826086957 0.13879598662207357 0.23076923076923078
6 0.7474916387959866 0.919732441471572 0.2040133779264214 0.1605351170568562
6 0.7190635451505016 0.7341137123745819 0.2408026755852843 0.23244147157190637
6 0.5501672240802675 0.12709030100334448 0.2591973244147157 0.18394648829431437
6 0.11705685618729098 0.13712374581939799 0.23244147157190637 0.20903010033444816
6 0.7859531772575251 0.3494983277591973 0.19732441471571907 0.23244147157190637
6 0.9364548494983278 0.16722408026755853 0.12374581939799331 0.21237458193979933
6 0.3277591973244147 0.10869565217391304 0.19230769230769232 0.20903010033444816
6 0.1505016722408027 0.3595317725752508 0.18561872909698995 0.22073578595317725
6 0.9163879598662207 0.8862876254180602 0.1605351170568562 0.22742474916387959