6 0.9632107023411371 0.04180602006688963 0.07357859531772576 0.08361204013377926
6 0.03177257525083612 0.18729096989966554 0.06354515050167224 0.2157190635451505
6 0.12876254180602006 0.9849498327759197 0.21739130434782608 0.030100334448160536
6 0.046822742474916385 0.07357859531772576 0.09364548494983277 0.14715719063545152
6 0.3060200668896321 0.19063545150501673 0.21739130434782608 0.23745819397993312
6 0.6237458193979933 0.03177257525083612 0.26421404682274247 0.061872909698996656
6 0.47491638795986624 0.9715719063545151 0.2040133779264214 0.056856187290969896
6 0.9080267558528428 0.931438127090301 0.17892976588628762 0.1354515050167224
6 0.9347826086956522 0.7675585284280937 0.1254180602006689 0.22408026755852842
0 0.5050167224080268 0.5016722408026756 0.38294314381270905 0.46321070234113715
5 0.30434782608695654 0.026755852842809364 0.07357859531772576 0.05351170568561873
6 0.5234113712374582 0.20066889632107024 0.22073578595317725 0.19063545150501673
6 0.10869565217391304 0.391304347826087 0.21739130434782608 0.28762541806020064
6 0.08528428093645485 0.9130434782608695 0.1705685618729097 0.17391304347826086
6 0.17558528428093645 0.23244147157190637 0.22240802675585283 0.23411371237458195
6 0.24749163879598662 0.4431438127090301 0.205685618729097 0.225752508361204
6 0.46321070234113715 0.08862876254180602 0.225752508361204 0.17725752508361203
6 0.1806020066889632 0.06020066889632107 0.20066889632107024 0.12040133779264214
6 0.903010033444816 0.13210702341137123 0.18896321070234115 0.24247491638795987
6 0.12040133779264214 0.6839464882943144 0.2408026755852843 0.2508361204013378
6 0.4096989966555184 0.774247491638796 0.23578595317725753 0.23745819397993312
6 0.6103678929765887 0.8862876254180602 0.25585284280936454 0.225752508361204
6 0.7525083612040134 0.22240802675585283 0.2508361204013378 0.22909698996655517