6 0.9698996655518395 0.17892976588628762 0.06020066889632107 0.23745819397993312
6 0.021739130434782608 0.7374581939799331 0.043478260869565216 0.2157190635451505
6 0.7725752508361204 0.011705685618729096 0.24749163879598662 0.023411371237458192
6 0.05351170568561873 0.9481605351170569 0.10702341137123746 0.10367892976588629
0 0.5016722408026756 0.5033444816053512 0.3963210702341137 0.41471571906354515
6 0.40635451505016723 0.9698996655518395 0.26421404682274247 0.06020066889632107
5 0.7658862876254181 0.2709030100334448 0.07023411371237458 0.07859531772575251
6 0.28595317725752506 0.31438127090301005 0.22742474916387959 0.2157190635451505
6 0.07190635451505016 0.15551839464882944 0.14381270903010032 0.2408026755852843
6 0.9214046822742475 0.6471571906354515 0.1505016722408027 0.2809364548494983
6 0.22742474916387959 0.07357859531772576 0.26755852842809363 0.14715719063545152
6 0.7725752508361204 0.9280936454849499 0.24581939799331104 0.14381270903010032
6 0.08361204013377926 0.802675585284281 0.16722408026755853 0.23411371237458195
6 0.5752508361204013 0.20066889632107024 0.2391304347826087 0.23745819397993312
6 0.225752508361204 0.5919732441471572 0.22240802675585283 0.19899665551839466
6 0.903010033444816 0.32274247491638797 0.18896321070234115 0.24581939799331104
6 0.7976588628762542 0.4782608695652174 0.23411371237458195 0.19063545150501673
6 0.5367892976588629 0.8076923076923077 0.24247491638795987 0.23745819397993312
6 0.27424749163879597 0.8846153846153846 0.25418060200668896 0.22909698996655517
6 0.7625418060200669 0.7591973244147158 0.26421404682274247 0.22909698996655517