6 0.048494983277591976 0.560200668896321 0.09698996655518395 0.225752508361204
6 0.07357859531772576 0.020066889632107024 0.14715719063545152 0.04013377926421405
6 0.9381270903010034 0.7290969899665551 0.12040133779264214 0.2157190635451505
5 0.7909698996655519 0.28929765886287623 0.09531772575250837 0.08862876254180602
0 0.5100334448160535 0.5719063545150501 0.431438127090301 0.44648829431438125
6 0.8963210702341137 0.6304347826086957 0.1956521739130435 0.21237458193979933
6 0.7424749163879598 0.15384615384615385 0.22073578595317725 0.225752508361204
6 0.09197324414715718 0.6187290969899666 0.18227424749163879 0.20234113712374582
6 0.7709030100334449 0.9230769230769231 0.23745819397993312 0.15384615384615385
6 0.22240802675585283 0.9297658862876255 0.205685618729097 0.14046822742474915
6 0.9214046822742475 0.2709030100334448 0.15384615384615385 0.26588628762541805
6 0.4816053511705686 0.24247491638795987 0.225752508361204 0.20903010033444816
6 0.43812709030100333 0.9080267558528428 0.225752508361204 0.18227424749163879
6 0.2709030100334448 0.12207357859531773 0.24749163879598662 0.23411371237458195
6 0.7474916387959866 0.4414715719063545 0.21739130434782608 0.21739130434782608
6 0.25752508361204013 0.7307692307692307 0.23076923076923078 0.21237458193979933
6 0.09698996655518395 0.28595317725752506 0.1939799331103679 0.24581939799331104