6 0.9765886287625418 0.8779264214046822 0.0451505016722408 0.225752508361204
6 0.6488294314381271 0.011705685618729096 0.1939799331103679 0.023411371237458192
3 0.6889632107023411 0.24247491638795987 0.43478260869565216 0.44648829431438125
0 0.49665551839464883 0.6471571906354515 0.5167224080267558 0.5083612040133779
6 0.9665551839464883 0.07190635451505016 0.06688963210702341 0.14381270903010032
6 0.49665551839464883 0.9331103678929766 0.23578595317725753 0.13210702341137123
5 0.44816053511705684 0.13210702341137123 0.07525083612040134 0.07190635451505016
6 0.3411371237458194 0.07859531772575251 0.24749163879598662 0.15551839464882944
6 0.3745819397993311 0.9698996655518395 0.23411371237458195 0.06020066889632107
6 0.05852842809364549 0.1588628762541806 0.11705685618729098 0.24581939799331104
6 0.06020066889632107 0.3795986622073579 0.12040133779264214 0.22408026755852842
6 0.07190635451505016 0.8963210702341137 0.14381270903010032 0.205685618729097
6 0.9163879598662207 0.39297658862876256 0.1605351170568562 0.23411371237458195
6 0.7090301003344481 0.8745819397993311 0.225752508361204 0.1956521739130435
6 0.12876254180602006 0.7006688963210702 0.22742474916387959 0.21237458193979933
6 0.34782608695652173 0.29431438127090304 0.225752508361204 0.22909698996655517
6 0.3010033444816054 0.8578595317725752 0.22073578595317725 0.1956521739130435
6 0.8712374581939799 0.6789297658862876 0.24581939799331104 0.205685618729097
6 0.1939799331103679 0.4882943143812709 0.21739130434782608 0.22909698996655517