6 0.9882943143812709 0.9264214046822743 0.021739130434782608 0.14715719063545152
6 0.023411371237458192 0.362876254180602 0.046822742474916385 0.1488294314381271
6 0.3695652173913043 0.02508361204013378 0.2508361204013378 0.05016722408026756
6 0.05351170568561873 0.9732441471571907 0.10702341137123746 0.05351170568561873
0 0.49665551839464883 0.49665551839464883 0.39464882943143814 0.4765886287625418
5 0.6454849498327759 0.06688963210702341 0.10367892976588629 0.10535117056856187
6 0.5551839464882943 0.1605351170568562 0.26588628762541805 0.20903010033444816
6 0.931438127090301 0.22073578595317725 0.13043478260869565 0.22073578595317725
6 0.882943143812709 0.39464882943143814 0.22240802675585283 0.20234113712374582
6 0.6956521739130435 0.28595317725752506 0.2140468227424749 0.205685618729097
6 0.6287625418060201 0.7290969899665551 0.20903010033444816 0.23411371237458195
6 0.8946488294314381 0.6036789297658863 0.20066889632107024 0.2157190635451505
6 0.8662207357859532 0.8311036789297659 0.2525083612040134 0.22909698996655517
6 0.12876254180602006 0.7709030100334449 0.23578595317725753 0.21906354515050167
6 0.35451505016722407 0.7709030100334449 0.22073578595317725 0.22909698996655517