6 0.9548494983277592 0.22909698996655517 0.08862876254180602 0.2959866220735786
6 0.9715719063545151 0.596989966555184 0.056856187290969896 0.23745819397993312
6 0.6956521739130435 0.9816053511705686 0.22073578595317725 0.03511705685618729
6 0.9080267558528428 0.9698996655518395 0.17725752508361203 0.06020066889632107
0 0.5033444816053512 0.49498327759197325 0.36789297658862874 0.5551839464882943
6 0.0451505016722408 0.677257525083612 0.08862876254180602 0.23745819397993312
5 0.6956521739130435 0.7725752508361204 0.07525083612040134 0.061872909698996656
6 0.46488294314381273 0.9615384615384616 0.2140468227424749 0.07692307692307693
6 0.9347826086956522 0.04180602006688963 0.1254180602006689 0.08361204013377926
5 0.1939799331103679 0.13879598662207357 0.07859531772575251 0.06856187290969899
6 0.3311036789297659 0.23076923076923078 0.26755852842809363 0.27591973244147155
6 0.7926421404682275 0.3712374581939799 0.24247491638795987 0.2157190635451505
6 0.11872909698996656 0.8478260869565217 0.23076923076923078 0.22073578595317725
6 0.07859531772575251 0.11371237458193979 0.15551839464882944 0.225752508361204
6 0.21739130434782608 0.6321070234113713 0.22073578595317725 0.205685618729097
6 0.8361204013377926 0.5668896321070234 0.21739130434782608 0.22073578595317725
6 0.560200668896321 0.862876254180602 0.2826086956521739 0.225752508361204
6 0.7558528428093646 0.12709030100334448 0.2826086956521739 0.2525083612040134