6 0.3210702341137124 0.03511705685618729 0.1588628762541806 0.05518394648829431
6 0.9882943143812709 0.45819397993311034 0.021739130434782608 0.21237458193979933
6 0.023411371237458192 0.7692307692307693 0.046822742474916385 0.2157190635451505
6 0.5033444816053512 0.016722408026755852 0.17224080267558528 0.033444816053511704
5 0.36454849498327757 0.048494983277591976 0.05518394648829431 0.06020066889632107
6 0.29264214046822745 0.020066889632107024 0.22073578595317725 0.038461538461538464
6 0.9581939799331104 0.07190635451505016 0.08361204013377926 0.14214046822742474
6 0.3060200668896321 0.882943143812709 0.1956521739130435 0.19063545150501673
5 0.540133779264214 0.09197324414715718 0.08528428093645485 0.0802675585284281
0 0.5033444816053512 0.5033444816053512 0.3528428093645485 0.36454849498327757
6 0.31438127090301005 0.9464882943143813 0.22240802675585283 0.10702341137123746
5 0.1956521739130435 0.10702341137123746 0.0802675585284281 0.07692307692307693
6 0.7207357859531772 0.06521739130434782 0.23076923076923078 0.13043478260869565
6 0.6822742474916388 0.32441471571906355 0.19732441471571907 0.19899665551839466
6 0.7842809364548495 0.8779264214046822 0.21739130434782608 0.24414715719063546
6 0.8929765886287625 0.3076923076923077 0.20903010033444816 0.23411371237458195
6 0.08862876254180602 0.15384615384615385 0.17725752508361203 0.24749163879598662
6 0.3093645484949833 0.6672240802675585 0.23411371237458195 0.20903010033444816
6 0.3110367892976589 0.3076923076923077 0.22240802675585283 0.20234113712374582