6 0.568561872909699 0.13043478260869565 0.28595317725752506 0.2591973244147157
6 0.048494983277591976 0.028428093645484948 0.09698996655518395 0.056856187290969896
6 0.1939799331103679 0.020066889632107024 0.2157190635451505 0.04013377926421405
6 0.9515050167224081 0.07190635451505016 0.09698996655518395 0.14381270903010032
6 0.40301003344481606 0.02508361204013378 0.23076923076923078 0.05016722408026756
6 0.06020066889632107 0.33444816053511706 0.12040133779264214 0.28762541806020064
5 0.4013377926421405 0.19732441471571907 0.08528428093645485 0.08528428093645485
0 0.4983277591973244 0.49665551839464883 0.459866220735786 0.46321070234113715
6 0.9280936454849499 0.9080267558528428 0.13879598662207357 0.18227424749163879
6 0.26588628762541805 0.18896321070234115 0.23411371237458195 0.2993311036789298
6 0.7725752508361204 0.5785953177257525 0.24581939799331104 0.26588628762541805
6 0.12374581939799331 0.6956521739130435 0.23578595317725753 0.22408026755852842
6 0.5468227424749164 0.794314381270903 0.23578595317725753 0.2157190635451505
6 0.19063545150501673 0.45484949832775917 0.2525083612040134 0.2525083612040134
6 0.7508361204013378 0.3093645484949833 0.20735785953177258 0.24247491638795987