6 0.02508361204013378 0.862876254180602 0.05016722408026756 0.21237458193979933
6 0.9882943143812709 0.23578595317725753 0.021739130434782608 0.22909698996655517
6 0.026755852842809364 0.33277591973244147 0.05351170568561873 0.20234113712374582
6 0.046822742474916385 0.11872909698996656 0.09197324414715718 0.23745819397993312
5 0.08528428093645485 0.3193979933110368 0.07859531772575251 0.06688963210702341
0 0.6538461538461539 0.5434782608695652 0.4414715719063545 0.41471571906354515
6 0.08862876254180602 0.8478260869565217 0.17725752508361203 0.22408026755852842
6 0.24581939799331104 0.9464882943143813 0.27759197324414714 0.10702341137123746
6 0.4397993311036789 0.6956521739130435 0.20903010033444816 0.2508361204013378
4 0.19899665551839466 0.568561872909699 0.3963210702341137 0.46488294314381273
6 0.15719063545150502 0.04180602006688963 0.24749163879598662 0.08361204013377926
6 0.8662207357859532 0.048494983277591976 0.2608695652173913 0.09698996655518395
6 0.8795986622073578 0.8896321070234113 0.23411371237458195 0.22073578595317725
6 0.391304347826087 0.8511705685618729 0.2525083612040134 0.2525083612040134
6 0.8662207357859532 0.705685618729097 0.26421404682274247 0.22408026755852842
6 0.24247491638795987 0.23745819397993312 0.27424749163879597 0.2709030100334448
6 0.8578595317725752 0.2157190635451505 0.25418060200668896 0.23411371237458195