5 0.07190635451505016 0.43478260869565216 0.1254180602006689 0.12207357859531773
6 0.04013377926421405 0.8561872909698997 0.0802675585284281 0.26755852842809363
0 0.5033444816053512 0.49665551839464883 0.4214046822742475 0.4180602006688963
6 0.6789297658862876 0.9381270903010034 0.2140468227424749 0.12374581939799331
6 0.9431438127090301 0.7759197324414716 0.11371237458193979 0.23745819397993312
6 0.10702341137123746 0.3695652173913043 0.2140468227424749 0.26588628762541805
6 0.4882943143812709 0.06354515050167224 0.24581939799331104 0.12709030100334448
6 0.9331103678929766 0.12374581939799331 0.13377926421404682 0.23076923076923078
6 0.3210702341137124 0.9130434782608695 0.27424749163879597 0.17391304347826086
6 0.40301003344481606 0.7441471571906354 0.26755852842809363 0.24749163879598662
6 0.16555183946488294 0.07692307692307693 0.24414715719063546 0.15384615384615385
6 0.16220735785953178 0.7090301003344481 0.23076923076923078 0.25585284280936454
6 0.6889632107023411 0.7591973244147158 0.2391304347826087 0.22909698996655517
6 0.8712374581939799 0.5367892976588629 0.2525083612040134 0.2525083612040134
6 0.717391304347826 0.11204013377926421 0.2525083612040134 0.22408026755852842