6 0.9648829431438127 0.49498327759197325 0.06688963210702341 0.2391304347826087
0 0.5033444816053512 0.5016722408026756 0.4280936454849498 0.45819397993311034
6 0.3193979933110368 0.043478260869565216 0.23411371237458195 0.08695652173913043
6 0.05016722408026756 0.8311036789297659 0.10033444816053512 0.22408026755852842
6 0.8160535117056856 0.9615384615384616 0.22742474916387959 0.07692307692307693
5 0.802675585284281 0.754180602006689 0.07190635451505016 0.07190635451505016
6 0.2491638795986622 0.2525083612040134 0.23076923076923078 0.21237458193979933
6 0.15217391304347827 0.9414715719063546 0.23578595317725753 0.11538461538461539
6 0.06856187290969899 0.19899665551839466 0.1354515050167224 0.225752508361204
6 0.9247491638795987 0.10367892976588629 0.1454849498327759 0.205685618729097
6 0.794314381270903 0.3612040133779264 0.23411371237458195 0.2491638795986622
6 0.8076923076923077 0.4916387959866221 0.23578595317725753 0.1956521739130435
6 0.8996655518394648 0.8411371237458194 0.1956521739130435 0.1956521739130435
6 0.451505016722408 0.9214046822742475 0.22742474916387959 0.15719063545150502
6 0.21906354515050167 0.6036789297658863 0.21739130434782608 0.2040133779264214
6 0.7408026755852842 0.12374581939799331 0.23076923076923078 0.2157190635451505
6 0.28762541806020064 0.8060200668896321 0.2525083612040134 0.23411371237458195
6 0.6622073578595318 0.7140468227424749 0.22073578595317725 0.22408026755852842
6 0.11204013377926421 0.4230769230769231 0.22408026755852842 0.21739130434782608