6 0.13210702341137123 0.010033444816053512 0.22240802675585283 0.01839464882943144
6 0.030100334448160536 0.5836120401337793 0.06020066889632107 0.2040133779264214
6 0.026755852842809364 0.3612040133779264 0.05351170568561873 0.20903010033444816
6 0.44648829431438125 0.8344481605351171 0.22742474916387959 0.22073578595317725
6 0.21237458193979933 0.979933110367893 0.225752508361204 0.038461538461538464
6 0.046822742474916385 0.7357859531772575 0.09364548494983277 0.23411371237458195
5 0.5050167224080268 0.19899665551839466 0.08862876254180602 0.08361204013377926
6 0.6989966555183946 0.6454849498327759 0.24247491638795987 0.23411371237458195
6 0.5936454849498328 0.959866220735786 0.2508361204013378 0.0802675585284281
6 0.9080267558528428 0.9481605351170569 0.17725752508361203 0.10367892976588629
6 0.7341137123745819 0.8361204013377926 0.19230769230769232 0.21906354515050167
6 0.47157190635451507 0.07190635451505016 0.2608695652173913 0.14381270903010032
6 0.931438127090301 0.451505016722408 0.1354515050167224 0.2508361204013378
0 0.49498327759197325 0.5317725752508361 0.43478260869565216 0.3963210702341137
6 0.939799331103679 0.09531772575250837 0.11371237458193979 0.19063545150501673
6 0.5100334448160535 0.28595317725752506 0.27424749163879597 0.18394648829431437
6 0.07859531772575251 0.10702341137123746 0.15719063545150502 0.21237458193979933
6 0.16387959866220736 0.5936454849498328 0.21070234113712374 0.24581939799331104
6 0.8913043478260869 0.705685618729097 0.21070234113712374 0.23411371237458195
6 0.7675585284280937 0.3779264214046823 0.2140468227424749 0.24247491638795987
6 0.7692307692307693 0.13043478260869565 0.24581939799331104 0.2408026755852843