6 0.021739130434782608 0.08862876254180602 0.04180602006688963 0.17725752508361203
6 0.10702341137123746 0.9832775919732442 0.2140468227424749 0.033444816053511704
5 0.41471571906354515 0.6923076923076923 0.07859531772575251 0.06856187290969899
0 0.5016722408026756 0.49665551839464883 0.3963210702341137 0.39297658862876256
6 0.8461538461538461 0.9548494983277592 0.2608695652173913 0.0903010033444816
6 0.4899665551839465 0.06856187290969899 0.24247491638795987 0.13712374581939799
6 0.9063545150501672 0.08361204013377926 0.17391304347826086 0.16722408026755853
6 0.9013377926421404 0.794314381270903 0.19230769230769232 0.24247491638795987
6 0.8812709030100334 0.2976588628762542 0.23076923076923078 0.2040133779264214
6 0.2157190635451505 0.842809364548495 0.2508361204013378 0.23076923076923078
6 0.4882943143812709 0.2391304347826087 0.2525083612040134 0.19899665551839466
6 0.7625418060200669 0.4280936454849498 0.23578595317725753 0.24581939799331104
6 0.3010033444816054 0.11872909698996656 0.23076923076923078 0.23745819397993312
6 0.6070234113712375 0.774247491638796 0.24247491638795987 0.23076923076923078
6 0.2157190635451505 0.6103678929765887 0.24749163879598662 0.22909698996655517
6 0.2591973244147157 0.38461538461538464 0.22742474916387959 0.23411371237458195
6 0.9113712374581939 0.5518394648829431 0.17224080267558528 0.2508361204013378