6 0.023411371237458192 0.9632107023411371 0.046822742474916385 0.07357859531772576
6 0.1939799331103679 0.06354515050167224 0.23244147157190637 0.12709030100334448
5 0.40635451505016723 0.1254180602006689 0.14214046822742474 0.14046822742474915
6 0.1020066889632107 0.09364548494983277 0.20234113712374582 0.18729096989966554
5 0.3193979933110368 0.10033444816053512 0.06020066889632107 0.061872909698996656
6 0.6806020066889632 0.02508361204013378 0.23745819397993312 0.05016722408026756
5 0.21237458193979933 0.18561872909698995 0.06020066889632107 0.05852842809364549
5 0.05518394648829431 0.5568561872909699 0.08361204013377926 0.07859531772575251
0 0.5100334448160535 0.5033444816053512 0.391304347826087 0.45484949832775917
6 0.13879598662207357 0.31605351170568563 0.25585284280936454 0.22408026755852842
6 0.7140468227424749 0.9632107023411371 0.22408026755852842 0.07357859531772576
6 0.21906354515050167 0.5953177257525084 0.23411371237458195 0.23745819397993312
6 0.8327759197324415 0.7993311036789298 0.23076923076923078 0.22073578595317725
6 0.7809364548494984 0.40468227424749165 0.25418060200668896 0.2157190635451505
6 0.8411371237458194 0.15384615384615385 0.2508361204013378 0.2591973244147157
6 0.13879598662207357 0.8645484949832776 0.25585284280936454 0.225752508361204
6 0.5317725752508361 0.81438127090301 0.2525083612040134 0.22408026755852842