6 0.9581939799331104 0.20234113712374582 0.07859531772575251 0.2625418060200669
5 0.5267558528428093 0.05518394648829431 0.08528428093645485 0.09364548494983277
6 0.6287625418060201 0.9782608695652174 0.2391304347826087 0.043478260869565216
5 0.11705685618729098 0.4331103678929766 0.06688963210702341 0.07190635451505016
0 0.5050167224080268 0.5083612040133779 0.411371237458194 0.4498327759197324
6 0.05518394648829431 0.3210702341137124 0.11036789297658862 0.21906354515050167
6 0.08193979933110368 0.9414715719063546 0.16387959866220736 0.11538461538461539
6 0.7558528428093646 0.043478260869565216 0.2391304347826087 0.08528428093645485
6 0.22909698996655517 0.5986622073578596 0.23578595317725753 0.22909698996655517
6 0.07190635451505016 0.6939799331103679 0.14214046822742474 0.23076923076923078
6 0.7876254180602007 0.19899665551839466 0.23578595317725753 0.2157190635451505
6 0.7842809364548495 0.903010033444816 0.20066889632107024 0.19063545150501673
6 0.10702341137123746 0.08695652173913043 0.2140468227424749 0.17391304347826086
6 0.8896321070234113 0.5484949832775919 0.21739130434782608 0.21906354515050167
6 0.5836120401337793 0.822742474916388 0.225752508361204 0.225752508361204
6 0.7525083612040134 0.3595317725752508 0.23411371237458195 0.21906354515050167
6 0.26421404682274247 0.22408026755852842 0.22742474916387959 0.21237458193979933