6 0.34448160535117056 0.06020066889632107 0.22240802675585283 0.11872909698996656
6 0.9682274247491639 0.5016722408026756 0.06354515050167224 0.25752508361204013
6 0.9732441471571907 0.7709030100334449 0.05351170568561873 0.22909698996655517
6 0.9515050167224081 0.046822742474916385 0.09197324414715718 0.09364548494983277
6 0.9581939799331104 0.21906354515050167 0.08361204013377926 0.26421404682274247
0 0.5033444816053512 0.5033444816053512 0.48494983277591974 0.46321070234113715
6 0.6521739130434783 0.7491638795986622 0.23578595317725753 0.2157190635451505
6 0.45819397993311034 0.026755852842809364 0.22742474916387959 0.05351170568561873
5 0.3093645484949833 0.9515050167224081 0.06688963210702341 0.06856187290969899
6 0.046822742474916385 0.06856187290969899 0.09197324414715718 0.13712374581939799
6 0.19063545150501673 0.9548494983277592 0.2508361204013378 0.0903010033444816
6 0.05351170568561873 0.8662207357859532 0.10702341137123746 0.205685618729097
6 0.7040133779264214 0.3528428093645485 0.24749163879598662 0.26588628762541805
6 0.7324414715719063 0.9230769230769231 0.25418060200668896 0.15384615384615385
6 0.7240802675585284 0.06020066889632107 0.23076923076923078 0.12040133779264214
6 0.22073578595317725 0.3896321070234114 0.2140468227424749 0.21906354515050167
6 0.8193979933110368 0.1939799331103679 0.21070234113712374 0.20234113712374582
6 0.46488294314381273 0.8846153846153846 0.24749163879598662 0.23076923076923078
6 0.8244147157190636 0.5819397993311036 0.2508361204013378 0.23076923076923078
6 0.40301003344481606 0.22408026755852842 0.23244147157190637 0.23076923076923078
6 0.1488294314381271 0.17224080267558528 0.23076923076923078 0.2408026755852843
6 0.13210702341137123 0.6956521739130435 0.24749163879598662 0.22909698996655517
6 0.06521739130434782 0.4882943143812709 0.13043478260869565 0.2408026755852843