5 0.882943143812709 0.8478260869565217 0.10702341137123746 0.08862876254180602
6 0.5100334448160535 0.011705685618729096 0.24749163879598662 0.021739130434782608
5 0.8795986622073578 0.5100334448160535 0.05351170568561873 0.056856187290969896
6 0.021739130434782608 0.8394648829431438 0.04180602006688963 0.22909698996655517
5 0.12709030100334448 0.17224080267558528 0.09698996655518395 0.0903010033444816
6 0.8494983277591973 0.9782608695652174 0.25585284280936454 0.043478260869565216
5 0.9581939799331104 0.44648829431438125 0.06020066889632107 0.07190635451505016
6 0.7976588628762542 0.17725752508361203 0.205685618729097 0.2040133779264214
0 0.4866220735785953 0.5133779264214047 0.5284280936454849 0.4397993311036789
6 0.7842809364548495 0.04013377926421405 0.2976588628762542 0.0802675585284281
6 0.9481605351170569 0.1588628762541806 0.10367892976588629 0.23411371237458195
6 0.2826086956521739 0.26588628762541805 0.19732441471571907 0.21906354515050167
6 0.6939799331103679 0.19063545150501673 0.16722408026755853 0.2040133779264214
6 0.10869565217391304 0.34615384615384615 0.21739130434782608 0.2525083612040134
6 0.6120401337792643 0.9080267558528428 0.23578595317725753 0.18227424749163879
6 0.13043478260869565 0.5819397993311036 0.2608695652173913 0.20234113712374582
6 0.2842809364548495 0.7474916387959866 0.2591973244147157 0.25585284280936454
5 0.31605351170568563 0.4280936454849498 0.13210702341137123 0.13712374581939799