6 0.9866220735785953 0.2608695652173913 0.026755852842809364 0.2140468227424749
6 0.9698996655518395 0.7324414715719063 0.06020066889632107 0.20903010033444816
6 0.09698996655518395 0.03511705685618729 0.1939799331103679 0.06856187290969899
6 0.033444816053511704 0.23076923076923078 0.06688963210702341 0.2976588628762542
0 0.5033444816053512 0.49665551839464883 0.36789297658862874 0.38127090301003347
6 0.07190635451505016 0.9498327759197325 0.14381270903010032 0.10033444816053512
5 0.39297658862876256 0.14046822742474915 0.08193979933110368 0.07190635451505016
6 0.34615384615384615 0.043478260869565216 0.23578595317725753 0.08528428093645485
6 0.8193979933110368 0.03678929765886288 0.27424749163879597 0.07357859531772576
6 0.056856187290969896 0.5367892976588629 0.11371237458193979 0.2525083612040134
6 0.4013377926421405 0.2525083612040134 0.2709030100334448 0.17892976588628762
6 0.6638795986622074 0.8996655518394648 0.22408026755852842 0.20066889632107024
6 0.2725752508361204 0.9080267558528428 0.2508361204013378 0.18394648829431437
6 0.18896321070234115 0.6889632107023411 0.22240802675585283 0.2525083612040134
6 0.8294314381270903 0.30267558528428096 0.24247491638795987 0.22073578595317725
6 0.8979933110367893 0.8846153846153846 0.19230769230769232 0.23076923076923078
6 0.8695652173913043 0.5903010033444817 0.2508361204013378 0.22909698996655517
6 0.2140468227424749 0.47157190635451507 0.22240802675585283 0.2040133779264214
6 0.6103678929765887 0.10869565217391304 0.24581939799331104 0.21739130434782608
6 0.3979933110367893 0.7625418060200669 0.23076923076923078 0.21906354515050167