6 0.03177257525083612 0.10702341137123746 0.06354515050167224 0.2140468227424749
5 0.7625418060200669 0.5234113712374582 0.11371237458193979 0.11538461538461539
6 0.043478260869565216 0.697324414715719 0.08528428093645485 0.2709030100334448
0 0.49331103678929766 0.5016722408026756 0.4816053511705686 0.479933110367893
6 0.6287625418060201 0.046822742474916385 0.2591973244147157 0.09364548494983277
6 0.9163879598662207 0.07357859531772576 0.1605351170568562 0.14715719063545152
6 0.3879598662207358 0.9247491638795987 0.22073578595317725 0.1505016722408027
6 0.061872909698996656 0.9214046822742475 0.12374581939799331 0.15719063545150502
6 0.8963210702341137 0.4397993311036789 0.1956521739130435 0.22408026755852842
6 0.16220735785953178 0.07023411371237458 0.20903010033444816 0.14046822742474915
6 0.580267558528428 0.22742474916387959 0.22742474916387959 0.18394648829431437
6 0.3210702341137124 0.24247491638795987 0.24749163879598662 0.22073578595317725
6 0.7909698996655519 0.6638795986622074 0.26421404682274247 0.2040133779264214
6 0.1806020066889632 0.5484949832775919 0.18394648829431437 0.205685618729097
6 0.580267558528428 0.822742474916388 0.25585284280936454 0.22408026755852842
6 0.25418060200668896 0.7625418060200669 0.2525083612040134 0.22909698996655517