5 0.6622073578595318 0.7307692307692307 0.03511705685618729 0.04180602006688963
6 0.9882943143812709 0.7123745819397993 0.021739130434782608 0.21906354515050167
6 0.013377926421404682 0.051839464882943144 0.026755852842809364 0.10367892976588629
6 0.6053511705685619 0.013377926421404682 0.20735785953177258 0.026755852842809364
6 0.13210702341137123 0.011705685618729096 0.23076923076923078 0.023411371237458192
0 0.4983277591973244 0.4983277591973244 0.40301003344481606 0.3963210702341137
6 0.9565217391304348 0.043478260869565216 0.08528428093645485 0.08528428093645485
6 0.3695652173913043 0.028428093645484948 0.21070234113712374 0.056856187290969896
6 0.03177257525083612 0.6153846153846154 0.06354515050167224 0.2508361204013378
6 0.051839464882943144 0.22408026755852842 0.10367892976588629 0.23411371237458195
6 0.919732441471572 0.8461538461538461 0.1588628762541806 0.18394648829431437
6 0.9280936454849499 0.2491638795986622 0.13879598662207357 0.2408026755852843
6 0.6688963210702341 0.08361204013377926 0.22742474916387959 0.16722408026755853
6 0.12709030100334448 0.4414715719063545 0.23578595317725753 0.24581939799331104
6 0.7842809364548495 0.637123745819398 0.28929765886287623 0.24581939799331104
6 0.18729096989966554 0.6822742474916388 0.22073578595317725 0.22073578595317725
6 0.12709030100334448 0.8979933110367893 0.2525083612040134 0.2040133779264214
6 0.44648829431438125 0.13712374581939799 0.23076923076923078 0.19899665551839466
6 0.7190635451505016 0.882943143812709 0.25585284280936454 0.22909698996655517
6 0.21237458193979933 0.17391304347826086 0.23578595317725753 0.23076923076923078
6 0.46488294314381273 0.8678929765886287 0.24581939799331104 0.22073578595317725