6 0.020066889632107024 0.24581939799331104 0.038461538461538464 0.1939799331103679
5 0.7892976588628763 0.9548494983277592 0.10702341137123746 0.08862876254180602
6 0.6204013377926422 0.03177257525083612 0.26421404682274247 0.061872909698996656
6 0.05016722408026756 0.46153846153846156 0.10033444816053512 0.21237458193979933
6 0.9448160535117057 0.9214046822742475 0.10367892976588629 0.15719063545150502
6 0.29264214046822745 0.9565217391304348 0.20903010033444816 0.08528428093645485
6 0.1020066889632107 0.637123745819398 0.20234113712374582 0.22408026755852842
6 0.5434782608695652 0.19230769230769232 0.24749163879598662 0.225752508361204
0 0.5033444816053512 0.540133779264214 0.46153846153846156 0.4180602006688963
6 0.43478260869565216 0.05852842809364549 0.1806020066889632 0.11538461538461539
6 0.2959866220735786 0.3779264214046823 0.23076923076923078 0.18227424749163879
6 0.7608695652173914 0.1688963210702341 0.2391304347826087 0.22909698996655517
6 0.08193979933110368 0.08695652173913043 0.16387959866220736 0.17391304347826086
6 0.9230769230769231 0.13377926421404682 0.14715719063545152 0.23411371237458195
6 0.8210702341137124 0.5066889632107023 0.2725752508361204 0.20903010033444816
6 0.8779264214046822 0.7424749163879598 0.23411371237458195 0.2408026755852843
6 0.11872909698996656 0.8678929765886287 0.23411371237458195 0.2157190635451505
6 0.21906354515050167 0.5501672240802675 0.225752508361204 0.25585284280936454
5 0.2709030100334448 0.7775919732441472 0.07859531772575251 0.08695652173913043