6 0.011705685618729096 0.7709030100334449 0.021739130434782608 0.20903010033444816
6 0.6538461538461539 0.9899665551839465 0.19063545150501673 0.020066889632107024
6 0.056856187290969896 0.3277591973244147 0.11371237458193979 0.2040133779264214
6 0.9632107023411371 0.3294314381270903 0.07023411371237458 0.24581939799331104
6 0.9648829431438127 0.8093645484949833 0.07023411371237458 0.24247491638795987
6 0.9548494983277592 0.051839464882943144 0.08361204013377926 0.10367892976588629
6 0.051839464882943144 0.4782608695652174 0.10367892976588629 0.22909698996655517
6 0.2591973244147157 0.9581939799331104 0.23411371237458195 0.08361204013377926
6 0.3210702341137124 0.9096989966555183 0.20903010033444816 0.17391304347826086
6 0.20234113712374582 0.05016722408026756 0.23745819397993312 0.10033444816053512
0 0.49665551839464883 0.5167224080267558 0.4197324414715719 0.4280936454849498
6 0.8862876254180602 0.9548494983277592 0.2140468227424749 0.08862876254180602
6 0.07859531772575251 0.9180602006688964 0.15719063545150502 0.16220735785953178
6 0.8060200668896321 0.5033444816053512 0.23411371237458195 0.22408026755852842
6 0.1020066889632107 0.14715719063545152 0.20234113712374582 0.21237458193979933
6 0.12040133779264214 0.6555183946488294 0.23578595317725753 0.23745819397993312
6 0.40301003344481606 0.08361204013377926 0.21739130434782608 0.16722408026755853
6 0.6739130434782609 0.7709030100334449 0.2140468227424749 0.2625418060200669
6 0.8394648829431438 0.09866220735785954 0.22742474916387959 0.19732441471571907
6 0.5886287625418061 0.15217391304347827 0.22742474916387959 0.23076923076923078
6 0.8662207357859532 0.677257525083612 0.2157190635451505 0.21237458193979933
6 0.27424749163879597 0.2725752508361204 0.21739130434782608 0.23076923076923078
6 0.7558528428093646 0.27759197324414714 0.22742474916387959 0.2040133779264214
6 0.3411371237458194 0.7123745819397993 0.23244147157190637 0.22909698996655517
5 0.16220735785953178 0.6020066889632107 0.0903010033444816 0.09197324414715718