6 0.9899665551839465 0.68561872909699 0.020066889632107024 0.2040133779264214
5 0.44481605351170567 0.011705685618729096 0.10702341137123746 0.023411371237458192
6 0.016722408026755852 0.43478260869565216 0.033444816053511704 0.22073578595317725
6 0.6304347826086957 0.24414715719063546 0.23411371237458195 0.23411371237458195
0 0.49498327759197325 0.5133779264214047 0.4214046822742475 0.4431438127090301
6 0.056856187290969896 0.13712374581939799 0.11371237458193979 0.2591973244147157
6 0.8762541806020067 0.07692307692307693 0.24749163879598662 0.15384615384615385
6 0.25585284280936454 0.40468227424749165 0.23411371237458195 0.2408026755852843
6 0.8913043478260869 0.7809364548494984 0.2140468227424749 0.22408026755852842
6 0.7842809364548495 0.9113712374581939 0.27759197324414714 0.17725752508361203
6 0.9163879598662207 0.5284280936454849 0.1605351170568562 0.2525083612040134
6 0.3595317725752508 0.9063545150501672 0.26421404682274247 0.18729096989966554
6 0.5785953177257525 0.8193979933110368 0.22240802675585283 0.205685618729097
6 0.8093645484949833 0.27759197324414714 0.28595317725752506 0.2809364548494983
6 0.22240802675585283 0.18729096989966554 0.23244147157190637 0.23076923076923078
6 0.7508361204013378 0.5869565217391305 0.2140468227424749 0.24247491638795987
6 0.1454849498327759 0.617056856187291 0.2525083612040134 0.20903010033444816