6 0.25585284280936454 0.4698996655518395 0.18896321070234115 0.21237458193979933
6 0.8060200668896321 0.560200668896321 0.22240802675585283 0.2709030100334448
6 0.9581939799331104 0.802675585284281 0.07859531772575251 0.22408026755852842
5 0.9782608695652174 0.43812709030100333 0.04180602006688963 0.08361204013377926
6 0.056856187290969896 0.19063545150501673 0.11371237458193979 0.25585284280936454
6 0.479933110367893 0.03511705685618729 0.23411371237458195 0.06856187290969899
0 0.49665551839464883 0.5117056856187291 0.3712374581939799 0.4214046822742475
6 0.8662207357859532 0.6270903010033445 0.19230769230769232 0.19063545150501673
6 0.3394648829431438 0.2959866220735786 0.205685618729097 0.22909698996655517
6 0.20735785953177258 0.9347826086956522 0.26421404682274247 0.13043478260869565
6 0.8678929765886287 0.06521739130434782 0.2591973244147157 0.13043478260869565
6 0.10702341137123746 0.5953177257525084 0.2140468227424749 0.24581939799331104
6 0.13210702341137123 0.3695652173913043 0.23578595317725753 0.2157190635451505
6 0.7892976588628763 0.822742474916388 0.2608695652173913 0.23076923076923078
6 0.15551839464882944 0.12040133779264214 0.23411371237458195 0.2408026755852843