6 0.8762541806020067 0.011705685618729096 0.24749163879598662 0.023411371237458192
6 0.28762541806020064 0.9414715719063546 0.27424749163879597 0.11538461538461539
6 0.9531772575250836 0.9431438127090301 0.0903010033444816 0.11371237458193979
6 0.5551839464882943 0.05016722408026756 0.3879598662207358 0.10033444816053512
6 0.046822742474916385 0.6923076923076923 0.09364548494983277 0.3060200668896321
6 0.1254180602006689 0.9782608695652174 0.23578595317725753 0.04180602006688963
6 0.6137123745819398 0.9832775919732442 0.25585284280936454 0.033444816053511704
6 0.10367892976588629 0.4782608695652174 0.205685618729097 0.24581939799331104
6 0.959866220735786 0.5836120401337793 0.0802675585284281 0.27759197324414714
5 0.4498327759197324 0.15384615384615385 0.08361204013377926 0.08862876254180602
5 0.8561872909698997 0.7374581939799331 0.07190635451505016 0.06688963210702341
6 0.8812709030100334 0.23745819397993312 0.23411371237458195 0.28762541806020064
5 0.479933110367893 0.2157190635451505 0.06020066889632107 0.05852842809364549
0 0.5618729096989966 0.5367892976588629 0.3695652173913043 0.40301003344481606
6 0.8327759197324415 0.3795986622073579 0.3060200668896321 0.2959866220735786
6 0.822742474916388 0.8762541806020067 0.3210702341137124 0.24749163879598662
6 0.2625418060200669 0.29431438127090304 0.3093645484949833 0.2959866220735786
6 0.225752508361204 0.6705685618729097 0.27424749163879597 0.27424749163879597
6 0.10367892976588629 0.11538461538461539 0.20735785953177258 0.23076923076923078
6 0.5551839464882943 0.8394648829431438 0.2725752508361204 0.23745819397993312
6 0.28595317725752506 0.802675585284281 0.25752508361204013 0.21906354515050167