6 0.6688963210702341 0.6923076923076923 0.2508361204013378 0.17892976588628762
6 0.9615384615384616 0.9230769230769231 0.07023411371237458 0.15384615384615385
6 0.717391304347826 0.9715719063545151 0.19063545150501673 0.056856187290969896
6 0.9632107023411371 0.5953177257525084 0.07023411371237458 0.2040133779264214
6 0.05518394648829431 0.030100334448160536 0.11036789297658862 0.06020066889632107
0 0.5033444816053512 0.5033444816053512 0.40635451505016723 0.3494983277591973
6 0.3695652173913043 0.8361204013377926 0.23411371237458195 0.1688963210702341
5 0.637123745819398 0.11872909698996656 0.08528428093645485 0.09866220735785954
6 0.1588628762541806 0.9648829431438127 0.2725752508361204 0.06856187290969899
6 0.3210702341137124 0.043478260869565216 0.18896321070234115 0.08528428093645485
6 0.7658862876254181 0.9130434782608695 0.2391304347826087 0.17391304347826086
6 0.06688963210702341 0.39297658862876256 0.13210702341137123 0.19230769230769232
6 0.1254180602006689 0.5618729096989966 0.1956521739130435 0.20234113712374582
6 0.0903010033444816 0.20066889632107024 0.1806020066889632 0.2625418060200669
6 0.2809364548494983 0.18227424749163879 0.21070234113712374 0.20234113712374582
6 0.5652173913043478 0.8963210702341137 0.2140468227424749 0.20234113712374582
6 0.48327759197324416 0.2508361204013378 0.2608695652173913 0.1806020066889632
6 0.8963210702341137 0.774247491638796 0.20066889632107024 0.24247491638795987
6 0.717391304347826 0.27759197324414714 0.24247491638795987 0.22073578595317725
6 0.26421404682274247 0.3762541806020067 0.23411371237458195 0.21739130434782608