6 0.011705685618729096 0.8311036789297659 0.021739130434782608 0.1956521739130435
6 0.048494983277591976 0.07525083612040134 0.09698996655518395 0.1505016722408027
6 0.9732441471571907 0.6806020066889632 0.05351170568561873 0.22073578595317725
6 0.6755852842809364 0.07190635451505016 0.205685618729097 0.14381270903010032
6 0.10033444816053512 0.9749163879598662 0.20066889632107024 0.05016722408026756
6 0.038461538461538464 0.6120401337792643 0.07692307692307693 0.2140468227424749
0 0.5050167224080268 0.5117056856187291 0.44481605351170567 0.42474916387959866
5 0.1939799331103679 0.1588628762541806 0.07190635451505016 0.07525083612040134
6 0.9180602006688964 0.27424749163879597 0.1588628762541806 0.2842809364548495
6 0.8812709030100334 0.9297658862876255 0.22742474916387959 0.14046822742474915
6 0.5083612040133779 0.7809364548494984 0.25418060200668896 0.1956521739130435
6 0.15217391304347827 0.3110367892976589 0.23076923076923078 0.17224080267558528
6 0.5083612040133779 0.13043478260869565 0.205685618729097 0.1939799331103679
6 0.862876254180602 0.754180602006689 0.21906354515050167 0.18729096989966554
6 0.28929765886287623 0.657190635451505 0.21739130434782608 0.25585284280936454
6 0.8678929765886287 0.5284280936454849 0.23578595317725753 0.2491638795986622