6 0.38127090301003347 0.010033444816053512 0.24749163879598662 0.01839464882943144
6 0.9581939799331104 0.9782608695652174 0.0802675585284281 0.04180602006688963
6 0.020066889632107024 0.38294314381270905 0.038461538461538464 0.24247491638795987
5 0.05852842809364549 0.6204013377926422 0.08361204013377926 0.06354515050167224
5 0.9732441471571907 0.5334448160535117 0.05351170568561873 0.0903010033444816
5 0.5367892976588629 0.2809364548494983 0.07023411371237458 0.06020066889632107
6 0.9046822742474916 0.033444816053511704 0.18394648829431437 0.06521739130434782
6 0.31605351170568563 0.2826086956521739 0.22742474916387959 0.2408026755852843
6 0.3093645484949833 0.939799331103679 0.22240802675585283 0.11872909698996656
0 0.5083612040133779 0.5033444816053512 0.4280936454849498 0.40468227424749165
6 0.8377926421404682 0.9147157190635451 0.23076923076923078 0.1705685618729097
6 0.17892976588628762 0.08695652173913043 0.24749163879598662 0.17391304347826086
6 0.10869565217391304 0.9163879598662207 0.21739130434782608 0.1605351170568562
6 0.49498327759197325 0.7959866220735786 0.2508361204013378 0.23745819397993312
6 0.16387959866220736 0.3076923076923077 0.24581939799331104 0.2408026755852843
6 0.8662207357859532 0.3996655518394649 0.22742474916387959 0.2157190635451505
6 0.9214046822742475 0.18896321070234115 0.15384615384615385 0.21906354515050167
6 0.7341137123745819 0.705685618729097 0.24581939799331104 0.2391304347826087
6 0.14214046822742474 0.7190635451505016 0.24247491638795987 0.22073578595317725
5 0.11872909698996656 0.9297658862876255 0.08528428093645485 0.08695652173913043
5 0.3311036789297659 0.3377926421404682 0.061872909698996656 0.06020066889632107