6 0.8043478260869565 0.9899665551839465 0.23578595317725753 0.020066889632107024
6 0.9765886287625418 0.520066889632107 0.0451505016722408 0.22408026755852842
6 0.9581939799331104 0.7575250836120402 0.07859531772575251 0.23745819397993312
5 0.903010033444816 0.44481605351170567 0.07190635451505016 0.07525083612040134
6 0.7006688963210702 0.033444816053511704 0.22909698996655517 0.06521739130434782
0 0.5050167224080268 0.5267558528428093 0.40635451505016723 0.4498327759197324
6 0.919732441471572 0.03678929765886288 0.15384615384615385 0.07357859531772576
6 0.061872909698996656 0.10702341137123746 0.12374581939799331 0.2140468227424749
6 0.6806020066889632 0.8461538461538461 0.27759197324414714 0.2508361204013378
6 0.225752508361204 0.5016722408026756 0.20234113712374582 0.23076923076923078
6 0.39297658862876256 0.8913043478260869 0.24414715719063546 0.21739130434782608
6 0.11204013377926421 0.9130434782608695 0.22408026755852842 0.17391304347826086
6 0.5852842809364549 0.14046822742474915 0.22240802675585283 0.23076923076923078
6 0.12876254180602006 0.29431438127090304 0.225752508361204 0.225752508361204
6 0.3528428093645485 0.1605351170568562 0.2391304347826087 0.2491638795986622
6 0.7508361204013378 0.3210702341137124 0.23076923076923078 0.2508361204013378
6 0.7892976588628763 0.5719063545150501 0.22742474916387959 0.23411371237458195