6 0.08193979933110368 0.11872909698996656 0.16387959866220736 0.23745819397993312
6 0.8729096989966555 0.03511705685618729 0.23076923076923078 0.06856187290969899
6 0.5819397993311036 0.10702341137123746 0.2709030100334448 0.1939799331103679
6 0.12876254180602006 0.9816053511705686 0.25752508361204013 0.03511705685618729
6 0.13377926421404682 0.08193979933110368 0.2391304347826087 0.16220735785953178
6 0.06020066889632107 0.8695652173913043 0.12040133779264214 0.2408026755852843
6 0.9414715719063546 0.15217391304347827 0.11705685618729098 0.2591973244147157
5 0.5652173913043478 0.9130434782608695 0.08528428093645485 0.0903010033444816
0 0.5 0.5167224080267558 0.38461538461538464 0.47157190635451507
6 0.8946488294314381 0.7909698996655519 0.205685618729097 0.27424749163879597
6 0.9180602006688964 0.4414715719063545 0.16387959866220736 0.23411371237458195
6 0.5869565217391305 0.21237458193979933 0.27424749163879597 0.22073578595317725
6 0.7157190635451505 0.919732441471572 0.2842809364548495 0.1605351170568562
6 0.745819397993311 0.6505016722408027 0.2709030100334448 0.26588628762541805
6 0.11204013377926421 0.5217391304347826 0.22408026755852842 0.27424749163879597
6 0.4765886287625418 0.08361204013377926 0.23745819397993312 0.16722408026755853