6 0.013377926421404682 0.8896321070234113 0.026755852842809364 0.20066889632107024
5 0.9832775919732442 0.18561872909698995 0.033444816053511704 0.07692307692307693
5 0.7575250836120402 0.9816053511705686 0.0903010033444816 0.03511705685618729
0 0.4983277591973244 0.5033444816053512 0.3595317725752508 0.5100334448160535
6 0.9046822742474916 0.9782608695652174 0.18394648829431437 0.043478260869565216
6 0.9698996655518395 0.6020066889632107 0.06020066889632107 0.24581939799331104
6 0.9364548494983278 0.05351170568561873 0.12709030100334448 0.10702341137123746
6 0.05351170568561873 0.41471571906354515 0.10702341137123746 0.27759197324414714
6 0.15217391304347827 0.2525083612040134 0.225752508361204 0.22742474916387959
6 0.06856187290969899 0.08361204013377926 0.13712374581939799 0.16722408026755853
6 0.13210702341137123 0.6906354515050167 0.23076923076923078 0.21906354515050167
6 0.6806020066889632 0.08361204013377926 0.21070234113712374 0.16722408026755853
6 0.8712374581939799 0.44816053511705684 0.2391304347826087 0.21906354515050167
6 0.596989966555184 0.9096989966555183 0.22742474916387959 0.17892976588628762
6 0.40301003344481606 0.842809364548495 0.22240802675585283 0.23076923076923078
6 0.7307692307692307 0.6872909698996655 0.22742474916387959 0.22408026755852842
6 0.3511705685618729 0.23745819397993312 0.20903010033444816 0.22909698996655517
6 0.23411371237458195 0.5016722408026756 0.23244147157190637 0.23745819397993312
6 0.7926421404682275 0.24581939799331104 0.225752508361204 0.225752508361204