6 0.12040133779264214 0.9882943143812709 0.19230769230769232 0.021739130434782608
5 0.15384615384615385 0.6454849498327759 0.056856187290969896 0.051839464882943144
6 0.9632107023411371 0.13377926421404682 0.07023411371237458 0.23411371237458195
6 0.9515050167224081 0.391304347826087 0.09197324414715718 0.2591973244147157
0 0.5033444816053512 0.49665551839464883 0.3896321070234114 0.4214046822742475
6 0.7274247491638796 0.6120401337792643 0.18394648829431437 0.19230769230769232
5 0.2909698996655518 0.25585284280936454 0.06354515050167224 0.06020066889632107
6 0.9046822742474916 0.5919732441471572 0.18561872909698995 0.23745819397993312
6 0.3076923076923077 0.959866220735786 0.20735785953177258 0.0802675585284281
5 0.1705685618729097 0.4816053511705686 0.06354515050167224 0.06020066889632107
6 0.7809364548494984 0.9548494983277592 0.2591973244147157 0.08862876254180602
6 0.8879598662207357 0.05016722408026756 0.21070234113712374 0.10033444816053512
6 0.1939799331103679 0.18394648829431437 0.18896321070234115 0.16555183946488294
6 0.22073578595317725 0.06020066889632107 0.2408026755852843 0.12040133779264214
6 0.2508361204013378 0.560200668896321 0.18561872909698995 0.225752508361204
6 0.06020066889632107 0.09364548494983277 0.12040133779264214 0.18729096989966554
6 0.5083612040133779 0.9280936454849499 0.21070234113712374 0.14381270903010032
6 0.07190635451505016 0.6889632107023411 0.14381270903010032 0.2408026755852843
6 0.4214046822742475 0.20066889632107024 0.22742474916387959 0.23411371237458195
6 0.6103678929765887 0.09866220735785954 0.21070234113712374 0.19732441471571907
6 0.1806020066889632 0.8595317725752508 0.22240802675585283 0.22073578595317725
6 0.5702341137123745 0.7642140468227425 0.2725752508361204 0.21906354515050167
6 0.8377926421404682 0.2625418060200669 0.225752508361204 0.22408026755852842
6 0.09866220735785954 0.36454849498327757 0.19732441471571907 0.2508361204013378
6 0.6454849498327759 0.26421404682274247 0.18729096989966554 0.20066889632107024
6 0.9214046822742475 0.7341137123745819 0.15551839464882944 0.22073578595317725