6 0.26421404682274247 0.013377926421404682 0.1939799331103679 0.026755852842809364
6 0.9180602006688964 0.6956521739130435 0.16387959866220736 0.22408026755852842
5 0.6622073578595318 0.016722408026755852 0.06020066889632107 0.033444816053511704
5 0.9280936454849499 0.1588628762541806 0.06020066889632107 0.06354515050167224
5 0.8294314381270903 0.15217391304347827 0.07023411371237458 0.07190635451505016
6 0.7207357859531772 0.9698996655518395 0.24414715719063546 0.06020066889632107
6 0.4498327759197324 0.030100334448160536 0.2508361204013378 0.06020066889632107
6 0.09531772575250837 0.40301003344481606 0.18896321070234115 0.26588628762541805
0 0.5033444816053512 0.5167224080267558 0.3996655518394649 0.4431438127090301
6 0.09197324414715718 0.1705685618729097 0.18227424749163879 0.22408026755852842
6 0.931438127090301 0.939799331103679 0.13043478260869565 0.11872909698996656
6 0.6789297658862876 0.17558528428093645 0.2709030100334448 0.24581939799331104
6 0.8929765886287625 0.7909698996655519 0.20234113712374582 0.2040133779264214
6 0.43645484949832775 0.9297658862876255 0.2391304347826087 0.14046822742474915
6 0.2625418060200669 0.3294314381270903 0.19230769230769232 0.26755852842809363
6 0.8929765886287625 0.47491638795986624 0.20903010033444816 0.22909698996655517
6 0.19063545150501673 0.8678929765886287 0.27424749163879597 0.225752508361204
6 0.4280936454849498 0.16722408026755853 0.23578595317725753 0.21906354515050167