6 0.13377926421404682 0.015050167224080268 0.25752508361204013 0.030100334448160536
6 0.06521739130434782 0.9247491638795987 0.13043478260869565 0.14046822742474915
6 0.11371237458193979 0.9732441471571907 0.22742474916387959 0.05351170568561873
6 0.9749163879598662 0.5635451505016722 0.05016722408026756 0.22240802675585283
6 0.01839464882943144 0.15217391304347827 0.03511705685618729 0.19063545150501673
5 0.8327759197324415 0.12709030100334448 0.08361204013377926 0.08193979933110368
0 0.5150501672240803 0.4983277591973244 0.46153846153846156 0.4882943143812709
6 0.13712374581939799 0.15384615384615385 0.25752508361204013 0.2909698996655518
6 0.6923076923076923 0.9096989966555183 0.23076923076923078 0.1806020066889632
6 0.3177257525083612 0.23745819397993312 0.26588628762541805 0.23076923076923078
6 0.12207357859531773 0.6454849498327759 0.24414715719063546 0.26588628762541805
6 0.8277591973244147 0.9046822742474916 0.2140468227424749 0.19063545150501673
6 0.8879598662207357 0.056856187290969896 0.21906354515050167 0.11371237458193979
6 0.7290969899665551 0.24749163879598662 0.2408026755852843 0.2391304347826087
6 0.43478260869565216 0.8929765886287625 0.2625418060200669 0.2140468227424749
6 0.20066889632107024 0.43478260869565216 0.25418060200668896 0.24749163879598662
6 0.7926421404682275 0.5618729096989966 0.27424749163879597 0.2625418060200669