6 0.9899665551839465 0.7408026755852842 0.020066889632107024 0.23745819397993312
6 0.9816053511705686 0.46153846153846156 0.03511705685618729 0.1956521739130435
6 0.0802675585284281 0.011705685618729096 0.1605351170568562 0.021739130434782608
6 0.011705685618729096 0.8695652173913043 0.023411371237458192 0.1806020066889632
4 0.5 0.5886287625418061 0.46153846153846156 0.3996655518394649
6 0.07525083612040134 0.06856187290969899 0.1505016722408027 0.13712374581939799
6 0.5535117056856187 0.020066889632107024 0.21906354515050167 0.04013377926421405
6 0.2993311036789298 0.10869565217391304 0.205685618729097 0.19063545150501673
6 0.9515050167224081 0.06856187290969899 0.09698996655518395 0.13712374581939799
6 0.4230769230769231 0.29431438127090304 0.2140468227424749 0.2040133779264214
6 0.5752508361204013 0.939799331103679 0.18394648829431437 0.11872909698996656
6 0.391304347826087 0.9364548494983278 0.1939799331103679 0.12709030100334448
6 0.7424749163879598 0.3762541806020067 0.16387959866220736 0.15719063545150502
6 0.1354515050167224 0.8193979933110368 0.16722408026755853 0.16220735785953178
6 0.8561872909698997 0.4782608695652174 0.17892976588628762 0.16220735785953178
6 0.8444816053511706 0.8979933110367893 0.2525083612040134 0.2040133779264214
6 0.2909698996655518 0.22909698996655517 0.20234113712374582 0.18394648829431437
6 0.8729096989966555 0.677257525083612 0.20903010033444816 0.21237458193979933
6 0.8612040133779264 0.20066889632107024 0.2157190635451505 0.21237458193979933
6 0.3110367892976589 0.4197324414715719 0.18227424749163879 0.1688963210702341
5 0.8444816053511706 0.8979933110367893 0.08193979933110368 0.09364548494983277