6 0.030100334448160536 0.9046822742474916 0.06020066889632107 0.17224080267558528
6 0.36622073578595316 0.9816053511705686 0.22073578595317725 0.03511705685618729
5 0.02508361204013378 0.08361204013377926 0.05016722408026756 0.1020066889632107
5 0.09531772575250837 0.5668896321070234 0.10367892976588629 0.09698996655518395
0 0.5033444816053512 0.5033444816053512 0.39297658862876256 0.4866220735785953
6 0.12040133779264214 0.9682274247491639 0.23578595317725753 0.06354515050167224
6 0.4214046822742475 0.0451505016722408 0.23578595317725753 0.0903010033444816
6 0.8879598662207357 0.046822742474916385 0.22073578595317725 0.09364548494983277
6 0.6939799331103679 0.2692307692307692 0.2391304347826087 0.23411371237458195
6 0.2157190635451505 0.0903010033444816 0.22742474916387959 0.17892976588628762
6 0.8327759197324415 0.2508361204013378 0.23411371237458195 0.2157190635451505
6 0.08193979933110368 0.22742474916387959 0.16387959866220736 0.2508361204013378
6 0.1806020066889632 0.431438127090301 0.23411371237458195 0.22909698996655517
6 0.8946488294314381 0.8662207357859532 0.205685618729097 0.205685618729097
6 0.22408026755852842 0.6739130434782609 0.225752508361204 0.205685618729097
6 0.7357859531772575 0.6638795986622074 0.23411371237458195 0.225752508361204
6 0.3076923076923077 0.8578595317725752 0.24247491638795987 0.21906354515050167
6 0.6354515050167224 0.8946488294314381 0.24581939799331104 0.20903010033444816
6 0.9080267558528428 0.46153846153846156 0.17892976588628762 0.22408026755852842