6 0.9548494983277592 0.9264214046822743 0.08862876254180602 0.14715719063545152
6 0.023411371237458192 0.4665551839464883 0.046822742474916385 0.20066889632107024
6 0.9581939799331104 0.39297658862876256 0.08361204013377926 0.24247491638795987
6 0.41304347826086957 0.013377926421404682 0.2709030100334448 0.026755852842809364
6 0.979933110367893 0.6287625418060201 0.038461538461538464 0.19899665551839466
6 0.9448160535117057 0.8210702341137124 0.10869565217391304 0.225752508361204
6 0.5836120401337793 0.9765886287625418 0.26421404682274247 0.046822742474916385
6 0.12040133779264214 0.9732441471571907 0.23578595317725753 0.05351170568561873
5 0.21237458193979933 0.33612040133779264 0.07023411371237458 0.06020066889632107
0 0.4916387959866221 0.5618729096989966 0.43478260869565216 0.4180602006688963
6 0.35785953177257523 0.9481605351170569 0.2608695652173913 0.10367892976588629
6 0.8076923076923077 0.959866220735786 0.23745819397993312 0.0802675585284281
6 0.8695652173913043 0.05016722408026756 0.25418060200668896 0.10033444816053512
6 0.12709030100334448 0.05852842809364549 0.2525083612040134 0.11538461538461539
6 0.6705685618729097 0.7892976588628763 0.20234113712374582 0.26755852842809363
6 0.09866220735785954 0.6555183946488294 0.19732441471571907 0.26588628762541805
6 0.7709030100334449 0.4331103678929766 0.2591973244147157 0.24581939799331104
6 0.8812709030100334 0.22742474916387959 0.23076923076923078 0.24581939799331104
6 0.8311036789297659 0.6688963210702341 0.25585284280936454 0.2709030100334448
6 0.4782608695652174 0.862876254180602 0.2909698996655518 0.24749163879598662
6 0.17892976588628762 0.46153846153846156 0.2608695652173913 0.22909698996655517
6 0.6839464882943144 0.13210702341137123 0.23411371237458195 0.23745819397993312
6 0.21237458193979933 0.8244147157190636 0.2809364548494983 0.27759197324414714
6 0.3595317725752508 0.2040133779264214 0.2809364548494983 0.2709030100334448
6 0.08361204013377926 0.25752508361204013 0.16722408026755853 0.2408026755852843