6 0.021739130434782608 0.39297658862876256 0.043478260869565216 0.21237458193979933
6 0.9715719063545151 0.8929765886287625 0.056856187290969896 0.21237458193979933
5 0.2792642140468227 0.7859531772575251 0.0802675585284281 0.08528428093645485
6 0.07692307692307693 0.9481605351170569 0.15384615384615385 0.10367892976588629
6 0.0451505016722408 0.17391304347826086 0.08862876254180602 0.2157190635451505
6 0.9297658862876255 0.18394648829431437 0.13879598662207357 0.23745819397993312
0 0.5033444816053512 0.5100334448160535 0.4782608695652174 0.4682274247491639
6 0.9364548494983278 0.5267558528428093 0.12709030100334448 0.23076923076923078
6 0.07023411371237458 0.038461538461538464 0.13879598662207357 0.07692307692307693
6 0.8461538461538461 0.8929765886287625 0.27759197324414714 0.21237458193979933
6 0.2725752508361204 0.3862876254180602 0.23411371237458195 0.23076923076923078
6 0.8745819397993311 0.06354515050167224 0.2391304347826087 0.12709030100334448
6 0.24247491638795987 0.6789297658862876 0.2809364548494983 0.18394648829431437
6 0.23244147157190637 0.9080267558528428 0.24414715719063546 0.18227424749163879
6 0.5250836120401338 0.21070234113712374 0.2608695652173913 0.21906354515050167
6 0.8377926421404682 0.6688963210702341 0.2809364548494983 0.2157190635451505
6 0.20903010033444816 0.18729096989966554 0.2508361204013378 0.225752508361204
6 0.07692307692307693 0.794314381270903 0.15384615384615385 0.24581939799331104
6 0.7642140468227425 0.26588628762541805 0.2508361204013378 0.27759197324414714