6 0.6806020066889632 0.07859531772575251 0.20066889632107024 0.15217391304347827
6 0.8779264214046822 0.6688963210702341 0.23411371237458195 0.2709030100334448
6 0.6304347826086957 0.023411371237458192 0.25585284280936454 0.046822742474916385
6 0.10535117056856187 0.033444816053511704 0.21070234113712374 0.06521739130434782
6 0.03678929765886288 0.4280936454849498 0.07357859531772576 0.25418060200668896
6 0.939799331103679 0.5953177257525084 0.11371237458193979 0.22073578595317725
5 0.7658862876254181 0.520066889632107 0.11705685618729098 0.1254180602006689
0 0.5033444816053512 0.4983277591973244 0.3779264214046823 0.3963210702341137
6 0.046822742474916385 0.16555183946488294 0.09364548494983277 0.20903010033444816
6 0.7591973244147158 0.9715719063545151 0.22073578595317725 0.056856187290969896
5 0.7508361204013378 0.7474916387959866 0.08528428093645485 0.08862876254180602
6 0.5819397993311036 0.903010033444816 0.24749163879598662 0.1939799331103679
6 0.6421404682274248 0.2625418060200669 0.225752508361204 0.23076923076923078
6 0.3076923076923077 0.939799331103679 0.24749163879598662 0.11872909698996656
6 0.5936454849498328 0.7876254180602007 0.24247491638795987 0.2157190635451505
6 0.7558528428093646 0.28595317725752506 0.21070234113712374 0.21237458193979933
6 0.23244147157190637 0.08528428093645485 0.24414715719063546 0.1705685618729097
6 0.10535117056856187 0.8896321070234113 0.21070234113712374 0.22073578595317725
6 0.14381270903010032 0.68561872909699 0.2391304347826087 0.2491638795986622
6 0.36622073578595316 0.7558528428093646 0.24247491638795987 0.22909698996655517
6 0.18896321070234115 0.47491638795986624 0.25585284280936454 0.22408026755852842
6 0.2408026755852843 0.2692307692307692 0.27424749163879597 0.21739130434782608
6 0.45652173913043476 0.13377926421404682 0.24247491638795987 0.24581939799331104
6 0.9214046822742475 0.33277591973244147 0.1505016722408027 0.23076923076923078