6 0.22408026755852842 0.9782608695652174 0.27424749163879597 0.04180602006688963
6 0.13377926421404682 0.05016722408026756 0.26755852842809363 0.10033444816053512
6 0.8678929765886287 0.015050167224080268 0.2408026755852843 0.030100334448160536
6 0.6354515050167224 0.8277591973244147 0.2157190635451505 0.22909698996655517
5 0.2976588628762542 0.4013377926421405 0.07525083612040134 0.07525083612040134
6 0.0451505016722408 0.17558528428093645 0.08862876254180602 0.23411371237458195
6 0.0451505016722408 0.8411371237458194 0.08862876254180602 0.23411371237458195
6 0.8678929765886287 0.939799331103679 0.14715719063545152 0.11872909698996656
6 0.6789297658862876 0.9632107023411371 0.2140468227424749 0.07357859531772576
6 0.6103678929765887 0.03511705685618729 0.22240802675585283 0.06856187290969899
0 0.5050167224080268 0.49498327759197325 0.41638795986622074 0.4331103678929766
6 0.939799331103679 0.7357859531772575 0.11705685618729098 0.2591973244147157
6 0.9280936454849499 0.28929765886287623 0.1354515050167224 0.225752508361204
6 0.7759197324414716 0.7107023411371237 0.20234113712374582 0.2040133779264214
6 0.8545150501672241 0.49665551839464883 0.22073578595317725 0.24247491638795987
6 0.061872909698996656 0.5418060200668896 0.12374581939799331 0.1939799331103679
6 0.1588628762541806 0.2625418060200669 0.2140468227424749 0.17391304347826086
6 0.3528428093645485 0.205685618729097 0.17892976588628762 0.22408026755852842
6 0.81438127090301 0.11204013377926421 0.21070234113712374 0.17391304347826086
6 0.7090301003344481 0.2842809364548495 0.24581939799331104 0.22073578595317725
6 0.21739130434782608 0.5836120401337793 0.19732441471571907 0.22073578595317725
6 0.4397993311036789 0.8060200668896321 0.17892976588628762 0.22909698996655517
6 0.23578595317725753 0.8177257525083612 0.22742474916387959 0.21237458193979933