6 0.9648829431438127 0.9682274247491639 0.06688963210702341 0.06354515050167224
5 0.15384615384615385 0.03511705685618729 0.07023411371237458 0.06020066889632107
2 0.9113712374581939 0.7608695652173914 0.17725752508361203 0.391304347826087
6 0.7709030100334449 0.011705685618729096 0.2709030100334448 0.023411371237458192
6 0.05016722408026756 0.013377926421404682 0.10033444816053512 0.026755852842809364
3 0.9096989966555183 0.7642140468227425 0.1806020066889632 0.411371237458194
5 0.12709030100334448 0.9698996655518395 0.08695652173913043 0.06020066889632107
0 0.5033444816053512 0.5033444816053512 0.34448160535117056 0.3695652173913043
6 0.051839464882943144 0.5234113712374582 0.10367892976588629 0.24247491638795987
6 0.7709030100334449 0.959866220735786 0.2040133779264214 0.0802675585284281
6 0.4280936454849498 0.14214046822742474 0.23578595317725753 0.27591973244147155
6 0.5317725752508361 0.9548494983277592 0.24247491638795987 0.0903010033444816
6 0.30434782608695654 0.07692307692307693 0.2408026755852843 0.15384615384615385
6 0.2491638795986622 0.697324414715719 0.2591973244147157 0.24749163879598662
6 0.29264214046822745 0.919732441471572 0.2408026755852843 0.1605351170568562
6 0.7290969899665551 0.3695652173913043 0.29264214046822745 0.26588628762541805
6 0.7391304347826086 0.794314381270903 0.21739130434782608 0.24581939799331104
6 0.6939799331103679 0.1254180602006689 0.3277591973244147 0.24581939799331104
6 0.23411371237458195 0.431438127090301 0.26421404682274247 0.2508361204013378
6 0.07692307692307693 0.2809364548494983 0.15384615384615385 0.2491638795986622
6 0.5083612040133779 0.782608695652174 0.29431438127090304 0.23076923076923078