0 0.49665551839464883 0.4665551839464883 0.44481605351170567 0.4698996655518395
6 0.03511705685618729 0.9264214046822743 0.06856187290969899 0.14715719063545152
6 0.5284280936454849 0.033444816053511704 0.20066889632107024 0.06521739130434782
6 0.03511705685618729 0.5752508361204013 0.06856187290969899 0.26588628762541805
6 0.2408026755852843 0.40635451505016723 0.22073578595317725 0.22909698996655517
5 0.05351170568561873 0.10033444816053512 0.09698996655518395 0.09698996655518395
6 0.6187290969899666 0.9481605351170569 0.23411371237458195 0.10367892976588629
6 0.5301003344481605 0.9096989966555183 0.22240802675585283 0.17892976588628762
6 0.9498327759197325 0.2809364548494983 0.09531772575250837 0.22073578595317725
6 0.9130434782608695 0.9682274247491639 0.1705685618729097 0.06354515050167224
6 0.939799331103679 0.49498327759197325 0.11705685618729098 0.22909698996655517
6 0.7508361204013378 0.06688963210702341 0.23578595317725753 0.13210702341137123
6 0.3862876254180602 0.7374581939799331 0.22240802675585283 0.24247491638795987
6 0.07357859531772576 0.35785953177257523 0.14715719063545152 0.20234113712374582
6 0.14214046822742474 0.7374581939799331 0.2508361204013378 0.1956521739130435
6 0.6471571906354515 0.7374581939799331 0.23411371237458195 0.2157190635451505
6 0.8578595317725752 0.8327759197324415 0.22240802675585283 0.205685618729097
6 0.20903010033444816 0.5301003344481605 0.20234113712374582 0.22408026755852842
6 0.43478260869565216 0.08695652173913043 0.2591973244147157 0.17391304347826086
6 0.9331103678929766 0.08361204013377926 0.12876254180602006 0.16555183946488294
6 0.7842809364548495 0.5668896321070234 0.21070234113712374 0.20234113712374582
6 0.7909698996655519 0.362876254180602 0.21739130434782608 0.205685618729097
6 0.21070234113712374 0.18227424749163879 0.24581939799331104 0.205685618729097