6 0.9882943143812709 0.919732441471572 0.021739130434782608 0.1605351170568562
6 0.020066889632107024 0.43645484949832775 0.038461538461538464 0.17391304347826086
6 0.41638795986622074 0.028428093645484948 0.17725752508361203 0.056856187290969896
0 0.5117056856187291 0.5083612040133779 0.4682274247491639 0.411371237458194
5 0.3896321070234114 0.7357859531772575 0.07190635451505016 0.06688963210702341
6 0.06020066889632107 0.6237458193979933 0.11872909698996656 0.20066889632107024
6 0.4197324414715719 0.22909698996655517 0.23411371237458195 0.2040133779264214
6 0.6688963210702341 0.8461538461538461 0.2157190635451505 0.21237458193979933
6 0.8963210702341137 0.27591973244147155 0.20066889632107024 0.22909698996655517
6 0.22909698996655517 0.6103678929765887 0.19732441471571907 0.21906354515050167
6 0.38294314381270905 0.8578595317725752 0.3210702341137124 0.22909698996655517
6 0.08695652173913043 0.17558528428093645 0.17391304347826086 0.22408026755852842
6 0.18394648829431437 0.3745819397993311 0.23411371237458195 0.225752508361204