6 0.27759197324414714 0.9882943143812709 0.2508361204013378 0.021739130434782608
6 0.9682274247491639 0.3511705685618729 0.06354515050167224 0.2625418060200669
6 0.9531772575250836 0.6939799331103679 0.08528428093645485 0.23745819397993312
6 0.5468227424749164 0.9782608695652174 0.2391304347826087 0.043478260869565216
6 0.24414715719063546 0.02508361204013378 0.2408026755852843 0.05016722408026756
0 0.49331103678929766 0.5 0.431438127090301 0.39297658862876256
6 0.6806020066889632 0.026755852842809364 0.22408026755852842 0.05351170568561873
5 0.24749163879598662 0.6822742474916388 0.10033444816053512 0.09866220735785954
6 0.7157190635451505 0.16722408026755853 0.27759197324414714 0.22073578595317725
6 0.07190635451505016 0.41638795986622074 0.14214046822742474 0.2508361204013378
6 0.7575250836120402 0.3377926421404682 0.23578595317725753 0.21237458193979933
6 0.11872909698996656 0.7759197324414716 0.23578595317725753 0.23076923076923078
6 0.7391304347826086 0.903010033444816 0.2508361204013378 0.1939799331103679
6 0.18394648829431437 0.19732441471571907 0.26755852842809363 0.27424749163879597
6 0.5869565217391305 0.7658862876254181 0.23076923076923078 0.2157190635451505
6 0.8578595317725752 0.5351170568561873 0.23076923076923078 0.2508361204013378