6 0.2792642140468227 0.9899665551839465 0.22240802675585283 0.020066889632107024
6 0.016722408026755852 0.07525083612040134 0.033444816053511704 0.1505016722408027
5 0.6454849498327759 0.7775919732441472 0.07023411371237458 0.05852842809364549
6 0.07692307692307693 0.8294314381270903 0.15384615384615385 0.23745819397993312
6 0.7474916387959866 0.9832775919732442 0.22240802675585283 0.033444816053511704
0 0.4765886287625418 0.5100334448160535 0.4698996655518395 0.451505016722408
6 0.9531772575250836 0.5535117056856187 0.08528428093645485 0.23076923076923078
6 0.3511705685618729 0.7842809364548495 0.2591973244147157 0.22408026755852842
6 0.6939799331103679 0.5735785953177257 0.10033444816053512 0.10702341137123746
6 0.5150501672240803 0.03511705685618729 0.2591973244147157 0.06856187290969899
6 0.12040133779264214 0.7441471571906354 0.23578595317725753 0.2157190635451505
6 0.862876254180602 0.0802675585284281 0.24749163879598662 0.1588628762541806
6 0.07023411371237458 0.5301003344481605 0.13879598662207357 0.24581939799331104
6 0.903010033444816 0.9130434782608695 0.18729096989966554 0.17391304347826086
6 0.580267558528428 0.8979933110367893 0.2608695652173913 0.2040133779264214
6 0.205685618729097 0.1588628762541806 0.2993311036789298 0.3177257525083612
6 0.7976588628762542 0.81438127090301 0.22240802675585283 0.22408026755852842
6 0.8846153846153846 0.2792642140468227 0.22073578595317725 0.24581939799331104