6 0.6956521739130435 0.842809364548495 0.3311036789297659 0.31438127090301005
6 0.028428093645484948 0.2591973244147157 0.056856187290969896 0.19732441471571907
6 0.9765886287625418 0.1688963210702341 0.046822742474916385 0.2408026755852843
6 0.3595317725752508 0.7491638795986622 0.28595317725752506 0.2157190635451505
5 0.35785953177257523 0.18896321070234115 0.06354515050167224 0.03511705685618729
6 0.5668896321070234 0.9732441471571907 0.2809364548494983 0.05351170568561873
6 0.051839464882943144 0.46488294314381273 0.10367892976588629 0.2709030100334448
6 0.9581939799331104 0.7023411371237458 0.08361204013377926 0.29264214046822745
6 0.04013377926421405 0.9080267558528428 0.0802675585284281 0.18227424749163879
6 0.794314381270903 0.9749163879598662 0.26755852842809363 0.05016722408026756
6 0.1488294314381271 0.4096989966555184 0.24247491638795987 0.24247491638795987
6 0.07525083612040134 0.046822742474916385 0.1505016722408027 0.09364548494983277
0 0.4013377926421405 0.5250836120401338 0.4414715719063545 0.4280936454849498
6 0.6839464882943144 0.5903010033444817 0.2391304347826087 0.2709030100334448
6 0.46488294314381273 0.8795986622073578 0.2959866220735786 0.23076923076923078
6 0.25585284280936454 0.07190635451505016 0.2508361204013378 0.14381270903010032
6 0.07190635451505016 0.7190635451505016 0.14381270903010032 0.2608695652173913
6 0.6538461538461539 0.13879598662207357 0.205685618729097 0.2508361204013378
6 0.18394648829431437 0.8879598662207357 0.2140468227424749 0.22408026755852842
6 0.8561872909698997 0.6605351170568562 0.1956521739130435 0.2508361204013378
6 0.8846153846153846 0.362876254180602 0.23076923076923078 0.2157190635451505
6 0.842809364548495 0.12040133779264214 0.23076923076923078 0.23745819397993312
6 0.23411371237458195 0.24247491638795987 0.22073578595317725 0.2040133779264214