6 0.9882943143812709 0.7658862876254181 0.021739130434782608 0.22073578595317725
6 0.9765886287625418 0.1588628762541806 0.0451505016722408 0.1956521739130435
6 0.02508361204013378 0.6789297658862876 0.05016722408026756 0.22408026755852842
6 0.32441471571906355 0.9849498327759197 0.2140468227424749 0.030100334448160536
6 0.5317725752508361 0.822742474916388 0.2525083612040134 0.24749163879598662
6 0.9531772575250836 0.9515050167224081 0.09197324414715718 0.09698996655518395
5 0.030100334448160536 0.22408026755852842 0.06020066889632107 0.0802675585284281
6 0.7491638795986622 0.9715719063545151 0.22742474916387959 0.056856187290969896
6 0.9464882943143813 0.38294314381270905 0.10033444816053512 0.23076923076923078
0 0.5033444816053512 0.540133779264214 0.4197324414715719 0.479933110367893
6 0.11036789297658862 0.9565217391304348 0.21739130434782608 0.08528428093645485
6 0.8478260869565217 0.038461538461538464 0.22073578595317725 0.07692307692307693
6 0.36789297658862874 0.882943143812709 0.19230769230769232 0.1688963210702341
6 0.17725752508361203 0.8344481605351171 0.20234113712374582 0.18729096989966554
6 0.8662207357859532 0.8394648829431438 0.22742474916387959 0.2491638795986622
6 0.6287625418060201 0.2709030100334448 0.20066889632107024 0.20903010033444816
6 0.26421404682274247 0.657190635451505 0.21070234113712374 0.2508361204013378
6 0.13043478260869565 0.3762541806020067 0.23411371237458195 0.23411371237458195
6 0.8812709030100334 0.5635451505016722 0.225752508361204 0.21906354515050167
6 0.23745819397993312 0.15384615384615385 0.23076923076923078 0.22909698996655517
6 0.81438127090301 0.18729096989966554 0.21070234113712374 0.225752508361204
6 0.44481605351170567 0.22240802675585283 0.22240802675585283 0.22909698996655517
6 0.7658862876254181 0.7307692307692307 0.22408026755852842 0.20903010033444816