6 0.030100334448160536 0.42474916387959866 0.06020066889632107 0.2525083612040134
5 0.011705685618729096 0.8478260869565217 0.023411371237458192 0.08361204013377926
5 0.0802675585284281 0.637123745819398 0.10702341137123746 0.10535117056856187
5 0.16722408026755853 0.7140468227424749 0.06354515050167224 0.07525083612040134
0 0.5 0.4983277591973244 0.40635451505016723 0.41471571906354515
5 0.06521739130434782 0.34615384615384615 0.07023411371237458 0.07190635451505016
5 0.10033444816053512 0.7224080267558528 0.07859531772575251 0.07859531772575251
6 0.9548494983277592 0.10869565217391304 0.08862876254180602 0.21739130434782608
5 0.8110367892976589 0.056856187290969896 0.10033444816053512 0.08528428093645485
6 0.9548494983277592 0.8879598662207357 0.08862876254180602 0.22408026755852842
6 0.3210702341137124 0.9548494983277592 0.23244147157190637 0.08862876254180602
6 0.5986622073578596 0.2040133779264214 0.29264214046822745 0.2591973244147157
6 0.18394648829431437 0.8511705685618729 0.2508361204013378 0.2157190635451505
6 0.5886287625418061 0.7993311036789298 0.34448160535117056 0.2809364548494983
6 0.8494983277591973 0.3411371237458194 0.28929765886287623 0.27424749163879597
6 0.3411371237458194 0.11371237458193979 0.2525083612040134 0.225752508361204
6 0.10367892976588629 0.11538461538461539 0.20735785953177258 0.23076923076923078
6 0.8561872909698997 0.6204013377926422 0.2725752508361204 0.26755852842809363