6 0.020066889632107024 0.8060200668896321 0.038461538461538464 0.21237458193979933
6 0.10367892976588629 0.9899665551839465 0.20735785953177258 0.020066889632107024
6 0.22240802675585283 0.09197324414715718 0.21739130434782608 0.18394648829431437
6 0.026755852842809364 0.20903010033444816 0.05351170568561873 0.22073578595317725
6 0.35451505016722407 0.754180602006689 0.23076923076923078 0.2040133779264214
6 0.38294314381270905 0.8327759197324415 0.25585284280936454 0.225752508361204
6 0.9331103678929766 0.9481605351170569 0.12709030100334448 0.10367892976588629
6 0.061872909698996656 0.8896321070234113 0.12374581939799331 0.2140468227424749
6 0.7508361204013378 0.677257525083612 0.2525083612040134 0.24247491638795987
0 0.5083612040133779 0.49665551839464883 0.47157190635451507 0.4280936454849498
5 0.35451505016722407 0.1956521739130435 0.05351170568561873 0.056856187290969896
6 0.24414715719063546 0.2993311036789298 0.22240802675585283 0.225752508361204
6 0.10702341137123746 0.09531772575250837 0.2140468227424749 0.19063545150501673
6 0.596989966555184 0.9013377926421404 0.2508361204013378 0.19732441471571907
6 0.44481605351170567 0.06521739130434782 0.2391304347826087 0.13043478260869565
6 0.8913043478260869 0.5183946488294314 0.2140468227424749 0.2591973244147157
6 0.08361204013377926 0.4096989966555184 0.16722408026755853 0.2408026755852843
6 0.9013377926421404 0.23745819397993312 0.19230769230769232 0.24581939799331104
6 0.8795986622073578 0.06020066889632107 0.23411371237458195 0.12040133779264214
6 0.8913043478260869 0.8060200668896321 0.2140468227424749 0.24581939799331104
6 0.7374581939799331 0.3177257525083612 0.23076923076923078 0.22408026755852842
6 0.19063545150501673 0.520066889632107 0.22240802675585283 0.20234113712374582