6 0.979933110367893 0.5585284280936454 0.038461538461538464 0.21237458193979933
5 0.0451505016722408 0.9565217391304348 0.08361204013377926 0.07190635451505016
6 0.04180602006688963 0.34615384615384615 0.08361204013377926 0.2040133779264214
0 0.5016722408026756 0.5033444816053512 0.43645484949832775 0.4297658862876254
6 0.18227424749163879 0.754180602006689 0.23578595317725753 0.31438127090301005
6 0.882943143812709 0.7023411371237458 0.22240802675585283 0.20234113712374582
6 0.774247491638796 0.9264214046822743 0.20234113712374582 0.14715719063545152
6 0.2976588628762542 0.9364548494983278 0.27424749163879597 0.12709030100334448
6 0.8461538461538461 0.5903010033444817 0.22240802675585283 0.20903010033444816
6 0.34448160535117056 0.7525083612040134 0.20066889632107024 0.21906354515050167
6 0.9247491638795987 0.9147157190635451 0.1505016722408027 0.1705685618729097
6 0.5033444816053512 0.07190635451505016 0.23076923076923078 0.14381270903010032
6 0.23745819397993312 0.0802675585284281 0.21739130434782608 0.1588628762541806
6 0.5284280936454849 0.8377926421404682 0.2391304347826087 0.23076923076923078
6 0.07859531772575251 0.5785953177257525 0.15551839464882944 0.2157190635451505
6 0.7140468227424749 0.07692307692307693 0.23076923076923078 0.15384615384615385
6 0.7608695652173914 0.35785953177257523 0.205685618729097 0.24247491638795987
6 0.9147157190635451 0.2140468227424749 0.16722408026755853 0.22909698996655517
6 0.18227424749163879 0.25585284280936454 0.28595317725752506 0.2040133779264214
6 0.6053511705685619 0.225752508361204 0.25585284280936454 0.20903010033444816