6 0.013377926421404682 0.31605351170568563 0.026755852842809364 0.19732441471571907
6 0.45484949832775917 0.9899665551839465 0.21070234113712374 0.020066889632107024
6 0.01839464882943144 0.5418060200668896 0.03511705685618729 0.21906354515050167
6 0.2993311036789298 0.7993311036789298 0.22240802675585283 0.2525083612040134
6 0.048494983277591976 0.8879598662207357 0.09698996655518395 0.22408026755852842
6 0.959866220735786 0.3494983277591973 0.0802675585284281 0.23745819397993312
5 0.14715719063545152 0.3595317725752508 0.10033444816053512 0.08528428093645485
0 0.4882943143812709 0.5150501672240803 0.47157190635451507 0.45819397993311034
6 0.8511705685618729 0.9581939799331104 0.23076923076923078 0.08361204013377926
5 0.5852842809364549 0.17892976588628762 0.07859531772575251 0.07859531772575251
6 0.2792642140468227 0.05351170568561873 0.26421404682274247 0.10702341137123746
6 0.26755852842809363 0.23578595317725753 0.2591973244147157 0.24581939799331104
6 0.07525083612040134 0.12374581939799331 0.1505016722408027 0.24749163879598662
6 0.11705685618729098 0.6889632107023411 0.23244147157190637 0.22742474916387959
6 0.8946488294314381 0.15217391304347827 0.205685618729097 0.23076923076923078
6 0.8913043478260869 0.802675585284281 0.2140468227424749 0.2508361204013378
6 0.7107023411371237 0.2976588628762542 0.24581939799331104 0.23076923076923078
6 0.697324414715719 0.6923076923076923 0.22742474916387959 0.23411371237458195
6 0.5117056856187291 0.8461538461538461 0.24247491638795987 0.24581939799331104
6 0.9214046822742475 0.560200668896321 0.1505016722408027 0.225752508361204