6 0.979933110367893 0.959866220735786 0.038461538461538464 0.0802675585284281
5 0.6337792642140468 0.9749163879598662 0.19230769230769232 0.05016722408026756
6 0.20234113712374582 0.18227424749163879 0.10869565217391304 0.225752508361204
6 0.9632107023411371 0.030100334448160536 0.07357859531772576 0.06020066889632107
6 0.05351170568561873 0.3277591973244147 0.10702341137123746 0.24247491638795987
5 0.028428093645484948 0.49665551839464883 0.056856187290969896 0.0903010033444816
6 0.34448160535117056 0.05016722408026756 0.27424749163879597 0.10033444816053512
0 0.4983277591973244 0.49665551839464883 0.3745819397993311 0.39297658862876256
6 0.7759197324414716 0.33612040133779264 0.24749163879598662 0.2491638795986622
6 0.8812709030100334 0.4280936454849498 0.23076923076923078 0.25585284280936454
6 0.10367892976588629 0.06688963210702341 0.205685618729097 0.13210702341137123
6 0.6789297658862876 0.7290969899665551 0.24749163879598662 0.22408026755852842
6 0.21070234113712374 0.45652173913043476 0.23411371237458195 0.29264214046822745
6 0.3511705685618729 0.794314381270903 0.24749163879598662 0.2391304347826087
6 0.8963210702341137 0.822742474916388 0.20066889632107024 0.24581939799331104
6 0.617056856187291 0.11872909698996656 0.2909698996655518 0.23745819397993312
6 0.9130434782608695 0.15551839464882944 0.1705685618729097 0.21739130434782608
6 0.11036789297658862 0.8327759197324415 0.22073578595317725 0.28762541806020064