6 0.6538461538461539 0.9882943143812709 0.23076923076923078 0.021739130434782608
6 0.9648829431438127 0.11371237458193979 0.06354515050167224 0.1956521739130435
6 0.8795986622073578 0.08695652173913043 0.225752508361204 0.17391304347826086
6 0.29264214046822745 0.015050167224080268 0.2408026755852843 0.030100334448160536
6 0.30267558528428096 0.959866220735786 0.21739130434782608 0.0802675585284281
5 0.9715719063545151 0.40468227424749165 0.05016722408026756 0.11036789297658862
5 0.06020066889632107 0.9297658862876255 0.11872909698996656 0.14046822742474915
0 0.5033444816053512 0.49665551839464883 0.4197324414715719 0.3528428093645485
6 0.431438127090301 0.9531772575250836 0.225752508361204 0.09364548494983277
6 0.7692307692307693 0.48494983277591974 0.205685618729097 0.22073578595317725
6 0.1020066889632107 0.07190635451505016 0.20234113712374582 0.14381270903010032
6 0.07023411371237458 0.5518394648829431 0.13879598662207357 0.22909698996655517
6 0.9297658862876255 0.5535117056856187 0.13377926421404682 0.22073578595317725
6 0.3729096989966555 0.2909698996655518 0.20903010033444816 0.205685618729097
6 0.17892976588628762 0.2391304347826087 0.24581939799331104 0.23076923076923078
6 0.6086956521739131 0.11538461538461539 0.22742474916387959 0.225752508361204
6 0.6939799331103679 0.24414715719063546 0.22742474916387959 0.21906354515050167
6 0.3595317725752508 0.7474916387959866 0.23578595317725753 0.20903010033444816
6 0.12876254180602006 0.7591973244147158 0.22742474916387959 0.21906354515050167
6 0.7909698996655519 0.8595317725752508 0.22240802675585283 0.225752508361204
6 0.7658862876254181 0.6270903010033445 0.2140468227424749 0.21906354515050167
6 0.24581939799331104 0.5635451505016722 0.22073578595317725 0.22909698996655517