6 0.11872909698996656 0.016722408026755852 0.23745819397993312 0.033444816053511704
6 0.02508361204013378 0.45652173913043476 0.05016722408026756 0.24581939799331104
5 0.2408026755852843 0.033444816053511704 0.07190635451505016 0.06521739130434782
6 0.8160535117056856 0.0451505016722408 0.26755852842809363 0.0903010033444816
5 0.8461538461538461 0.14046822742474915 0.08193979933110368 0.07190635451505016
6 0.9448160535117057 0.12374581939799331 0.11036789297658862 0.24749163879598662
6 0.40301003344481606 0.7993311036789298 0.2508361204013378 0.25585284280936454
0 0.520066889632107 0.49665551839464883 0.5351170568561873 0.46488294314381273
6 0.7725752508361204 0.7290969899665551 0.2725752508361204 0.26755852842809363
6 0.22408026755852842 0.8946488294314381 0.23076923076923078 0.20903010033444816
6 0.17391304347826086 0.5117056856187291 0.2709030100334448 0.3093645484949833
6 0.7591973244147158 0.2993311036789298 0.25585284280936454 0.2709030100334448
6 0.3311036789297659 0.18896321070234115 0.25585284280936454 0.23411371237458195
6 0.5819397993311036 0.11538461538461539 0.26421404682274247 0.23076923076923078
6 0.6137123745819398 0.8662207357859532 0.25585284280936454 0.26755852842809363
6 0.10367892976588629 0.1688963210702341 0.205685618729097 0.25585284280936454