6 0.016722408026755852 0.8712374581939799 0.033444816053511704 0.22408026755852842
5 0.8411371237458194 0.1488294314381271 0.04180602006688963 0.038461538461538464
6 0.8327759197324415 0.01839464882943144 0.22240802675585283 0.03511705685618729
6 0.9782608695652174 0.09531772575250837 0.04180602006688963 0.19063545150501673
6 0.5535117056856187 0.9347826086956522 0.1705685618729097 0.13043478260869565
6 0.03678929765886288 0.32608695652173914 0.07357859531772576 0.2508361204013378
6 0.39464882943143814 0.9648829431438127 0.1956521739130435 0.06856187290969899
6 0.7006688963210702 0.2976588628762542 0.2608695652173913 0.2491638795986622
6 0.8913043478260869 0.9548494983277592 0.21070234113712374 0.08862876254180602
6 0.6521739130434783 0.09698996655518395 0.29431438127090304 0.1939799331103679
6 0.9063545150501672 0.2993311036789298 0.17558528428093645 0.23411371237458195
6 0.18561872909698995 0.9381270903010034 0.2508361204013378 0.12374581939799331
0 0.4816053511705686 0.49498327759197325 0.40301003344481606 0.3996655518394649
6 0.919732441471572 0.6505016722408027 0.15551839464882944 0.27424749163879597
6 0.07190635451505016 0.5468227424749164 0.14381270903010032 0.24581939799331104
6 0.4080267558528428 0.061872909698996656 0.25585284280936454 0.12374581939799331
6 0.745819397993311 0.882943143812709 0.23076923076923078 0.22408026755852842
6 0.7307692307692307 0.6304347826086957 0.25585284280936454 0.2709030100334448
6 0.4431438127090301 0.8060200668896321 0.28595317725752506 0.26755852842809363
6 0.23244147157190637 0.6555183946488294 0.2591973244147157 0.2525083612040134
6 0.11371237458193979 0.11705685618729098 0.22742474916387959 0.23411371237458195