6 0.6939799331103679 0.010033444816053512 0.27759197324414714 0.01839464882943144
6 0.3210702341137124 0.061872909698996656 0.21070234113712374 0.12374581939799331
6 0.9816053511705686 0.6989966555183946 0.03678929765886288 0.20066889632107024
6 0.013377926421404682 0.07859531772575251 0.026755852842809364 0.15719063545150502
0 0.5217391304347826 0.4816053511705686 0.4197324414715719 0.3695652173913043
5 0.023411371237458192 0.9682274247491639 0.046822742474916385 0.05852842809364549
6 0.3779264214046823 0.9464882943143813 0.23411371237458195 0.10702341137123746
6 0.051839464882943144 0.26755852842809363 0.10367892976588629 0.20903010033444816
6 0.9448160535117057 0.47157190635451507 0.10869565217391304 0.22073578595317725
6 0.06856187290969899 0.6137123745819398 0.1354515050167224 0.21237458193979933
6 0.7525083612040134 0.28762541806020064 0.21070234113712374 0.21237458193979933
6 0.8795986622073578 0.10033444816053512 0.23411371237458195 0.20066889632107024
6 0.2976588628762542 0.6304347826086957 0.22240802675585283 0.2157190635451505
6 0.6237458193979933 0.7090301003344481 0.2525083612040134 0.22909698996655517
6 0.25752508361204013 0.3963210702341137 0.22073578595317725 0.22073578595317725
6 0.29264214046822745 0.12876254180602006 0.2709030100334448 0.1956521739130435
6 0.5468227424749164 0.17558528428093645 0.22742474916387959 0.21739130434782608
6 0.8093645484949833 0.5719063545150501 0.19732441471571907 0.20903010033444816