6 0.015050167224080268 0.8745819397993311 0.030100334448160536 0.1705685618729097
6 0.9816053511705686 0.4096989966555184 0.03678929765886288 0.17725752508361203
6 0.4698996655518395 0.9866220735785953 0.17725752508361203 0.026755852842809364
6 0.08528428093645485 0.9732441471571907 0.1705685618729097 0.05351170568561873
5 0.043478260869565216 0.8896321070234113 0.06354515050167224 0.06688963210702341
6 0.6254180602006689 0.9698996655518395 0.2140468227424749 0.06020066889632107
6 0.8461538461538461 0.043478260869565216 0.18896321070234115 0.08528428093645485
0 0.5100334448160535 0.5150501672240803 0.47491638795986624 0.45819397993311034
6 0.05351170568561873 0.3695652173913043 0.10702341137123746 0.22909698996655517
6 0.9381270903010034 0.27424749163879597 0.12040133779264214 0.1688963210702341
6 0.9431438127090301 0.794314381270903 0.10869565217391304 0.1688963210702341
6 0.6488294314381271 0.09364548494983277 0.2140468227424749 0.18729096989966554
6 0.5551839464882943 0.8444816053511706 0.2391304347826087 0.18394648829431437
6 0.4531772575250836 0.18561872909698995 0.20066889632107024 0.2508361204013378
6 0.23411371237458195 0.4096989966555184 0.25585284280936454 0.22408026755852842
6 0.8193979933110368 0.39464882943143814 0.18896321070234115 0.20234113712374582
6 0.10367892976588629 0.6688963210702341 0.18561872909698995 0.23745819397993312
6 0.7675585284280937 0.8311036789297659 0.19732441471571907 0.205685618729097
6 0.36454849498327757 0.7608695652173914 0.17892976588628762 0.2040133779264214
6 0.8695652173913043 0.637123745819398 0.22742474916387959 0.22073578595317725