6 0.8662207357859532 0.011705685618729096 0.22073578595317725 0.023411371237458192
6 0.3996655518394649 0.9899665551839465 0.22240802675585283 0.020066889632107024
6 0.9682274247491639 0.7073578595317725 0.06020066889632107 0.2157190635451505
6 0.9214046822742475 0.043478260869565216 0.14715719063545152 0.08528428093645485
5 0.03177257525083612 0.19063545150501673 0.06354515050167224 0.10535117056856187
6 0.03678929765886288 0.8193979933110368 0.07357859531772576 0.22073578595317725
6 0.9531772575250836 0.23411371237458195 0.08862876254180602 0.20903010033444816
0 0.5 0.5033444816053512 0.3779264214046823 0.4080267558528428
6 0.5384615384615384 0.7725752508361204 0.2391304347826087 0.17391304347826086
6 0.362876254180602 0.0903010033444816 0.24749163879598662 0.17892976588628762
6 0.7341137123745819 0.8394648829431438 0.21070234113712374 0.23745819397993312
6 0.3377926421404682 0.782608695652174 0.20234113712374582 0.1939799331103679
6 0.5234113712374582 0.903010033444816 0.23244147157190637 0.1939799331103679
6 0.21237458193979933 0.8913043478260869 0.2508361204013378 0.21739130434782608
6 0.8210702341137124 0.6070234113712375 0.22240802675585283 0.22909698996655517
6 0.13377926421404682 0.5869565217391305 0.23411371237458195 0.20234113712374582
6 0.7809364548494984 0.3896321070234114 0.22742474916387959 0.21906354515050167
6 0.23076923076923078 0.13043478260869565 0.22742474916387959 0.21237458193979933
6 0.677257525083612 0.11705685618729098 0.2525083612040134 0.23411371237458195
6 0.24247491638795987 0.33612040133779264 0.22073578595317725 0.225752508361204