6 0.9882943143812709 0.08193979933110368 0.021739130434782608 0.16220735785953178
5 0.6822742474916388 0.010033444816053512 0.13377926421404682 0.01839464882943144
6 0.10367892976588629 0.1020066889632107 0.20066889632107024 0.19899665551839466
6 0.02508361204013378 0.5133779264214047 0.05016722408026756 0.22408026755852842
6 0.02508361204013378 0.725752508361204 0.05016722408026756 0.22909698996655517
6 0.9548494983277592 0.28595317725752506 0.08862876254180602 0.2525083612040134
5 0.8712374581939799 0.06020066889632107 0.08193979933110368 0.0802675585284281
6 0.9531772575250836 0.7307692307692307 0.09197324414715718 0.22909698996655517
0 0.5050167224080268 0.5016722408026756 0.4214046822742475 0.4297658862876254
6 0.21237458193979933 0.47491638795986624 0.225752508361204 0.22073578595317725
6 0.2525083612040134 0.5986622073578596 0.22742474916387959 0.2408026755852843
6 0.19063545150501673 0.14381270903010032 0.23578595317725753 0.21906354515050167
6 0.5334448160535117 0.9113712374581939 0.1956521739130435 0.17725752508361203
6 0.38127090301003347 0.27424749163879597 0.28595317725752506 0.23411371237458195
6 0.11538461538461539 0.9063545150501672 0.23076923076923078 0.18729096989966554
6 0.4682274247491639 0.09866220735785954 0.24749163879598662 0.19732441471571907
6 0.7374581939799331 0.903010033444816 0.2391304347826087 0.1939799331103679
6 0.754180602006689 0.33277591973244147 0.24247491638795987 0.22073578595317725
6 0.7006688963210702 0.13712374581939799 0.24581939799331104 0.22408026755852842
6 0.3394648829431438 0.8729096989966555 0.22742474916387959 0.24247491638795987