5 0.5635451505016722 0.10535117056856187 0.06688963210702341 0.06688963210702341
6 0.3060200668896321 0.011705685618729096 0.22408026755852842 0.023411371237458192
6 0.021739130434782608 0.2625418060200669 0.043478260869565216 0.205685618729097
0 0.5 0.5 0.40635451505016723 0.4397993311036789
6 0.4397993311036789 0.9715719063545151 0.20234113712374582 0.056856187290969896
6 0.7809364548494984 0.043478260869565216 0.20234113712374582 0.08695652173913043
6 0.05518394648829431 0.4665551839464883 0.11036789297658862 0.17892976588628762
6 0.9414715719063546 0.6120401337792643 0.11036789297658862 0.2040133779264214
6 0.7842809364548495 0.11872909698996656 0.20234113712374582 0.1939799331103679
6 0.27424749163879597 0.8795986622073578 0.2508361204013378 0.23076923076923078
6 0.6220735785953178 0.9130434782608695 0.22742474916387959 0.17391304347826086
6 0.4214046822742475 0.09866220735785954 0.2140468227424749 0.18227424749163879
6 0.6588628762541806 0.7341137123745819 0.23411371237458195 0.18394648829431437
6 0.7775919732441472 0.5334448160535117 0.23411371237458195 0.22909698996655517
6 0.13210702341137123 0.11872909698996656 0.23578595317725753 0.2040133779264214
6 0.7140468227424749 0.3177257525083612 0.21070234113712374 0.20234113712374582