6 0.9665551839464883 0.023411371237458192 0.06020066889632107 0.046822742474916385
6 0.8712374581939799 0.979933110367893 0.20066889632107024 0.038461538461538464
6 0.9682274247491639 0.15384615384615385 0.061872909698996656 0.20234113712374582
6 0.028428093645484948 0.16220735785953178 0.056856187290969896 0.21739130434782608
5 0.6003344481605352 0.07190635451505016 0.06688963210702341 0.06856187290969899
0 0.5066889632107023 0.5150501672240803 0.46153846153846156 0.44481605351170567
6 0.2842809364548495 0.9581939799331104 0.23578595317725753 0.08361204013377926
6 0.9448160535117057 0.745819397993311 0.10535117056856187 0.21739130434782608
6 0.10702341137123746 0.051839464882943144 0.2140468227424749 0.10367892976588629
6 0.09531772575250837 0.3528428093645485 0.18896321070234115 0.205685618729097
6 0.9063545150501672 0.3076923076923077 0.1806020066889632 0.24749163879598662
6 0.25752508361204013 0.24247491638795987 0.21906354515050167 0.20903010033444816
6 0.5050167224080268 0.22240802675585283 0.19732441471571907 0.1956521739130435
6 0.1705685618729097 0.5468227424749164 0.2709030100334448 0.24247491638795987
6 0.7140468227424749 0.2809364548494983 0.225752508361204 0.24749163879598662
6 0.717391304347826 0.8996655518394648 0.23745819397993312 0.20066889632107024