6 0.0451505016722408 0.959866220735786 0.0903010033444816 0.0802675585284281
5 0.03678929765886288 0.3511705685618729 0.07357859531772576 0.10702341137123746
0 0.5 0.49665551839464883 0.39464882943143814 0.3996655518394649
5 0.14046822742474915 0.9548494983277592 0.11371237458193979 0.08862876254180602
5 0.1588628762541806 0.38461538461538464 0.10702341137123746 0.09531772575250837
6 0.431438127090301 0.8662207357859532 0.225752508361204 0.22408026755852842
6 0.931438127090301 0.8327759197324415 0.13043478260869565 0.27759197324414714
6 0.7474916387959866 0.07023411371237458 0.23411371237458195 0.14046822742474915
6 0.12207357859531773 0.17391304347826086 0.24414715719063546 0.28929765886287623
6 0.9247491638795987 0.14214046822742474 0.1454849498327759 0.24581939799331104
6 0.09364548494983277 0.7341137123745819 0.18561872909698995 0.205685618729097
6 0.18729096989966554 0.5351170568561873 0.2525083612040134 0.2525083612040134
6 0.6454849498327759 0.8846153846153846 0.2709030100334448 0.23076923076923078
6 0.725752508361204 0.2809364548494983 0.21739130434782608 0.22073578595317725
6 0.7993311036789298 0.5351170568561873 0.2508361204013378 0.29264214046822745
6 0.3076923076923077 0.7625418060200669 0.225752508361204 0.21906354515050167