6 0.10367892976588629 0.8578595317725752 0.205685618729097 0.19063545150501673
6 0.8210702341137124 0.7876254180602007 0.3177257525083612 0.2525083612040134
6 0.9882943143812709 0.637123745819398 0.021739130434782608 0.2040133779264214
6 0.028428093645484948 0.5117056856187291 0.056856187290969896 0.20735785953177258
6 0.9096989966555183 0.9899665551839465 0.17558528428093645 0.020066889632107024
6 0.40301003344481606 0.028428093645484948 0.18394648829431437 0.056856187290969896
5 0.8578595317725752 0.043478260869565216 0.046822742474916385 0.04180602006688963
6 0.03511705685618729 0.26588628762541805 0.06856187290969899 0.25585284280936454
6 0.7993311036789298 0.013377926421404682 0.23411371237458195 0.026755852842809364
6 0.08193979933110368 0.5150501672240803 0.16387959866220736 0.2157190635451505
0 0.4816053511705686 0.5117056856187291 0.3963210702341137 0.4498327759197324
6 0.10367892976588629 0.9280936454849499 0.205685618729097 0.14381270903010032
6 0.5986622073578596 0.9063545150501672 0.24749163879598662 0.18729096989966554
6 0.22408026755852842 0.3511705685618729 0.20234113712374582 0.2625418060200669
6 0.6020066889632107 0.07525083612040134 0.23411371237458195 0.1505016722408027
6 0.7341137123745819 0.5919732441471572 0.23411371237458195 0.18729096989966554
6 0.14214046822742474 0.10702341137123746 0.22073578595317725 0.21237458193979933
6 0.8913043478260869 0.17391304347826086 0.2140468227424749 0.225752508361204
6 0.32274247491638797 0.8862876254180602 0.23076923076923078 0.225752508361204
6 0.225752508361204 0.6839464882943144 0.225752508361204 0.21906354515050167
6 0.6906354515050167 0.2525083612040134 0.23578595317725753 0.23076923076923078
6 0.842809364548495 0.41304347826086957 0.21906354515050167 0.2157190635451505
6 0.2725752508361204 0.056856187290969896 0.24247491638795987 0.11371237458193979