6 0.9749163879598662 0.6254180602006689 0.05016722408026756 0.22073578595317725
6 0.028428093645484948 0.205685618729097 0.056856187290969896 0.20903010033444816
5 0.7842809364548495 0.19063545150501673 0.13377926421404682 0.07859531772575251
5 0.9113712374581939 0.6655518394648829 0.07859531772575251 0.0802675585284281
6 0.7140468227424749 0.9632107023411371 0.21070234113712374 0.07357859531772576
0 0.5050167224080268 0.5117056856187291 0.38294314381270905 0.3779264214046823
6 0.862876254180602 0.04013377926421405 0.2525083612040134 0.0802675585284281
6 0.8979933110367893 0.9247491638795987 0.19732441471571907 0.1505016722408027
6 0.9364548494983278 0.38127090301003347 0.12207357859531773 0.225752508361204
6 0.8160535117056856 0.7441471571906354 0.2508361204013378 0.23745819397993312
6 0.2842809364548495 0.931438127090301 0.24247491638795987 0.13712374581939799
6 0.5869565217391305 0.8110367892976589 0.2591973244147157 0.21237458193979933
6 0.745819397993311 0.36789297658862874 0.24749163879598662 0.2408026755852843
6 0.2591973244147157 0.3294314381270903 0.24247491638795987 0.2408026755852843
6 0.09364548494983277 0.8578595317725752 0.18561872909698995 0.225752508361204