6 0.2792642140468227 0.9916387959866221 0.17892976588628762 0.016722408026755852
6 0.23411371237458195 0.6722408026755853 0.2608695652173913 0.2591973244147157
6 0.9899665551839465 0.7207357859531772 0.020066889632107024 0.19230769230769232
5 0.021739130434782608 0.9531772575250836 0.043478260869565216 0.08862876254180602
6 0.03177257525083612 0.0903010033444816 0.06354515050167224 0.1806020066889632
6 0.8076923076923077 0.6137123745819398 0.36454849498327757 0.3511705685618729
0 0.42642140468227424 0.5418060200668896 0.44648829431438125 0.48327759197324416
5 0.1588628762541806 0.2040133779264214 0.08862876254180602 0.07190635451505016
6 0.18227424749163879 0.03678929765886288 0.22408026755852842 0.07357859531772576
6 0.05351170568561873 0.6588628762541806 0.10702341137123746 0.23076923076923078
6 0.9264214046822743 0.9013377926421404 0.14046822742474915 0.19732441471571907
6 0.4782608695652174 0.11872909698996656 0.19732441471571907 0.1939799331103679
6 0.09531772575250837 0.3177257525083612 0.19063545150501673 0.2809364548494983
6 0.6705685618729097 0.32608695652173914 0.19230769230769232 0.2842809364548495
6 0.9264214046822743 0.3377926421404682 0.14214046822742474 0.23411371237458195
6 0.45484949832775917 0.9096989966555183 0.2391304347826087 0.17892976588628762
6 0.21070234113712374 0.8779264214046822 0.2508361204013378 0.21237458193979933
6 0.3076923076923077 0.25585284280936454 0.24247491638795987 0.2157190635451505
6 0.6672240802675585 0.8260869565217391 0.2391304347826087 0.23076923076923078