6 0.013377926421404682 0.9632107023411371 0.026755852842809364 0.06688963210702341
6 0.9665551839464883 0.02508361204013378 0.06688963210702341 0.05016722408026756
6 0.03511705685618729 0.794314381270903 0.06856187290969899 0.205685618729097
6 0.07023411371237458 0.016722408026755852 0.13879598662207357 0.033444816053511704
0 0.5050167224080268 0.5 0.36789297658862874 0.3612040133779264
6 0.931438127090301 0.9548494983277592 0.13043478260869565 0.08862876254180602
5 0.45484949832775917 0.29264214046822745 0.056856187290969896 0.06020066889632107
6 0.07190635451505016 0.5836120401337793 0.14381270903010032 0.23076923076923078
6 0.8043478260869565 0.2525083612040134 0.225752508361204 0.22073578595317725
6 0.12040133779264214 0.3795986622073579 0.2140468227424749 0.22408026755852842
6 0.32274247491638797 0.32441471571906355 0.2140468227424749 0.23076923076923078
6 0.7123745819397993 0.07357859531772576 0.22073578595317725 0.14715719063545152
6 0.7859531772575251 0.8043478260869565 0.22240802675585283 0.18729096989966554
6 0.6187290969899666 0.9113712374581939 0.24749163879598662 0.17725752508361203
6 0.5986622073578596 0.26755852842809363 0.19230769230769232 0.1806020066889632
6 0.4331103678929766 0.11872909698996656 0.22240802675585283 0.20234113712374582
6 0.3093645484949833 0.8327759197324415 0.2140468227424749 0.21906354515050167
6 0.2625418060200669 0.5919732441471572 0.24247491638795987 0.2525083612040134
6 0.8913043478260869 0.4765886287625418 0.2140468227424749 0.2491638795986622