6 0.6939799331103679 0.011705685618729096 0.17892976588628762 0.021739130434782608
6 0.3060200668896321 0.020066889632107024 0.2408026755852843 0.04013377926421405
6 0.05016722408026756 0.1605351170568562 0.10033444816053512 0.2993311036789298
6 0.9431438127090301 0.6053511705685619 0.10869565217391304 0.24581939799331104
0 0.5 0.4983277591973244 0.3712374581939799 0.3695652173913043
6 0.7792642140468228 0.637123745819398 0.24749163879598662 0.26755852842809363
5 0.23745819397993312 0.5719063545150501 0.07023411371237458 0.07525083612040134
5 0.5785953177257525 0.7709030100334449 0.0903010033444816 0.0802675585284281
6 0.19230769230769232 0.09866220735785954 0.22408026755852842 0.19732441471571907
6 0.40301003344481606 0.10702341137123746 0.21070234113712374 0.2140468227424749
6 0.6454849498327759 0.10869565217391304 0.23578595317725753 0.19063545150501673
6 0.2826086956521739 0.7508361204013378 0.22073578595317725 0.22909698996655517
6 0.7842809364548495 0.27759197324414714 0.21906354515050167 0.2040133779264214
6 0.10535117056856187 0.8678929765886287 0.21070234113712374 0.23076923076923078
6 0.9548494983277592 0.1254180602006689 0.0903010033444816 0.1956521739130435
6 0.8862876254180602 0.06856187290969899 0.19899665551839466 0.13712374581939799