6 0.0451505016722408 0.9698996655518395 0.0903010033444816 0.06020066889632107
6 0.24581939799331104 0.6488294314381271 0.26421404682274247 0.23411371237458195
5 0.04180602006688963 0.5367892976588629 0.08361204013377926 0.07692307692307693
6 0.15384615384615385 0.10367892976588629 0.2525083612040134 0.205685618729097
0 0.5 0.5033444816053512 0.36789297658862874 0.3979933110367893
5 0.05518394648829431 0.617056856187291 0.09531772575250837 0.07190635451505016
6 0.9080267558528428 0.0451505016722408 0.18394648829431437 0.0903010033444816
5 0.391304347826087 0.2408026755852843 0.08528428093645485 0.0802675585284281
5 0.05852842809364549 0.8076923076923077 0.07859531772575251 0.08361204013377926
5 0.2826086956521739 0.23244147157190637 0.07023411371237458 0.06856187290969899
6 0.41638795986622074 0.061872909698996656 0.21906354515050167 0.12374581939799331
6 0.9230769230769231 0.842809364548495 0.15384615384615385 0.28595317725752506
6 0.1688963210702341 0.9180602006688964 0.2391304347826087 0.16220735785953178
6 0.21739130434782608 0.5016722408026756 0.23076923076923078 0.27424749163879597
6 0.6070234113712375 0.8996655518394648 0.23745819397993312 0.20066889632107024
6 0.802675585284281 0.657190635451505 0.22240802675585283 0.28929765886287623
6 0.8963210702341137 0.20066889632107024 0.19732441471571907 0.22408026755852842
6 0.11371237458193979 0.22240802675585283 0.22742474916387959 0.26755852842809363
6 0.6321070234113713 0.12040133779264214 0.2809364548494983 0.23076923076923078