6 0.03511705685618729 0.030100334448160536 0.07023411371237458 0.06020066889632107
6 0.2709030100334448 0.016722408026755852 0.24749163879598662 0.033444816053511704
6 0.6806020066889632 0.9816053511705686 0.23411371237458195 0.03511705685618729
6 0.23076923076923078 0.9832775919732442 0.22742474916387959 0.033444816053511704
6 0.7341137123745819 0.020066889632107024 0.22240802675585283 0.038461538461538464
5 0.02508361204013378 0.391304347826087 0.05016722408026756 0.10869565217391304
0 0.5050167224080268 0.5 0.41638795986622074 0.3996655518394649
6 0.9163879598662207 0.5668896321070234 0.1605351170568562 0.2625418060200669
6 0.056856187290969896 0.6086956521739131 0.11371237458193979 0.25752508361204013
6 0.07357859531772576 0.9247491638795987 0.14715719063545152 0.1505016722408027
6 0.5 0.10367892976588629 0.23411371237458195 0.205685618729097
6 0.8076923076923077 0.6705685618729097 0.23578595317725753 0.21906354515050167
6 0.4498327759197324 0.9230769230769231 0.24414715719063546 0.15384615384615385
6 0.15384615384615385 0.7926421404682275 0.23578595317725753 0.205685618729097
6 0.11538461538461539 0.11705685618729098 0.22073578595317725 0.23411371237458195
6 0.8127090301003345 0.34615384615384615 0.2140468227424749 0.22408026755852842
6 0.22073578595317725 0.43478260869565216 0.225752508361204 0.23076923076923078
6 0.8795986622073578 0.13210702341137123 0.23076923076923078 0.2157190635451505
6 0.6153846153846154 0.7709030100334449 0.2809364548494983 0.225752508361204