6 0.02508361204013378 0.06354515050167224 0.05016722408026756 0.12207357859531773
6 0.011705685618729096 0.29431438127090304 0.021739130434782608 0.2157190635451505
6 0.9816053511705686 0.43645484949832775 0.03511705685618729 0.21237458193979933
6 0.979933110367893 0.7341137123745819 0.038461538461538464 0.21237458193979933
5 0.225752508361204 0.794314381270903 0.07023411371237458 0.07859531772575251
6 0.9481605351170569 0.043478260869565216 0.10367892976588629 0.08528428093645485
6 0.38461538461538464 0.9732441471571907 0.24581939799331104 0.05351170568561873
5 0.6438127090301003 0.048494983277591976 0.07190635451505016 0.07859531772575251
5 0.09866220735785954 0.4882943143812709 0.08193979933110368 0.08361204013377926
0 0.5050167224080268 0.5066889632107023 0.4214046822742475 0.4397993311036789
6 0.8043478260869565 0.09531772575250837 0.2508361204013378 0.19063545150501673
6 0.5953177257525084 0.8963210702341137 0.2709030100334448 0.205685618729097
6 0.8043478260869565 0.7341137123745819 0.3093645484949833 0.2408026755852843
6 0.2040133779264214 0.30267558528428096 0.23076923076923078 0.225752508361204
6 0.08695652173913043 0.10869565217391304 0.17391304347826086 0.21739130434782608
6 0.8210702341137124 0.5050167224080268 0.23076923076923078 0.24581939799331104
6 0.18227424749163879 0.6237458193979933 0.27424749163879597 0.2391304347826087