6 0.9732441471571907 0.7575250836120402 0.05351170568561873 0.2157190635451505
6 0.015050167224080268 0.6505016722408027 0.030100334448160536 0.21070234113712374
6 0.822742474916388 0.013377926421404682 0.22742474916387959 0.026755852842809364
6 0.9732441471571907 0.2709030100334448 0.05351170568561873 0.23411371237458195
6 0.020066889632107024 0.40468227424749165 0.038461538461538464 0.20234113712374582
6 0.09866220735785954 0.04180602006688963 0.19732441471571907 0.08361204013377926
6 0.9448160535117057 0.5066889632107023 0.10869565217391304 0.2525083612040134
0 0.5384615384615384 0.5117056856187291 0.3996655518394649 0.4180602006688963
6 0.46488294314381273 0.033444816053511704 0.2157190635451505 0.06521739130434782
5 0.8461538461538461 0.34615384615384615 0.08361204013377926 0.08361204013377926
6 0.7341137123745819 0.3979933110367893 0.20234113712374582 0.28929765886287623
6 0.9080267558528428 0.9264214046822743 0.17892976588628762 0.14715719063545152
6 0.05351170568561873 0.20066889632107024 0.10702341137123746 0.22408026755852842
6 0.08528428093645485 0.9230769230769231 0.1705685618729097 0.15384615384615385
6 0.451505016722408 0.9381270903010034 0.2408026755852843 0.12374581939799331
6 0.6906354515050167 0.9147157190635451 0.23745819397993312 0.1705685618729097
6 0.3411371237458194 0.30267558528428096 0.22240802675585283 0.24247491638795987
6 0.2591973244147157 0.1020066889632107 0.2608695652173913 0.20234113712374582
6 0.13712374581939799 0.7424749163879598 0.23578595317725753 0.22909698996655517
6 0.8093645484949833 0.13210702341137123 0.2842809364548495 0.225752508361204
6 0.1354515050167224 0.39464882943143814 0.21070234113712374 0.21237458193979933
6 0.24749163879598662 0.5735785953177257 0.22240802675585283 0.1956521739130435
6 0.3612040133779264 0.7759197324414716 0.2725752508361204 0.2709030100334448
6 0.5585284280936454 0.2140468227424749 0.21739130434782608 0.19063545150501673