6 0.9765886287625418 0.9765886287625418 0.04180602006688963 0.046822742474916385
6 0.9749163879598662 0.03511705685618729 0.05016722408026756 0.07023411371237458
6 0.479933110367893 0.07357859531772576 0.21739130434782608 0.14715719063545152
6 0.4916387959866221 0.979933110367893 0.205685618729097 0.038461538461538464
6 0.8177257525083612 0.42474916387959866 0.23076923076923078 0.2157190635451505
0 0.4866220735785953 0.5468227424749164 0.43478260869565216 0.411371237458194
5 0.3277591973244147 0.043478260869565216 0.08361204013377926 0.07525083612040134
5 0.8645484949832776 0.9715719063545151 0.07190635451505016 0.056856187290969896
6 0.9481605351170569 0.7993311036789298 0.09698996655518395 0.225752508361204
6 0.09531772575250837 0.051839464882943144 0.19063545150501673 0.10367892976588629
6 0.931438127090301 0.27759197324414714 0.1354515050167224 0.2157190635451505
6 0.9247491638795987 0.5953177257525084 0.1454849498327759 0.20066889632107024
6 0.2625418060200669 0.7090301003344481 0.24749163879598662 0.23411371237458195
6 0.1254180602006689 0.2408026755852843 0.23411371237458195 0.21739130434782608
6 0.6204013377926422 0.08862876254180602 0.24749163879598662 0.17725752508361203
6 0.5836120401337793 0.794314381270903 0.225752508361204 0.23076923076923078
6 0.6521739130434783 0.28595317725752506 0.23076923076923078 0.22073578595317725
6 0.8545150501672241 0.11371237458193979 0.22073578595317725 0.21906354515050167
6 0.7976588628762542 0.7809364548494984 0.21070234113712374 0.205685618729097
6 0.36622073578595316 0.862876254180602 0.225752508361204 0.2525083612040134
6 0.07692307692307693 0.5100334448160535 0.15384615384615385 0.2040133779264214
6 0.20903010033444816 0.3862876254180602 0.21070234113712374 0.2157190635451505
6 0.07859531772575251 0.7759197324414716 0.15719063545150502 0.2525083612040134
6 0.362876254180602 0.22073578595317725 0.24749163879598662 0.19899665551839466