6 0.9063545150501672 0.013377926421404682 0.14715719063545152 0.026755852842809364
6 0.38127090301003347 0.011705685618729096 0.23411371237458195 0.021739130434782608
6 0.3712374581939799 0.2725752508361204 0.2842809364548495 0.23745819397993312
6 0.9648829431438127 0.9448160535117057 0.06354515050167224 0.11036789297658862
5 0.7842809364548495 0.3612040133779264 0.10033444816053512 0.09364548494983277
6 0.9448160535117057 0.4983277591973244 0.11036789297658862 0.26588628762541805
6 0.342809364548495 0.9481605351170569 0.24414715719063546 0.10367892976588629
0 0.4765886287625418 0.5334448160535117 0.3963210702341137 0.4331103678929766
6 0.11036789297658862 0.9531772575250836 0.22073578595317725 0.08695652173913043
6 0.06020066889632107 0.6053511705685619 0.12040133779264214 0.23411371237458195
6 0.7040133779264214 0.9347826086956522 0.23578595317725753 0.13043478260869565
6 0.2040133779264214 0.08528428093645485 0.25585284280936454 0.1705685618729097
6 0.18394648829431437 0.822742474916388 0.19230769230769232 0.24581939799331104
6 0.11872909698996656 0.2525083612040134 0.23411371237458195 0.21906354515050167
6 0.7725752508361204 0.5033444816053512 0.23411371237458195 0.21237458193979933
6 0.9080267558528428 0.2709030100334448 0.17892976588628762 0.22073578595317725
6 0.5050167224080268 0.8177257525083612 0.27759197324414714 0.22408026755852842
6 0.7157190635451505 0.7107023411371237 0.22742474916387959 0.2525083612040134
6 0.4531772575250836 0.16722408026755853 0.2408026755852843 0.22073578595317725