5 0.016722408026755852 0.5183946488294314 0.033444816053511704 0.08361204013377926
6 0.7408026755852842 0.9849498327759197 0.2508361204013378 0.030100334448160536
6 0.028428093645484948 0.8979933110367893 0.056856187290969896 0.2040133779264214
6 0.9531772575250836 0.46321070234113715 0.08862876254180602 0.24247491638795987
0 0.5 0.520066889632107 0.4280936454849498 0.48327759197324416
6 0.5167224080267558 0.9648829431438127 0.2391304347826087 0.06856187290969899
6 0.9297658862876255 0.6989966555183946 0.13879598662207357 0.24581939799331104
6 0.9063545150501672 0.19732441471571907 0.17558528428093645 0.22909698996655517
6 0.11538461538461539 0.1488294314381271 0.225752508361204 0.23745819397993312
6 0.11872909698996656 0.6755852842809364 0.23745819397993312 0.2608695652173913
6 0.7491638795986622 0.8411371237458194 0.27759197324414714 0.22408026755852842
6 0.68561872909699 0.23076923076923078 0.2391304347826087 0.22073578595317725
6 0.3612040133779264 0.10702341137123746 0.2608695652173913 0.21237458193979933
6 0.3294314381270903 0.8662207357859532 0.26421404682274247 0.2508361204013378
6 0.18394648829431437 0.4197324414715719 0.24581939799331104 0.2625418060200669