5 0.46153846153846156 0.01839464882943144 0.11705685618729098 0.03511705685618729
6 0.9765886287625418 0.45652173913043476 0.046822742474916385 0.2157190635451505
6 0.7006688963210702 0.7491638795986622 0.2391304347826087 0.24749163879598662
6 0.7006688963210702 0.9565217391304348 0.21070234113712374 0.08528428093645485
0 0.5083612040133779 0.5016722408026756 0.45652173913043476 0.43645484949832775
6 0.6438127090301003 0.15551839464882944 0.1956521739130435 0.21237458193979933
6 0.3411371237458194 0.10367892976588629 0.22742474916387959 0.205685618729097
6 0.882943143812709 0.9013377926421404 0.22073578595317725 0.19732441471571907
6 0.11204013377926421 0.5468227424749164 0.22408026755852842 0.23745819397993312
6 0.2525083612040134 0.3879598662207358 0.20066889632107024 0.225752508361204
6 0.9130434782608695 0.18896321070234115 0.1705685618729097 0.23411371237458195
6 0.8561872909698997 0.5317725752508361 0.23411371237458195 0.20903010033444816
6 0.3612040133779264 0.8093645484949833 0.22742474916387959 0.2508361204013378