6 0.9749163879598662 0.362876254180602 0.05016722408026756 0.2709030100334448
6 0.9013377926421404 0.061872909698996656 0.19732441471571907 0.12374581939799331
6 0.2909698996655518 0.9782608695652174 0.22240802675585283 0.04180602006688963
5 0.8277591973244147 0.3093645484949833 0.06020066889632107 0.07190635451505016
0 0.5066889632107023 0.5033444816053512 0.36454849498327757 0.3712374581939799
6 0.9264214046822743 0.9214046822742475 0.14046822742474915 0.15719063545150502
6 0.8060200668896321 0.10702341137123746 0.21739130434782608 0.20903010033444816
6 0.061872909698996656 0.17558528428093645 0.12374581939799331 0.22408026755852842
6 0.725752508361204 0.903010033444816 0.22073578595317725 0.1939799331103679
6 0.5267558528428093 0.8996655518394648 0.23076923076923078 0.20066889632107024
6 0.10535117056856187 0.6270903010033445 0.21070234113712374 0.205685618729097
6 0.09364548494983277 0.4531772575250836 0.18561872909698995 0.19063545150501673
6 0.2792642140468227 0.6187290969899666 0.17892976588628762 0.19899665551839466
6 0.6337792642140468 0.23244147157190637 0.2157190635451505 0.21237458193979933
6 0.45484949832775917 0.10702341137123746 0.22742474916387959 0.21237458193979933
6 0.8963210702341137 0.5668896321070234 0.20066889632107024 0.21906354515050167
6 0.6404682274247492 0.7224080267558528 0.23076923076923078 0.2157190635451505