6 0.9698996655518395 0.657190635451505 0.06020066889632107 0.225752508361204
5 0.8846153846153846 0.9782608695652174 0.07525083612040134 0.043478260869565216
5 0.12374581939799331 0.9581939799331104 0.0903010033444816 0.07859531772575251
6 0.9715719063545151 0.0802675585284281 0.05518394648829431 0.1588628762541806
6 0.03177257525083612 0.7374581939799331 0.06354515050167224 0.2408026755852843
5 0.06354515050167224 0.5903010033444817 0.07859531772575251 0.06856187290969899
0 0.5083612040133779 0.5183946488294314 0.4214046822742475 0.4230769230769231
6 0.09698996655518395 0.08862876254180602 0.1939799331103679 0.17725752508361203
6 0.931438127090301 0.4431438127090301 0.13043478260869565 0.225752508361204
6 0.27591973244147155 0.919732441471572 0.22909698996655517 0.1605351170568562
6 0.4214046822742475 0.7993311036789298 0.24749163879598662 0.225752508361204
6 0.6939799331103679 0.9113712374581939 0.26588628762541805 0.17725752508361203
6 0.7023411371237458 0.705685618729097 0.23411371237458195 0.2040133779264214
6 0.31605351170568563 0.24414715719063546 0.225752508361204 0.22408026755852842
6 0.7073578595317725 0.3377926421404682 0.23076923076923078 0.22408026755852842
6 0.24247491638795987 0.637123745819398 0.20234113712374582 0.2525083612040134
6 0.11371237458193979 0.4096989966555184 0.22742474916387959 0.22073578595317725
5 0.9515050167224081 0.979933110367893 0.05351170568561873 0.04013377926421405