6 0.9046822742474916 0.7558528428093646 0.17892976588628762 0.1956521739130435
6 0.03511705685618729 0.9749163879598662 0.07023411371237458 0.05016722408026756
6 0.6036789297658863 0.7608695652173914 0.2959866220735786 0.2976588628762542
6 0.8862876254180602 0.9749163879598662 0.205685618729097 0.05016722408026756
6 0.14214046822742474 0.048494983277591976 0.2391304347826087 0.09698996655518395
5 0.3879598662207358 0.013377926421404682 0.07357859531772576 0.026755852842809364
6 0.6153846153846154 0.9782608695652174 0.2140468227424749 0.04180602006688963
5 0.8127090301003345 0.205685618729097 0.09698996655518395 0.0903010033444816
0 0.49331103678929766 0.49665551839464883 0.44648829431438125 0.4866220735785953
6 0.6889632107023411 0.05351170568561873 0.22742474916387959 0.10702341137123746
6 0.26755852842809363 0.08528428093645485 0.2408026755852843 0.1705685618729097
5 0.205685618729097 0.19063545150501673 0.06688963210702341 0.06354515050167224
6 0.560200668896321 0.19899665551839466 0.225752508361204 0.2040133779264214
6 0.3511705685618729 0.8060200668896321 0.24247491638795987 0.24581939799331104
6 0.14381270903010032 0.9096989966555183 0.2391304347826087 0.17892976588628762
6 0.8210702341137124 0.5903010033444817 0.25585284280936454 0.23076923076923078
6 0.7391304347826086 0.8662207357859532 0.2391304347826087 0.2391304347826087
6 0.7642140468227425 0.35451505016722407 0.25585284280936454 0.22909698996655517
6 0.3612040133779264 0.2140468227424749 0.2391304347826087 0.21237458193979933