5 0.006688963210702341 0.4397993311036789 0.013377926421404682 0.06354515050167224
6 0.9782608695652174 0.5886287625418061 0.04180602006688963 0.205685618729097
6 0.3193979933110368 0.9698996655518395 0.21070234113712374 0.06020066889632107
0 0.5 0.49665551839464883 0.3996655518394649 0.4331103678929766
6 0.8528428093645485 0.048494983277591976 0.22742474916387959 0.09698996655518395
6 0.8795986622073578 0.9264214046822743 0.23578595317725753 0.14715719063545152
5 0.33444816053511706 0.030100334448160536 0.09197324414715718 0.06020066889632107
6 0.1454849498327759 0.34782608695652173 0.23578595317725753 0.21906354515050167
6 0.056856187290969896 0.8394648829431438 0.11371237458193979 0.2591973244147157
6 0.6036789297658863 0.04180602006688963 0.25585284280936454 0.08361204013377926
6 0.5735785953177257 0.7474916387959866 0.2809364548494983 0.23076923076923078
6 0.5016722408026756 0.9214046822742475 0.27424749163879597 0.15719063545150502
6 0.8394648829431438 0.24414715719063546 0.25418060200668896 0.2508361204013378
6 0.5351170568561873 0.205685618729097 0.23411371237458195 0.22073578595317725
6 0.2909698996655518 0.18227424749163879 0.24247491638795987 0.22909698996655517
6 0.9013377926421404 0.3879598662207358 0.19230769230769232 0.225752508361204
6 0.08862876254180602 0.11705685618729098 0.17725752508361203 0.23411371237458195
6 0.7341137123745819 0.8561872909698997 0.2591973244147157 0.2508361204013378
6 0.754180602006689 0.5183946488294314 0.20234113712374582 0.23076923076923078