6 0.5919732441471572 0.02508361204013378 0.23411371237458195 0.05016722408026756
6 0.9648829431438127 0.7842809364548495 0.07023411371237458 0.24749163879598662
6 0.05852842809364549 0.06020066889632107 0.11705685618729098 0.11872909698996656
6 0.44648829431438125 0.8478260869565217 0.22742474916387959 0.225752508361204
6 0.5752508361204013 0.9481605351170569 0.2408026755852843 0.10367892976588629
1 0.5050167224080268 0.5033444816053512 0.3896321070234114 0.40301003344481606
6 0.2792642140468227 0.051839464882943144 0.23076923076923078 0.10367892976588629
6 0.903010033444816 0.11036789297658862 0.18896321070234115 0.22073578595317725
6 0.9381270903010034 0.5535117056856187 0.12040133779264214 0.2491638795986622
6 0.06856187290969899 0.7792642140468228 0.1354515050167224 0.2491638795986622
6 0.9163879598662207 0.32441471571906355 0.16387959866220736 0.24247491638795987
6 0.2391304347826087 0.8913043478260869 0.2709030100334448 0.21739130434782608
6 0.8294314381270903 0.9063545150501672 0.2809364548494983 0.18729096989966554
6 0.22909698996655517 0.677257525083612 0.24247491638795987 0.23076923076923078
6 0.20066889632107024 0.3795986622073579 0.22240802675585283 0.21237458193979933
6 0.36454849498327757 0.22240802675585283 0.22742474916387959 0.21739130434782608
6 0.08528428093645485 0.205685618729097 0.1705685618729097 0.22408026755852842