6 0.43478260869565216 0.9832775919732442 0.23578595317725753 0.033444816053511704
6 0.9565217391304348 0.1354515050167224 0.08193979933110368 0.2709030100334448
6 0.05351170568561873 0.5702341137123745 0.10702341137123746 0.30267558528428096
6 0.08528428093645485 0.04013377926421405 0.1705685618729097 0.0802675585284281
6 0.20234113712374582 0.9498327759197325 0.2826086956521739 0.10033444816053512
6 0.842809364548495 0.9548494983277592 0.28595317725752506 0.0903010033444816
6 0.5167224080267558 0.061872909698996656 0.2608695652173913 0.12374581939799331
6 0.8946488294314381 0.8010033444816054 0.205685618729097 0.26588628762541805
6 0.822742474916388 0.08361204013377926 0.24749163879598662 0.16722408026755853
1 0.5033444816053512 0.5418060200668896 0.4096989966555184 0.4214046822742475
6 0.862876254180602 0.30434782608695654 0.24247491638795987 0.24581939799331104
6 0.6053511705685619 0.9080267558528428 0.24581939799331104 0.18394648829431437
6 0.7341137123745819 0.7508361204013378 0.22240802675585283 0.21906354515050167
6 0.24247491638795987 0.10535117056856187 0.2809364548494983 0.20903010033444816
6 0.391304347826087 0.24749163879598662 0.2709030100334448 0.25585284280936454
6 0.22909698996655517 0.794314381270903 0.3210702341137124 0.25585284280936454
6 0.6421404682274248 0.23076923076923078 0.25418060200668896 0.2809364548494983
6 0.20735785953177258 0.568561872909699 0.24749163879598662 0.22909698996655517
6 0.15384615384615385 0.35451505016722407 0.2809364548494983 0.2508361204013378