6 0.10869565217391304 0.23578595317725753 0.20903010033444816 0.2408026755852843
6 0.4866220735785953 0.9214046822742475 0.23076923076923078 0.15719063545150502
6 0.023411371237458192 0.6304347826086957 0.046822742474916385 0.23745819397993312
6 0.033444816053511704 0.9063545150501672 0.06688963210702341 0.18729096989966554
6 0.08695652173913043 0.8996655518394648 0.17391304347826086 0.20066889632107024
6 0.3896321070234114 0.013377926421404682 0.24414715719063546 0.026755852842809364
6 0.9632107023411371 0.18394648829431437 0.07023411371237458 0.23745819397993312
6 0.028428093645484948 0.07357859531772576 0.056856187290969896 0.14715719063545152
6 0.8578595317725752 0.6822742474916388 0.24247491638795987 0.22408026755852842
6 0.3979933110367893 0.754180602006689 0.24247491638795987 0.20903010033444816
6 0.7474916387959866 0.028428093645484948 0.23076923076923078 0.056856187290969896
6 0.05351170568561873 0.23745819397993312 0.10702341137123746 0.21906354515050167
6 0.9331103678929766 0.6538461538461539 0.12876254180602006 0.20234113712374582
6 0.6070234113712375 0.9381270903010034 0.26421404682274247 0.12374581939799331
1 0.5050167224080268 0.49665551839464883 0.48494983277591974 0.5016722408026756
5 0.12876254180602006 0.8043478260869565 0.07525083612040134 0.07859531772575251
6 0.24749163879598662 0.09364548494983277 0.22742474916387959 0.18729096989966554
6 0.2140468227424749 0.40468227424749165 0.205685618729097 0.225752508361204
6 0.8210702341137124 0.48327759197324416 0.20066889632107024 0.20234113712374582
6 0.20066889632107024 0.6404682274247492 0.21739130434782608 0.22408026755852842
6 0.5752508361204013 0.16387959866220736 0.24581939799331104 0.22408026755852842
6 0.802675585284281 0.23745819397993312 0.24581939799331104 0.23076923076923078
6 0.6438127090301003 0.7709030100334449 0.22742474916387959 0.23076923076923078
6 0.9096989966555183 0.8795986622073578 0.17558528428093645 0.23076923076923078
6 0.2692307692307692 0.8846153846153846 0.22742474916387959 0.22909698996655517
6 0.34782608695652173 0.13043478260869565 0.22240802675585283 0.205685618729097
6 0.13043478260869565 0.5334448160535117 0.1956521739130435 0.22909698996655517