6 0.18394648829431437 0.6454849498327759 0.2140468227424749 0.22909698996655517
6 0.939799331103679 0.11705685618729098 0.12040133779264214 0.21237458193979933
6 0.026755852842809364 0.903010033444816 0.05351170568561873 0.1939799331103679
6 0.81438127090301 0.011705685618729096 0.21070234113712374 0.023411371237458192
6 0.7575250836120402 0.9498327759197325 0.2157190635451505 0.10033444816053512
5 0.25752508361204013 0.46488294314381273 0.10367892976588629 0.0903010033444816
6 0.7842809364548495 0.9046822742474916 0.20234113712374582 0.17892976588628762
6 0.22909698996655517 0.5903010033444817 0.2140468227424749 0.19899665551839466
5 0.8595317725752508 0.1688963210702341 0.10869565217391304 0.1020066889632107
6 0.061872909698996656 0.745819397993311 0.12374581939799331 0.23411371237458195
1 0.5050167224080268 0.49665551839464883 0.411371237458194 0.4765886287625418
6 0.9448160535117057 0.3093645484949833 0.10702341137123746 0.21237458193979933
6 0.40301003344481606 0.8093645484949833 0.21739130434782608 0.16555183946488294
6 0.47324414715719065 0.09364548494983277 0.225752508361204 0.18729096989966554
6 0.20903010033444816 0.8494983277591973 0.21070234113712374 0.21237458193979933
6 0.17224080267558528 0.08361204013377926 0.22408026755852842 0.16722408026755853
6 0.8260869565217391 0.47157190635451507 0.23578595317725753 0.225752508361204