6 0.9648829431438127 0.9749163879598662 0.06688963210702341 0.05016722408026756
6 0.9816053511705686 0.43812709030100333 0.03511705685618729 0.23076923076923078
6 0.03511705685618729 0.04180602006688963 0.06856187290969899 0.08361204013377926
6 0.9632107023411371 0.043478260869565216 0.07357859531772576 0.08695652173913043
5 0.3010033444816054 0.6521739130434783 0.09698996655518395 0.1020066889632107
6 0.23411371237458195 0.3093645484949833 0.24247491638795987 0.23411371237458195
5 0.16220735785953178 0.8394648829431438 0.09197324414715718 0.08528428093645485
1 0.49498327759197325 0.49665551839464883 0.45484949832775917 0.44648829431438125
6 0.3210702341137124 0.038461538461538464 0.2391304347826087 0.07692307692307693
6 0.5635451505016722 0.043478260869565216 0.22742474916387959 0.08528428093645485
6 0.1505016722408027 0.9347826086956522 0.24581939799331104 0.13043478260869565
6 0.9046822742474916 0.5618729096989966 0.18394648829431437 0.24247491638795987
6 0.9247491638795987 0.2140468227424749 0.1454849498327759 0.205685618729097
6 0.33277591973244147 0.822742474916388 0.2508361204013378 0.2525083612040134
6 0.08528428093645485 0.725752508361204 0.1705685618729097 0.24749163879598662
6 0.08862876254180602 0.16722408026755853 0.17725752508361203 0.23411371237458195
6 0.7909698996655519 0.717391304347826 0.225752508361204 0.2508361204013378
6 0.8277591973244147 0.362876254180602 0.2508361204013378 0.23411371237458195
6 0.5886287625418061 0.7993311036789298 0.2608695652173913 0.2491638795986622
6 0.14214046822742474 0.4331103678929766 0.2391304347826087 0.22909698996655517
6 0.7040133779264214 0.16722408026755853 0.2525083612040134 0.21906354515050167