6 0.7591973244147158 0.22408026755852842 0.20066889632107024 0.225752508361204
6 0.016722408026755852 0.46321070234113715 0.033444816053511704 0.21739130434782608
6 0.9732441471571907 0.6137123745819398 0.05351170568561873 0.24247491638795987
6 0.4414715719063545 0.979933110367893 0.21070234113712374 0.038461538461538464
1 0.5033444816053512 0.5033444816053512 0.42474916387959866 0.45484949832775917
6 0.051839464882943144 0.2608695652173913 0.10367892976588629 0.23411371237458195
6 0.6588628762541806 0.20066889632107024 0.19230769230769232 0.2491638795986622
6 0.2508361204013378 0.9347826086956522 0.22742474916387959 0.13043478260869565
6 0.07023411371237458 0.9464882943143813 0.13879598662207357 0.10702341137123746
6 0.6304347826086957 0.9331103678929766 0.21070234113712374 0.13210702341137123
6 0.15551839464882944 0.06688963210702341 0.2508361204013378 0.13210702341137123
6 0.1454849498327759 0.4431438127090301 0.23578595317725753 0.22073578595317725
6 0.07525083612040134 0.7709030100334449 0.1505016722408027 0.23411371237458195
6 0.862876254180602 0.9096989966555183 0.24749163879598662 0.17892976588628762
6 0.23244147157190637 0.21739130434782608 0.26421404682274247 0.2040133779264214
6 0.8896321070234113 0.41638795986622074 0.21739130434782608 0.225752508361204
6 0.2608695652173913 0.7157190635451505 0.23244147157190637 0.20903010033444816