6 0.9765886287625418 0.2525083612040134 0.046822742474916385 0.20903010033444816
6 0.6923076923076923 0.7006688963210702 0.225752508361204 0.22408026755852842
6 0.5050167224080268 0.9264214046822743 0.2157190635451505 0.14715719063545152
6 0.9515050167224081 0.8662207357859532 0.09197324414715718 0.18394648829431437
6 0.5635451505016722 0.9698996655518395 0.21739130434782608 0.06020066889632107
5 0.7408026755852842 0.47491638795986624 0.08193979933110368 0.08862876254180602
2 0.41471571906354515 0.1454849498327759 0.43478260869565216 0.2909698996655518
6 0.16387959866220736 0.5752508361204013 0.18896321070234115 0.20903010033444816
6 0.09698996655518395 0.038461538461538464 0.1939799331103679 0.07692307692307693
6 0.7976588628762542 0.6337792642140468 0.20735785953177258 0.19899665551839466
1 0.46153846153846156 0.49665551839464883 0.5217391304347826 0.5150501672240803
6 0.6906354515050167 0.06688963210702341 0.225752508361204 0.13210702341137123
6 0.09364548494983277 0.7006688963210702 0.18561872909698995 0.23411371237458195
6 0.08361204013377926 0.4013377926421405 0.16722408026755853 0.23411371237458195
6 0.9347826086956522 0.6739130434782609 0.13043478260869565 0.205685618729097
6 0.6822742474916388 0.2508361204013378 0.24247491638795987 0.19899665551839466
6 0.1956521739130435 0.9214046822742475 0.21070234113712374 0.15719063545150502
6 0.8862876254180602 0.10535117056856187 0.2157190635451505 0.20903010033444816
6 0.3311036789297659 0.794314381270903 0.205685618729097 0.205685618729097
6 0.11204013377926421 0.18561872909698995 0.22408026755852842 0.21739130434782608
6 0.8712374581939799 0.4230769230769231 0.23411371237458195 0.21739130434782608
6 0.7140468227424749 0.9046822742474916 0.205685618729097 0.18729096989966554
6 0.802675585284281 0.9130434782608695 0.22742474916387959 0.17391304347826086