6 0.17892976588628762 0.3010033444816054 0.23076923076923078 0.22909698996655517
6 0.1254180602006689 0.16387959866220736 0.2508361204013378 0.2408026755852843
6 0.051839464882943144 0.9214046822742475 0.10367892976588629 0.15719063545150502
6 0.13043478260869565 0.03678929765886288 0.2608695652173913 0.07357859531772576
6 0.061872909698996656 0.6906354515050167 0.12374581939799331 0.23745819397993312
6 0.9431438127090301 0.9247491638795987 0.10702341137123746 0.1505016722408027
5 0.2826086956521739 0.23745819397993312 0.08193979933110368 0.0802675585284281
1 0.49331103678929766 0.5033444816053512 0.36454849498327757 0.5016722408026756
6 0.9280936454849499 0.30434782608695654 0.13879598662207357 0.27759197324414714
6 0.42474916387959866 0.9381270903010034 0.22742474916387959 0.12374581939799331
6 0.1939799331103679 0.931438127090301 0.23411371237458195 0.1354515050167224
6 0.6488294314381271 0.7441471571906354 0.2525083612040134 0.225752508361204
6 0.9331103678929766 0.7441471571906354 0.12876254180602006 0.22073578595317725
6 0.774247491638796 0.3511705685618729 0.21070234113712374 0.21906354515050167
6 0.774247491638796 0.8729096989966555 0.24247491638795987 0.22073578595317725
6 0.5785953177257525 0.11036789297658862 0.24749163879598662 0.22073578595317725
6 0.21237458193979933 0.745819397993311 0.20903010033444816 0.2391304347826087
6 0.7909698996655519 0.5668896321070234 0.2591973244147157 0.24247491638795987
6 0.4080267558528428 0.782608695652174 0.2157190635451505 0.20903010033444816
6 0.7993311036789298 0.11538461538461539 0.23411371237458195 0.23076923076923078