6 0.9163879598662207 0.9866220735785953 0.1605351170568562 0.026755852842809364
6 0.03511705685618729 0.17224080267558528 0.06856187290969899 0.24247491638795987
5 0.9765886287625418 0.3294314381270903 0.0451505016722408 0.11538461538461539
5 0.8745819397993311 0.9565217391304348 0.07190635451505016 0.07525083612040134
6 0.774247491638796 0.028428093645484948 0.26421404682274247 0.056856187290969896
6 0.9347826086956522 0.056856187290969896 0.13043478260869565 0.11371237458193979
1 0.5050167224080268 0.5016722408026756 0.44481605351170567 0.451505016722408
6 0.41638795986622074 0.8127090301003345 0.24749163879598662 0.22073578595317725
6 0.6672240802675585 0.9448160535117057 0.26755852842809363 0.11036789297658862
6 0.07859531772575251 0.8879598662207357 0.15719063545150502 0.22408026755852842
6 0.2508361204013378 0.9230769230769231 0.2608695652173913 0.15384615384615385
6 0.9113712374581939 0.822742474916388 0.17224080267558528 0.27759197324414714
6 0.26755852842809363 0.08862876254180602 0.2976588628762542 0.17725752508361203
6 0.842809364548495 0.4197324414715719 0.30267558528428096 0.2993311036789298
6 0.8127090301003345 0.677257525083612 0.2809364548494983 0.24749163879598662
6 0.5535117056856187 0.8193979933110368 0.23578595317725753 0.21906354515050167
6 0.5334448160535117 0.1454849498327759 0.3110367892976589 0.2909698996655518
6 0.16387959866220736 0.6471571906354515 0.31605351170568563 0.3060200668896321
6 0.13879598662207357 0.3093645484949833 0.27759197324414714 0.2508361204013378