6 0.2525083612040134 0.010033444816053512 0.2525083612040134 0.01839464882943144
1 0.49665551839464883 0.5033444816053512 0.4414715719063545 0.43812709030100333
6 0.051839464882943144 0.6839464882943144 0.10367892976588629 0.22909698996655517
6 0.05351170568561873 0.46153846153846156 0.10702341137123746 0.2725752508361204
6 0.47324414715719065 0.9548494983277592 0.23578595317725753 0.08862876254180602
6 0.48327759197324416 0.043478260869565216 0.2391304347826087 0.08528428093645485
6 0.07190635451505016 0.10869565217391304 0.14381270903010032 0.21739130434782608
6 0.919732441471572 0.705685618729097 0.1605351170568562 0.26755852842809363
6 0.2909698996655518 0.8779264214046822 0.1939799331103679 0.24414715719063546
6 0.697324414715719 0.06688963210702341 0.22742474916387959 0.13377926421404682
6 0.13879598662207357 0.8060200668896321 0.22240802675585283 0.26755852842809363
6 0.8712374581939799 0.49498327759197325 0.24581939799331104 0.24581939799331104
6 0.6822742474916388 0.9063545150501672 0.24749163879598662 0.18729096989966554
6 0.4782608695652174 0.81438127090301 0.24581939799331104 0.21906354515050167
6 0.745819397993311 0.28595317725752506 0.26421404682274247 0.2408026755852843
6 0.7240802675585284 0.705685618729097 0.2591973244147157 0.23076923076923078
6 0.26588628762541805 0.2792642140468227 0.24749163879598662 0.22742474916387959