6 0.011705685618729096 0.49498327759197325 0.021739130434782608 0.21906354515050167
6 0.2157190635451505 0.862876254180602 0.225752508361204 0.205685618729097
6 0.2725752508361204 0.9364548494983278 0.28929765886287623 0.12709030100334448
6 0.046822742474916385 0.13043478260869565 0.09197324414715718 0.2591973244147157
6 0.8812709030100334 0.9782608695652174 0.1688963210702341 0.043478260869565216
6 0.22742474916387959 0.6137123745819398 0.20066889632107024 0.33444816053511706
6 0.959866220735786 0.919732441471572 0.07525083612040134 0.1605351170568562
6 0.9046822742474916 0.6254180602006689 0.18394648829431437 0.23745819397993312
6 0.4230769230769231 0.04013377926421405 0.225752508361204 0.0802675585284281
6 0.7608695652173914 0.06856187290969899 0.22742474916387959 0.13712374581939799
1 0.5050167224080268 0.5568561872909699 0.4214046822742475 0.4297658862876254
6 0.13377926421404682 0.21070234113712374 0.2140468227424749 0.17391304347826086
6 0.09531772575250837 0.362876254180602 0.18896321070234115 0.2408026755852843
6 0.5769230769230769 0.14214046822742474 0.24749163879598662 0.23411371237458195
6 0.5702341137123745 0.8511705685618729 0.24581939799331104 0.22073578595317725
6 0.35618729096989965 0.17892976588628762 0.2508361204013378 0.225752508361204
6 0.8043478260869565 0.3695652173913043 0.2140468227424749 0.205685618729097
6 0.919732441471572 0.17224080267558528 0.1588628762541806 0.23244147157190637