6 0.9682274247491639 0.637123745819398 0.06354515050167224 0.2491638795986622
6 0.81438127090301 0.011705685618729096 0.22742474916387959 0.021739130434782608
6 0.1505016722408027 0.016722408026755852 0.22240802675585283 0.033444816053511704
6 0.016722408026755852 0.08193979933110368 0.033444816053511704 0.16220735785953178
6 0.9648829431438127 0.24581939799331104 0.06688963210702341 0.225752508361204
6 0.3729096989966555 0.9782608695652174 0.22073578595317725 0.043478260869565216
1 0.5016722408026756 0.49665551839464883 0.43645484949832775 0.451505016722408
6 0.939799331103679 0.5183946488294314 0.11371237458193979 0.225752508361204
6 0.5217391304347826 0.06020066889632107 0.225752508361204 0.11872909698996656
6 0.8996655518394648 0.9280936454849499 0.1956521739130435 0.14381270903010032
6 0.6538461538461539 0.9130434782608695 0.20234113712374582 0.17391304347826086
6 0.8461538461538461 0.13377926421404682 0.20903010033444816 0.205685618729097
6 0.7892976588628763 0.5652173913043478 0.18896321070234115 0.2709030100334448
6 0.28929765886287623 0.28762541806020064 0.22240802675585283 0.205685618729097
6 0.3076923076923077 0.08528428093645485 0.22240802675585283 0.1705685618729097
6 0.27759197324414714 0.7006688963210702 0.22742474916387959 0.24247491638795987
6 0.7976588628762542 0.3411371237458194 0.25585284280936454 0.2040133779264214
6 0.10367892976588629 0.5468227424749164 0.205685618729097 0.2408026755852843
6 0.1020066889632107 0.7859531772575251 0.20234113712374582 0.2391304347826087
6 0.11371237458193979 0.1705685618729097 0.21739130434782608 0.23745819397993312