6 0.9581939799331104 0.931438127090301 0.07859531772575251 0.1354515050167224
6 0.03177257525083612 0.8896321070234113 0.06354515050167224 0.2157190635451505
6 0.9866220735785953 0.6672240802675585 0.026755852842809364 0.2508361204013378
6 0.026755852842809364 0.4397993311036789 0.05351170568561873 0.225752508361204
1 0.5016722408026756 0.49665551839464883 0.46488294314381273 0.46488294314381273
6 0.18896321070234115 0.043478260869565216 0.2391304347826087 0.08528428093645485
6 0.939799331103679 0.10367892976588629 0.11705685618729098 0.205685618729097
6 0.9381270903010034 0.31605351170568563 0.12040133779264214 0.2408026755852843
6 0.7591973244147158 0.9515050167224081 0.24581939799331104 0.09698996655518395
6 0.17391304347826086 0.9113712374581939 0.2140468227424749 0.17725752508361203
6 0.12040133779264214 0.3010033444816054 0.23578595317725753 0.22909698996655517
6 0.33277591973244147 0.7842809364548495 0.22240802675585283 0.24581939799331104
6 0.7023411371237458 0.08193979933110368 0.2591973244147157 0.16220735785953178
6 0.27759197324414714 0.16722408026755853 0.21070234113712374 0.2157190635451505
6 0.7809364548494984 0.2809364548494983 0.22240802675585283 0.23745819397993312
6 0.6688963210702341 0.7809364548494984 0.25585284280936454 0.23411371237458195
6 0.8695652173913043 0.6120401337792643 0.23411371237458195 0.22073578595317725