6 0.020066889632107024 0.8528428093645485 0.038461538461538464 0.22408026755852842
6 0.637123745819398 0.026755852842809364 0.19063545150501673 0.05351170568561873
6 0.01839464882943144 0.5903010033444817 0.03511705685618729 0.22073578595317725
6 0.9632107023411371 0.4765886287625418 0.07023411371237458 0.2591973244147157
6 0.9531772575250836 0.862876254180602 0.08862876254180602 0.23745819397993312
6 0.4331103678929766 0.09197324414715718 0.22742474916387959 0.18394648829431437
6 0.9414715719063546 0.205685618729097 0.11705685618729098 0.23076923076923078
6 0.617056856187291 0.14715719063545152 0.2508361204013378 0.2725752508361204
6 0.10367892976588629 0.9080267558528428 0.205685618729097 0.18394648829431437
6 0.07023411371237458 0.31270903010033446 0.13879598662207357 0.21237458193979933
1 0.5033444816053512 0.5133779264214047 0.4531772575250836 0.46153846153846156
6 0.3210702341137124 0.8946488294314381 0.24247491638795987 0.20903010033444816
6 0.8076923076923077 0.4698996655518395 0.23578595317725753 0.22408026755852842
6 0.6839464882943144 0.9264214046822743 0.24749163879598662 0.14715719063545152
6 0.19063545150501673 0.4280936454849498 0.225752508361204 0.225752508361204
6 0.5234113712374582 0.8193979933110368 0.2140468227424749 0.19063545150501673
6 0.8060200668896321 0.26755852842809363 0.2391304347826087 0.225752508361204
6 0.1939799331103679 0.11371237458193979 0.2608695652173913 0.22408026755852842
6 0.7474916387959866 0.7307692307692307 0.23411371237458195 0.22408026755852842
6 0.20903010033444816 0.6622073578595318 0.2591973244147157 0.23411371237458195