6 0.903010033444816 0.9214046822742475 0.18729096989966554 0.15719063545150502
6 0.22073578595317725 0.06354515050167224 0.23578595317725753 0.12207357859531773
6 0.9648829431438127 0.6454849498327759 0.07023411371237458 0.22408026755852842
6 0.8795986622073578 0.021739130434782608 0.225752508361204 0.043478260869565216
6 0.07190635451505016 0.0903010033444816 0.14214046822742474 0.17892976588628762
5 0.959866220735786 0.8160535117056856 0.07023411371237458 0.08361204013377926
6 0.5468227424749164 0.8160535117056856 0.2140468227424749 0.20903010033444816
6 0.21237458193979933 0.6137123745819398 0.23076923076923078 0.22408026755852842
6 0.6839464882943144 0.23745819397993312 0.26421404682274247 0.21237458193979933
6 0.11705685618729098 0.9698996655518395 0.22742474916387959 0.06020066889632107
6 0.05852842809364549 0.43645484949832775 0.11705685618729098 0.22909698996655517
6 0.822742474916388 0.9214046822742475 0.22073578595317725 0.15719063545150502
1 0.5117056856187291 0.5 0.4665551839464883 0.46488294314381273
6 0.6538461538461539 0.8244147157190636 0.22073578595317725 0.20234113712374582
6 0.6789297658862876 0.07023411371237458 0.2709030100334448 0.14046822742474915
6 0.2391304347826087 0.14715719063545152 0.23411371237458195 0.21739130434782608
6 0.1688963210702341 0.7224080267558528 0.21739130434782608 0.23076923076923078
6 0.35785953177257523 0.9230769230769231 0.23411371237458195 0.15384615384615385
6 0.8461538461538461 0.28929765886287623 0.23578595317725753 0.2040133779264214
6 0.18561872909698995 0.3494983277591973 0.21070234113712374 0.20903010033444816
6 0.9347826086956522 0.3210702341137124 0.13043478260869565 0.23411371237458195