6 0.03678929765886288 0.6438127090301003 0.07357859531772576 0.21739130434782608
6 0.7892976588628763 0.13210702341137123 0.18896321070234115 0.23076923076923078
6 0.5217391304347826 0.016722408026755852 0.18561872909698995 0.033444816053511704
6 0.4280936454849498 0.9464882943143813 0.23411371237458195 0.10702341137123746
6 0.9715719063545151 0.6321070234113713 0.05016722408026756 0.205685618729097
6 0.9749163879598662 0.44816053511705684 0.0451505016722408 0.19063545150501673
6 0.9481605351170569 0.0903010033444816 0.09698996655518395 0.1806020066889632
6 0.4080267558528428 0.9732441471571907 0.24414715719063546 0.05351170568561873
6 0.3779264214046823 0.12040133779264214 0.21739130434782608 0.225752508361204
6 0.8127090301003345 0.061872909698996656 0.19732441471571907 0.12374581939799331
6 0.06856187290969899 0.6036789297658863 0.1354515050167224 0.2591973244147157
6 0.2608695652173913 0.8361204013377926 0.23244147157190637 0.205685618729097
1 0.5033444816053512 0.49665551839464883 0.4214046822742475 0.46488294314381273
6 0.16722408026755853 0.38294314381270905 0.21739130434782608 0.2491638795986622
6 0.06521739130434782 0.8996655518394648 0.13043478260869565 0.19063545150501673
6 0.6304347826086957 0.08695652173913043 0.18896321070234115 0.17391304347826086
6 0.8762541806020067 0.6672240802675585 0.19230769230769232 0.20234113712374582
6 0.7157190635451505 0.8478260869565217 0.25585284280936454 0.26588628762541805
6 0.4866220735785953 0.1488294314381271 0.205685618729097 0.20234113712374582