6 0.08862876254180602 0.5033444816053512 0.17224080267558528 0.205685618729097
6 0.03511705685618729 0.7073578595317725 0.07023411371237458 0.27759197324414714
6 0.026755852842809364 0.26421404682274247 0.05351170568561873 0.225752508361204
6 0.9096989966555183 0.9782608695652174 0.1806020066889632 0.03678929765886288
6 0.8712374581939799 0.4983277591973244 0.21070234113712374 0.24247491638795987
6 0.3060200668896321 0.9715719063545151 0.23076923076923078 0.056856187290969896
6 0.5719063545150501 0.03511705685618729 0.28595317725752506 0.06856187290969899
5 0.030100334448160536 0.05518394648829431 0.06020066889632107 0.06688963210702341
5 0.25418060200668896 0.1956521739130435 0.09698996655518395 0.09364548494983277
6 0.8444816053511706 0.07525083612040134 0.2842809364548495 0.1505016722408027
1 0.5066889632107023 0.5234113712374582 0.4682274247491639 0.5016722408026756
6 0.13377926421404682 0.27591973244147155 0.20234113712374582 0.23076923076923078
6 0.6220735785953178 0.8461538461538461 0.2608695652173913 0.225752508361204
6 0.6521739130434783 0.12040133779264214 0.21906354515050167 0.23745819397993312
6 0.3010033444816054 0.794314381270903 0.24749163879598662 0.2157190635451505
6 0.4397993311036789 0.13712374581939799 0.2608695652173913 0.2408026755852843
6 0.1254180602006689 0.8979933110367893 0.2508361204013378 0.2040133779264214
6 0.9347826086956522 0.34615384615384615 0.13043478260869565 0.26421404682274247
6 0.8846153846153846 0.774247491638796 0.22909698996655517 0.22240802675585283
6 0.7474916387959866 0.8879598662207357 0.2040133779264214 0.22408026755852842
6 0.5016722408026756 0.9063545150501672 0.26755852842809363 0.18729096989966554
6 0.205685618729097 0.5 0.20234113712374582 0.2709030100334448
6 0.931438127090301 0.7290969899665551 0.1354515050167224 0.22742474916387959