6 0.9347826086956522 0.010033444816053512 0.13043478260869565 0.020066889632107024
6 0.02508361204013378 0.31438127090301005 0.05016722408026756 0.2591973244147157
6 0.9331103678929766 0.4698996655518395 0.13377926421404682 0.26755852842809363
5 0.9481605351170569 0.7274247491638796 0.08193979933110368 0.07190635451505016
6 0.225752508361204 0.3060200668896321 0.2976588628762542 0.2525083612040134
6 0.051839464882943144 0.03511705685618729 0.10367892976588629 0.06856187290969899
1 0.4983277591973244 0.5033444816053512 0.431438127090301 0.44648829431438125
5 0.657190635451505 0.1454849498327759 0.06354515050167224 0.056856187290969896
6 0.10869565217391304 0.33444816053511706 0.19230769230769232 0.205685618729097
5 0.3193979933110368 0.18394648829431437 0.10702341137123746 0.08695652173913043
6 0.07357859531772576 0.9565217391304348 0.14715719063545152 0.08528428093645485
6 0.774247491638796 0.9615384615384616 0.23076923076923078 0.07692307692307693
6 0.7491638795986622 0.7675585284280937 0.23411371237458195 0.2391304347826087
6 0.5551839464882943 0.056856187290969896 0.23411371237458195 0.11204013377926421
6 0.6638795986622074 0.8478260869565217 0.21070234113712374 0.18227424749163879
6 0.1705685618729097 0.5484949832775919 0.26421404682274247 0.24581939799331104
6 0.8244147157190636 0.49331103678929766 0.23411371237458195 0.22073578595317725
6 0.9046822742474916 0.17224080267558528 0.18561872909698995 0.19063545150501673
6 0.4431438127090301 0.8846153846153846 0.22240802675585283 0.22909698996655517
6 0.2157190635451505 0.8812709030100334 0.24247491638795987 0.23745819397993312
6 0.21237458193979933 0.08193979933110368 0.24247491638795987 0.16220735785953178