6 0.12207357859531773 0.3963210702341137 0.23411371237458195 0.18729096989966554
6 0.30267558528428096 0.8929765886287625 0.23411371237458195 0.21237458193979933
6 0.020066889632107024 0.03511705685618729 0.038461538461538464 0.06856187290969899
6 0.023411371237458192 0.27591973244147155 0.046822742474916385 0.18729096989966554
6 0.979933110367893 0.7040133779264214 0.038461538461538464 0.19063545150501673
6 0.06688963210702341 0.9464882943143813 0.13377926421404682 0.10702341137123746
6 0.13210702341137123 0.5568561872909699 0.2591973244147157 0.20903010033444816
6 0.28929765886287623 0.6822742474916388 0.24581939799331104 0.24749163879598662
6 0.8093645484949833 0.42642140468227424 0.21739130434782608 0.18394648829431437
5 0.9548494983277592 0.5836120401337793 0.07859531772575251 0.07190635451505016
6 0.3996655518394649 0.048494983277591976 0.23076923076923078 0.09698996655518395
6 0.2391304347826087 0.9548494983277592 0.21739130434782608 0.0903010033444816
6 0.6421404682274248 0.22909698996655517 0.2391304347826087 0.225752508361204
6 0.7090301003344481 0.05351170568561873 0.23578595317725753 0.10702341137123746
5 0.9715719063545151 0.8327759197324415 0.056856187290969896 0.07190635451505016
6 0.4665551839464883 0.931438127090301 0.23411371237458195 0.13712374581939799
6 0.8127090301003345 0.7809364548494984 0.2140468227424749 0.25585284280936454
6 0.9063545150501672 0.9364548494983278 0.1806020066889632 0.12709030100334448
6 0.10367892976588629 0.13712374581939799 0.20735785953177258 0.23578595317725753
6 0.8678929765886287 0.21237458193979933 0.22073578595317725 0.22073578595317725
1 0.5050167224080268 0.520066889632107 0.4214046822742475 0.451505016722408
6 0.8210702341137124 0.5334448160535117 0.2140468227424749 0.205685618729097
6 0.6304347826086957 0.8996655518394648 0.21070234113712374 0.20066889632107024
6 0.10033444816053512 0.7123745819397993 0.20066889632107024 0.22909698996655517
6 0.3862876254180602 0.21906354515050167 0.27424749163879597 0.23244147157190637
6 0.2909698996655518 0.2692307692307692 0.18394648829431437 0.2842809364548495