6 0.013377926421404682 0.7040133779264214 0.026755852842809364 0.21739130434782608
6 0.1806020066889632 0.013377926421404682 0.23411371237458195 0.026755852842809364
6 0.9581939799331104 0.21070234113712374 0.07859531772575251 0.21906354515050167
1 0.5016722408026756 0.4983277591973244 0.4096989966555184 0.4230769230769231
6 0.5953177257525084 0.02508361204013378 0.22742474916387959 0.05016722408026756
5 0.677257525083612 0.6421404682274248 0.07525083612040134 0.07525083612040134
6 0.06354515050167224 0.1254180602006689 0.12709030100334448 0.2508361204013378
6 0.342809364548495 0.9247491638795987 0.22408026755852842 0.1505016722408027
6 0.9414715719063546 0.8946488294314381 0.11036789297658862 0.2040133779264214
6 0.9280936454849499 0.41638795986622074 0.13879598662207357 0.205685618729097
6 0.8327759197324415 0.1254180602006689 0.19230769230769232 0.19063545150501673
6 0.11705685618729098 0.2959866220735786 0.21070234113712374 0.18394648829431437
6 0.13043478260869565 0.9046822742474916 0.21739130434782608 0.19063545150501673
6 0.44648829431438125 0.7926421404682275 0.22742474916387959 0.205685618729097
6 0.7591973244147158 0.3093645484949833 0.2391304347826087 0.23076923076923078
6 0.09364548494983277 0.5217391304347826 0.18561872909698995 0.25585284280936454
6 0.2608695652173913 0.6889632107023411 0.22240802675585283 0.2040133779264214
6 0.3060200668896321 0.20903010033444816 0.2508361204013378 0.225752508361204