6 0.14046822742474915 0.6421404682274248 0.1588628762541806 0.1488294314381271
6 0.020066889632107024 0.9581939799331104 0.038461538461538464 0.08361204013377926
6 0.021739130434782608 0.4297658862876254 0.043478260869565216 0.1956521739130435
6 0.7558528428093646 0.016722408026755852 0.24581939799331104 0.033444816053511704
6 0.5301003344481605 0.020066889632107024 0.21070234113712374 0.038461538461538464
6 0.10535117056856187 0.6020066889632107 0.21070234113712374 0.23411371237458195
6 0.04013377926421405 0.8260869565217391 0.0802675585284281 0.1939799331103679
6 0.5769230769230769 0.9632107023411371 0.24414715719063546 0.07357859531772576
6 0.1588628762541806 0.9565217391304348 0.23076923076923078 0.08528428093645485
1 0.5033444816053512 0.520066889632107 0.459866220735786 0.46488294314381273
6 0.06688963210702341 0.08361204013377926 0.13210702341137123 0.16722408026755853
6 0.9448160535117057 0.6806020066889632 0.10702341137123746 0.20234113712374582
6 0.5418060200668896 0.14214046822742474 0.2157190635451505 0.23411371237458195
6 0.8913043478260869 0.27759197324414714 0.205685618729097 0.20903010033444816
6 0.8662207357859532 0.5050167224080268 0.23578595317725753 0.19063545150501673