6 0.8076923076923077 0.033444816053511704 0.3277591973244147 0.06521739130434782
6 0.028428093645484948 0.2725752508361204 0.056856187290969896 0.31438127090301005
6 0.03511705685618729 0.9632107023411371 0.07023411371237458 0.07357859531772576
6 0.8712374581939799 0.021739130434782608 0.22073578595317725 0.043478260869565216
6 0.12876254180602006 0.7558528428093646 0.2525083612040134 0.2508361204013378
6 0.745819397993311 0.051839464882943144 0.2140468227424749 0.10367892976588629
6 0.20735785953177258 0.6989966555183946 0.20234113712374582 0.1956521739130435
6 0.9163879598662207 0.8963210702341137 0.1605351170568562 0.20234113712374582
6 0.8612040133779264 0.7240802675585284 0.2508361204013378 0.24749163879598662
6 0.931438127090301 0.391304347826087 0.13043478260869565 0.24247491638795987
1 0.49498327759197325 0.5050167224080268 0.48494983277591974 0.5267558528428093
6 0.7658862876254181 0.6789297658862876 0.2140468227424749 0.21906354515050167
6 0.9247491638795987 0.12709030100334448 0.1454849498327759 0.22073578595317725
6 0.22240802675585283 0.13879598662207357 0.22742474916387959 0.21906354515050167
6 0.7441471571906354 0.9364548494983278 0.2508361204013378 0.12709030100334448
6 0.19063545150501673 0.34782608695652173 0.2140468227424749 0.22909698996655517
6 0.38127090301003347 0.08862876254180602 0.21739130434782608 0.17725752508361203
6 0.6304347826086957 0.19063545150501673 0.2508361204013378 0.2408026755852843
6 0.6020066889632107 0.822742474916388 0.24749163879598662 0.21906354515050167
6 0.7876254180602007 0.3411371237458194 0.23578595317725753 0.2157190635451505
6 0.30434782608695654 0.8795986622073578 0.24749163879598662 0.23745819397993312