6 0.25418060200668896 0.8745819397993311 0.20234113712374582 0.2408026755852843
6 0.2842809364548495 0.030100334448160536 0.33612040133779264 0.06020066889632107
6 0.05016722408026756 0.3712374581939799 0.10033444816053512 0.33612040133779264
6 0.2157190635451505 0.020066889632107024 0.25585284280936454 0.038461538461538464
6 0.5953177257525084 0.04013377926421405 0.22240802675585283 0.0802675585284281
6 0.8244147157190636 0.02508361204013378 0.25585284280936454 0.05016722408026756
6 0.6354515050167224 0.9632107023411371 0.22742474916387959 0.07357859531772576
6 0.08361204013377926 0.6638795986622074 0.16722408026755853 0.27759197324414714
6 0.38461538461538464 0.12207357859531773 0.2525083612040134 0.21237458193979933
6 0.9280936454849499 0.09531772575250837 0.13712374581939799 0.19063545150501673
6 0.6672240802675585 0.27591973244147155 0.2525083612040134 0.225752508361204
1 0.49331103678929766 0.520066889632107 0.4197324414715719 0.4280936454849498
6 0.919732441471572 0.774247491638796 0.15551839464882944 0.2157190635451505
6 0.4431438127090301 0.9180602006688964 0.225752508361204 0.16220735785953178
6 0.1588628762541806 0.8612040133779264 0.25585284280936454 0.21237458193979933
6 0.782608695652174 0.8846153846153846 0.2525083612040134 0.23076923076923078
6 0.8963210702341137 0.5702341137123745 0.20234113712374582 0.23745819397993312
6 0.13377926421404682 0.13210702341137123 0.26421404682274247 0.225752508361204
6 0.7675585284280937 0.43645484949832775 0.18896321070234115 0.23745819397993312
6 0.5183946488294314 0.12374581939799331 0.24749163879598662 0.205685618729097