6 0.9866220735785953 0.07692307692307693 0.026755852842809364 0.15384615384615385
6 0.9765886287625418 0.8327759197324415 0.0451505016722408 0.22073578595317725
6 0.030100334448160536 0.5618729096989966 0.06020066889632107 0.2491638795986622
6 0.6672240802675585 0.7474916387959866 0.2591973244147157 0.21906354515050167
6 0.9481605351170569 0.38127090301003347 0.09698996655518395 0.22073578595317725
6 0.1688963210702341 0.7391304347826086 0.23411371237458195 0.21906354515050167
6 0.1939799331103679 0.6070234113712375 0.22240802675585283 0.2157190635451505
6 0.1605351170568562 0.9782608695652174 0.2391304347826087 0.04180602006688963
6 0.754180602006689 0.6672240802675585 0.19732441471571907 0.21906354515050167
5 0.7892976588628763 0.5050167224080268 0.10702341137123746 0.1020066889632107
1 0.5016722408026756 0.49665551839464883 0.4197324414715719 0.4397993311036789
6 0.1020066889632107 0.8461538461538461 0.20234113712374582 0.22408026755852842
6 0.9180602006688964 0.5953177257525084 0.16387959866220736 0.24247491638795987
6 0.7976588628762542 0.9063545150501672 0.2591973244147157 0.18729096989966554
6 0.32274247491638797 0.12374581939799331 0.2591973244147157 0.23745819397993312
6 0.09698996655518395 0.13712374581939799 0.1939799331103679 0.24581939799331104
6 0.391304347826087 0.7709030100334449 0.2391304347826087 0.225752508361204
6 0.6086956521739131 0.19063545150501673 0.22073578595317725 0.2040133779264214
6 0.7976588628762542 0.32441471571906355 0.2525083612040134 0.23076923076923078
6 0.15719063545150502 0.3695652173913043 0.2591973244147157 0.24247491638795987
6 0.8210702341137124 0.10367892976588629 0.26421404682274247 0.205685618729097