6 0.9698996655518395 0.28595317725752506 0.06020066889632107 0.22073578595317725
6 0.6722408026755853 0.9866220735785953 0.23411371237458195 0.026755852842809364
6 0.03678929765886288 0.08361204013377926 0.07357859531772576 0.16722408026755853
6 0.2909698996655518 0.03177257525083612 0.2809364548494983 0.061872909698996656
6 0.7090301003344481 0.18394648829431437 0.28595317725752506 0.18729096989966554
6 0.1939799331103679 0.40468227424749165 0.2608695652173913 0.2709030100334448
6 0.5267558528428093 0.043478260869565216 0.21739130434782608 0.08695652173913043
6 0.24581939799331104 0.802675585284281 0.23578595317725753 0.22408026755852842
6 0.05518394648829431 0.2792642140468227 0.11036789297658862 0.23411371237458195
6 0.36622073578595316 0.9414715719063546 0.24749163879598662 0.11538461538461539
1 0.5083612040133779 0.5284280936454849 0.45652173913043476 0.45819397993311034
6 0.9180602006688964 0.7391304347826086 0.1588628762541806 0.205685618729097
6 0.3745819397993311 0.20066889632107024 0.2391304347826087 0.23411371237458195
6 0.7040133779264214 0.8444816053511706 0.23076923076923078 0.23411371237458195
6 0.7642140468227425 0.2993311036789298 0.205685618729097 0.21237458193979933
6 0.8913043478260869 0.5016722408026756 0.2140468227424749 0.24247491638795987
6 0.9130434782608695 0.08361204013377926 0.16722408026755853 0.16722408026755853