1 0.5050167224080268 0.5016722408026756 0.45652173913043476 0.479933110367893
6 0.26588628762541805 0.03678929765886288 0.26421404682274247 0.07357859531772576
6 0.6036789297658863 0.033444816053511704 0.2525083612040134 0.06521739130434782
6 0.7909698996655519 0.7625418060200669 0.23411371237458195 0.24247491638795987
6 0.07190635451505016 0.2993311036789298 0.14214046822742474 0.31438127090301005
6 0.9147157190635451 0.7775919732441472 0.16722408026755853 0.26755852842809363
6 0.07692307692307693 0.07692307692307693 0.15384615384615385 0.15384615384615385
6 0.6555183946488294 0.9280936454849499 0.24581939799331104 0.14381270903010032
6 0.5635451505016722 0.8210702341137124 0.2608695652173913 0.23076923076923078
6 0.21906354515050167 0.17391304347826086 0.2725752508361204 0.2157190635451505
6 0.903010033444816 0.5267558528428093 0.18896321070234115 0.23411371237458195
6 0.07859531772575251 0.6923076923076923 0.15719063545150502 0.21906354515050167
6 0.7391304347826086 0.13377926421404682 0.2508361204013378 0.22408026755852842
6 0.19063545150501673 0.41638795986622074 0.225752508361204 0.2625418060200669
6 0.2408026755852843 0.822742474916388 0.27759197324414714 0.23076923076923078