6 0.04013377926421405 0.7508361204013378 0.0802675585284281 0.2842809364548495
6 0.038461538461538464 0.056856187290969896 0.07692307692307693 0.11371237458193979
6 0.021739130434782608 0.25418060200668896 0.04180602006688963 0.21906354515050167
6 0.9264214046822743 0.6622073578595318 0.14715719063545152 0.2608695652173913
6 0.9414715719063546 0.09698996655518395 0.11705685618729098 0.1939799331103679
6 0.42642140468227424 0.011705685618729096 0.26421404682274247 0.023411371237458192
6 0.8678929765886287 0.32608695652173914 0.2525083612040134 0.2408026755852843
6 0.5819397993311036 0.9832775919732442 0.2408026755852843 0.033444816053511704
6 0.09866220735785954 0.9013377926421404 0.19732441471571907 0.19732441471571907
6 0.3762541806020067 0.9515050167224081 0.2591973244147157 0.09698996655518395
1 0.5 0.49665551839464883 0.5384615384615384 0.5150501672240803
6 0.8377926421404682 0.49498327759197325 0.225752508361204 0.24581939799331104
6 0.7575250836120402 0.048494983277591976 0.27759197324414714 0.09698996655518395
6 0.4397993311036789 0.8210702341137124 0.2591973244147157 0.23745819397993312
6 0.28595317725752506 0.11371237458193979 0.23578595317725753 0.22742474916387959
6 0.8678929765886287 0.9381270903010034 0.26421404682274247 0.12374581939799331
6 0.919732441471572 0.7976588628762542 0.1588628762541806 0.24581939799331104
6 0.7474916387959866 0.6989966555183946 0.2508361204013378 0.21237458193979933
6 0.6755852842809364 0.8662207357859532 0.25418060200668896 0.25585284280936454
6 0.842809364548495 0.18896321070234115 0.2809364548494983 0.24581939799331104
6 0.2140468227424749 0.32274247491638797 0.2391304347826087 0.23076923076923078
6 0.3060200668896321 0.717391304347826 0.27759197324414714 0.2508361204013378
6 0.13210702341137123 0.5668896321070234 0.26421404682274247 0.27759197324414714
6 0.12876254180602006 0.11371237458193979 0.2525083612040134 0.22742474916387959