6 0.2591973244147157 0.12207357859531773 0.22742474916387959 0.2408026755852843
5 0.42474916387959866 0.8160535117056856 0.10033444816053512 0.10535117056856187
6 0.026755852842809364 0.08361204013377926 0.05351170568561873 0.16722408026755853
6 0.9531772575250836 0.5016722408026756 0.08862876254180602 0.31438127090301005
6 0.842809364548495 0.9214046822742475 0.25418060200668896 0.15719063545150502
5 0.48327759197324416 0.882943143812709 0.11705685618729098 0.1020066889632107
6 0.6588628762541806 0.03177257525083612 0.30267558528428096 0.061872909698996656
5 0.10869565217391304 0.7525083612040134 0.09531772575250837 0.10033444816053512
5 0.6187290969899666 0.8177257525083612 0.09531772575250837 0.08862876254180602
6 0.1254180602006689 0.5367892976588629 0.2508361204013378 0.3210702341137124
6 0.3511705685618729 0.9431438127090301 0.30267558528428096 0.11371237458193979
6 0.15384615384615385 0.15384615384615385 0.3060200668896321 0.2993311036789298
6 0.4782608695652174 0.0903010033444816 0.28595317725752506 0.17892976588628762
1 0.5 0.5234113712374582 0.4397993311036789 0.4397993311036789
6 0.9180602006688964 0.11371237458193979 0.16387959866220736 0.22742474916387959
6 0.81438127090301 0.40468227424749165 0.25585284280936454 0.26588628762541805
6 0.8160535117056856 0.637123745819398 0.24247491638795987 0.2391304347826087
6 0.8963210702341137 0.8996655518394648 0.20735785953177258 0.20066889632107024