6 0.41638795986622074 0.1806020066889632 0.2157190635451505 0.21237458193979933
6 0.7157190635451505 0.048494983277591976 0.27424749163879597 0.09698996655518395
1 0.5033444816053512 0.5016722408026756 0.45652173913043476 0.4682274247491639
6 0.9381270903010034 0.2959866220735786 0.12040133779264214 0.24581939799331104
6 0.8193979933110368 0.10535117056856187 0.24581939799331104 0.20903010033444816
6 0.39464882943143814 0.07859531772575251 0.21906354515050167 0.15551839464882944
6 0.7558528428093646 0.931438127090301 0.22742474916387959 0.13712374581939799
6 0.08193979933110368 0.2909698996655518 0.16387959866220736 0.24581939799331104
6 0.3795986622073579 0.9364548494983278 0.29264214046822745 0.12709030100334448
6 0.2157190635451505 0.1806020066889632 0.1956521739130435 0.23411371237458195
6 0.12709030100334448 0.9013377926421404 0.2408026755852843 0.19732441471571907
6 0.10535117056856187 0.6839464882943144 0.21070234113712374 0.22408026755852842
6 0.3210702341137124 0.7709030100334449 0.2608695652173913 0.22408026755852842
6 0.6137123745819398 0.19230769230769232 0.2391304347826087 0.22073578595317725
6 0.1605351170568562 0.4698996655518395 0.26755852842809363 0.2408026755852843