6 0.04180602006688963 0.03511705685618729 0.08361204013377926 0.06856187290969899
6 0.01839464882943144 0.2525083612040134 0.03511705685618729 0.20903010033444816
6 0.9715719063545151 0.882943143812709 0.056856187290969896 0.22909698996655517
6 0.8127090301003345 0.9832775919732442 0.22742474916387959 0.033444816053511704
6 0.028428093645484948 0.7240802675585284 0.056856187290969896 0.24414715719063546
6 0.06020066889632107 0.919732441471572 0.12040133779264214 0.1605351170568562
6 0.8076923076923077 0.3979933110367893 0.22073578595317725 0.2408026755852843
5 0.038461538461538464 0.3779264214046823 0.07692307692307693 0.0802675585284281
6 0.5351170568561873 0.048494983277591976 0.17224080267558528 0.09698996655518395
5 0.8311036789297659 0.1354515050167224 0.08361204013377926 0.08862876254180602
1 0.5066889632107023 0.5033444816053512 0.4197324414715719 0.4214046822742475
6 0.13210702341137123 0.9147157190635451 0.24414715719063546 0.1705685618729097
6 0.3377926421404682 0.07357859531772576 0.22073578595317725 0.14715719063545152
6 0.7307692307692307 0.06688963210702341 0.225752508361204 0.13377926421404682
6 0.6739130434782609 0.7374581939799331 0.20735785953177258 0.205685618729097
6 0.903010033444816 0.43478260869565216 0.18394648829431437 0.22073578595317725
6 0.9180602006688964 0.2157190635451505 0.1588628762541806 0.205685618729097
6 0.32274247491638797 0.7642140468227425 0.2140468227424749 0.205685618729097
6 0.20234113712374582 0.5869565217391305 0.21739130434782608 0.23076923076923078
6 0.8913043478260869 0.6705685618729097 0.21070234113712374 0.2391304347826087
6 0.7625418060200669 0.8528428093645485 0.24749163879598662 0.22408026755852842
6 0.2591973244147157 0.2909698996655518 0.25585284280936454 0.2508361204013378
6 0.11872909698996656 0.11204013377926421 0.23578595317725753 0.22408026755852842
6 0.5083612040133779 0.882943143812709 0.23411371237458195 0.22408026755852842