2 0.7123745819397993 0.35785953177257523 0.560200668896321 0.5652173913043478
6 0.9548494983277592 0.030100334448160536 0.08862876254180602 0.06020066889632107
6 0.959866220735786 0.9230769230769231 0.07357859531772576 0.15384615384615385
5 0.4214046822742475 0.225752508361204 0.07190635451505016 0.07859531772575251
6 0.36454849498327757 0.9548494983277592 0.23411371237458195 0.0903010033444816
1 0.4983277591973244 0.6622073578595318 0.41471571906354515 0.4280936454849498
6 0.8110367892976589 0.9498327759197325 0.22073578595317725 0.10033444816053512
6 0.05852842809364549 0.2491638795986622 0.11705685618729098 0.22408026755852842
6 0.939799331103679 0.6287625418060201 0.11705685618729098 0.23076923076923078
6 0.5869565217391305 0.9230769230769231 0.22408026755852842 0.15384615384615385
6 0.7976588628762542 0.7474916387959866 0.21070234113712374 0.22408026755852842
6 0.2157190635451505 0.15551839464882944 0.225752508361204 0.21237458193979933
6 0.18729096989966554 0.7993311036789298 0.22073578595317725 0.2525083612040134
6 0.07692307692307693 0.4882943143812709 0.15384615384615385 0.23076923076923078
6 0.6806020066889632 0.03177257525083612 0.1705685618729097 0.061872909698996656
6 0.12207357859531773 0.9698996655518395 0.20735785953177258 0.06020066889632107