6 0.8160535117056856 0.2725752508361204 0.3394648829431438 0.3311036789297659
6 0.1806020066889632 0.048494983277591976 0.22742474916387959 0.09698996655518395
6 0.862876254180602 0.17558528428093645 0.225752508361204 0.22408026755852842
6 0.7759197324414716 0.1956521739130435 0.225752508361204 0.20903010033444816
5 0.36622073578595316 0.8862876254180602 0.06354515050167224 0.05852842809364549
1 0.5033444816053512 0.49665551839464883 0.41471571906354515 0.40468227424749165
6 0.12040133779264214 0.0903010033444816 0.2391304347826087 0.1806020066889632
6 0.32441471571906355 0.7357859531772575 0.2608695652173913 0.27591973244147155
6 0.7224080267558528 0.6839464882943144 0.20066889632107024 0.19063545150501673
6 0.16220735785953178 0.903010033444816 0.2792642140468227 0.1939799331103679
6 0.1705685618729097 0.40468227424749165 0.2408026755852843 0.22909698996655517
6 0.8963210702341137 0.4816053511705686 0.205685618729097 0.29264214046822745
6 0.4197324414715719 0.09364548494983277 0.2608695652173913 0.18729096989966554
6 0.9063545150501672 0.8946488294314381 0.1806020066889632 0.20903010033444816
6 0.5301003344481605 0.8662207357859532 0.21070234113712374 0.205685618729097