6 0.9899665551839465 0.931438127090301 0.020066889632107024 0.13712374581939799
6 0.10535117056856187 0.9882943143812709 0.21070234113712374 0.021739130434782608
6 0.9782608695652174 0.23411371237458195 0.04180602006688963 0.225752508361204
6 0.596989966555184 0.9782608695652174 0.18896321070234115 0.043478260869565216
6 0.046822742474916385 0.8762541806020067 0.09364548494983277 0.23411371237458195
1 0.49498327759197325 0.5033444816053512 0.411371237458194 0.41638795986622074
6 0.9481605351170569 0.6337792642140468 0.10367892976588629 0.23076923076923078
6 0.8745819397993311 0.4197324414715719 0.24581939799331104 0.22408026755852842
6 0.2826086956521739 0.8578595317725752 0.20234113712374582 0.22909698996655517
6 0.46321070234113715 0.9080267558528428 0.225752508361204 0.18394648829431437
6 0.802675585284281 0.9080267558528428 0.23076923076923078 0.18227424749163879
6 0.4414715719063545 0.1605351170568562 0.23411371237458195 0.1939799331103679
6 0.09197324414715718 0.4414715719063545 0.18227424749163879 0.2391304347826087
6 0.22408026755852842 0.11371237458193979 0.23578595317725753 0.22408026755852842
6 0.7591973244147158 0.13377926421404682 0.2709030100334448 0.26755852842809363
6 0.12876254180602006 0.6806020066889632 0.2508361204013378 0.23076923076923078
6 0.7157190635451505 0.7140468227424749 0.225752508361204 0.21237458193979933
6 0.7374581939799331 0.3210702341137124 0.2391304347826087 0.2725752508361204