6 0.5752508361204013 0.8879598662207357 0.2842809364548495 0.21906354515050167
6 0.12709030100334448 0.24247491638795987 0.23076923076923078 0.23745819397993312
6 0.3110367892976589 0.9665551839464883 0.22742474916387959 0.06020066889632107
6 0.4096989966555184 0.959866220735786 0.24749163879598662 0.0802675585284281
6 0.048494983277591976 0.7073578595317725 0.09698996655518395 0.31438127090301005
6 0.4916387959866221 0.8511705685618729 0.2959866220735786 0.20903010033444816
6 0.8160535117056856 0.9381270903010034 0.20066889632107024 0.12374581939799331
6 0.47157190635451507 0.7374581939799331 0.2709030100334448 0.1688963210702341
5 0.6354515050167224 0.6989966555183946 0.10033444816053512 0.09698996655518395
1 0.49665551839464883 0.5066889632107023 0.3779264214046823 0.40301003344481606
6 0.0802675585284281 0.1956521739130435 0.1605351170568562 0.24247491638795987
6 0.7006688963210702 0.2692307692307692 0.21070234113712374 0.19063545150501673
6 0.08528428093645485 0.42474916387959866 0.1705685618729097 0.2591973244147157
6 0.08862876254180602 0.4782608695652174 0.17725752508361203 0.2140468227424749
6 0.7642140468227425 0.459866220735786 0.205685618729097 0.27759197324414714
6 0.8110367892976589 0.3511705685618729 0.23244147157190637 0.25752508361204013
6 0.9080267558528428 0.3612040133779264 0.18394648829431437 0.2408026755852843
6 0.7976588628762542 0.6387959866220736 0.21906354515050167 0.22240802675585283
6 0.9347826086956522 0.6622073578595318 0.13043478260869565 0.2909698996655518