6 0.015050167224080268 0.08862876254180602 0.030100334448160536 0.17725752508361203
6 0.5702341137123745 0.9046822742474916 0.2993311036789298 0.19063545150501673
6 0.657190635451505 0.020066889632107024 0.2508361204013378 0.04013377926421405
6 0.7926421404682275 0.15384615384615385 0.2692307692307692 0.3076923076923077
6 0.05852842809364549 0.782608695652174 0.11705685618729098 0.27591973244147155
6 0.4397993311036789 0.030100334448160536 0.2608695652173913 0.06020066889632107
1 0.49498327759197325 0.5033444816053512 0.39464882943143814 0.411371237458194
6 0.8812709030100334 0.931438127090301 0.22742474916387959 0.13712374581939799
6 0.9096989966555183 0.5016722408026756 0.17558528428093645 0.23076923076923078
6 0.5551839464882943 0.782608695652174 0.22240802675585283 0.18729096989966554
6 0.7491638795986622 0.637123745819398 0.24581939799331104 0.2993311036789298
6 0.11538461538461539 0.2591973244147157 0.23076923076923078 0.2491638795986622