6 0.4899665551839465 0.959866220735786 0.22073578595317725 0.0802675585284281
6 0.011705685618729096 0.8979933110367893 0.021739130434782608 0.2040133779264214
5 0.5284280936454849 0.11371237458193979 0.08528428093645485 0.0903010033444816
5 0.12876254180602006 0.9431438127090301 0.07023411371237458 0.08528428093645485
6 0.68561872909699 0.9782608695652174 0.25418060200668896 0.04180602006688963
5 0.20903010033444816 0.7508361204013378 0.12040133779264214 0.1254180602006689
6 0.5618729096989966 0.802675585284281 0.26421404682274247 0.25585284280936454
6 0.9214046822742475 0.6956521739130435 0.15551839464882944 0.21237458193979933
6 0.051839464882943144 0.47491638795986624 0.10367892976588629 0.2709030100334448
6 0.9448160535117057 0.07357859531772576 0.10367892976588629 0.14715719063545152
5 0.05016722408026756 0.6939799331103679 0.10033444816053512 0.10535117056856187
6 0.17892976588628762 0.47157190635451507 0.2709030100334448 0.2709030100334448
1 0.5 0.5100334448160535 0.411371237458194 0.4080267558528428
6 0.11705685618729098 0.06020066889632107 0.23411371237458195 0.12040133779264214
6 0.4230769230769231 0.12207357859531773 0.3110367892976589 0.24414715719063546
6 0.8193979933110368 0.8678929765886287 0.3210702341137124 0.26421404682274247
6 0.40468227424749165 0.8762541806020067 0.31438127090301005 0.24749163879598662
6 0.7859531772575251 0.11371237458193979 0.26421404682274247 0.22742474916387959
6 0.16220735785953178 0.21906354515050167 0.32441471571906355 0.26755852842809363
6 0.8595317725752508 0.4297658862876254 0.27424749163879597 0.2809364548494983
6 0.42474916387959866 0.1956521739130435 0.27759197324414714 0.2408026755852843
6 0.38127090301003347 0.8093645484949833 0.26421404682274247 0.2408026755852843