6 0.021739130434782608 0.9297658862876255 0.04180602006688963 0.14046822742474915
6 0.03511705685618729 0.520066889632107 0.07023411371237458 0.22408026755852842
6 0.42474916387959866 0.07190635451505016 0.25585284280936454 0.14381270903010032
1 0.49665551839464883 0.5066889632107023 0.45652173913043476 0.48494983277591974
6 0.8779264214046822 0.07525083612040134 0.23745819397993312 0.1505016722408027
6 0.8645484949832776 0.9381270903010034 0.26421404682274247 0.12374581939799331
6 0.13210702341137123 0.9130434782608695 0.22408026755852842 0.17391304347826086
6 0.5785953177257525 0.9113712374581939 0.225752508361204 0.17725752508361203
6 0.11872909698996656 0.68561872909699 0.23745819397993312 0.24749163879598662
6 0.1705685618729097 0.4866220735785953 0.22073578595317725 0.2408026755852843
6 0.6906354515050167 0.7441471571906354 0.2508361204013378 0.22073578595317725
6 0.903010033444816 0.6103678929765887 0.18896321070234115 0.25585284280936454
6 0.35618729096989965 0.8745819397993311 0.24581939799331104 0.24581939799331104
6 0.6103678929765887 0.18729096989966554 0.23411371237458195 0.23745819397993312
6 0.28762541806020064 0.12040133779264214 0.25418060200668896 0.2408026755852843