1 0.49665551839464883 0.4983277591973244 0.3712374581939799 0.3745819397993311
6 0.028428093645484948 0.9096989966555183 0.056856187290969896 0.17892976588628762
6 0.7341137123745819 0.021739130434782608 0.2809364548494983 0.043478260869565216
6 0.9498327759197325 0.7357859531772575 0.10033444816053512 0.22073578595317725
6 0.40635451505016723 0.9665551839464883 0.225752508361204 0.06688963210702341
6 0.17892976588628762 0.9264214046822743 0.2725752508361204 0.14715719063545152
6 0.7357859531772575 0.9113712374581939 0.2608695652173913 0.17725752508361203
6 0.06521739130434782 0.6789297658862876 0.13043478260869565 0.25585284280936454
6 0.3729096989966555 0.7909698996655519 0.26421404682274247 0.19230769230769232
6 0.21739130434782608 0.5100334448160535 0.20903010033444816 0.2709030100334448
6 0.7842809364548495 0.657190635451505 0.23578595317725753 0.22408026755852842
6 0.6070234113712375 0.22240802675585283 0.27424749163879597 0.22909698996655517
6 0.8929765886287625 0.1020066889632107 0.20903010033444816 0.20234113712374582