6 0.038461538461538464 0.9297658862876255 0.07692307692307693 0.14046822742474915
1 0.4983277591973244 0.40468227424749165 0.47491638795986624 0.49331103678929766
6 0.8712374581939799 0.030100334448160536 0.21739130434782608 0.06020066889632107
4 0.2993311036789298 0.7909698996655519 0.45652173913043476 0.4180602006688963
6 0.07859531772575251 0.13377926421404682 0.15719063545150502 0.26588628762541805
6 0.06020066889632107 0.520066889632107 0.12040133779264214 0.22408026755852842
6 0.5 0.08361204013377926 0.21739130434782608 0.16555183946488294
6 0.9180602006688964 0.1939799331103679 0.1588628762541806 0.22408026755852842
6 0.7274247491638796 0.15384615384615385 0.20066889632107024 0.21237458193979933
6 0.8578595317725752 0.919732441471572 0.22240802675585283 0.1605351170568562
6 0.7491638795986622 0.5769230769230769 0.205685618729097 0.23411371237458195
6 0.28929765886287623 0.15384615384615385 0.205685618729097 0.20903010033444816
6 0.6020066889632107 0.9063545150501672 0.24749163879598662 0.18729096989966554
6 0.6070234113712375 0.7207357859531772 0.2525083612040134 0.19063545150501673
6 0.9130434782608695 0.45484949832775917 0.1705685618729097 0.25752508361204013