6 0.9431438127090301 0.043478260869565216 0.11371237458193979 0.08528428093645485
6 0.04013377926421405 0.19230769230769232 0.0802675585284281 0.2040133779264214
6 0.3879598662207358 0.028428093645484948 0.22073578595317725 0.056856187290969896
6 0.038461538461538464 0.5769230769230769 0.07692307692307693 0.22408026755852842
5 0.5117056856187291 0.08361204013377926 0.08528428093645485 0.07859531772575251
6 0.9230769230769231 0.959866220735786 0.14715719063545152 0.0802675585284281
6 0.362876254180602 0.9632107023411371 0.2508361204013378 0.07357859531772576
6 0.12207357859531773 0.9431438127090301 0.23578595317725753 0.11371237458193979
1 0.5033444816053512 0.49498327759197325 0.41471571906354515 0.4397993311036789
6 0.782608695652174 0.07357859531772576 0.22073578595317725 0.14715719063545152
6 0.6053511705685619 0.9364548494983278 0.22073578595317725 0.12709030100334448
6 0.8327759197324415 0.3411371237458194 0.22240802675585283 0.22073578595317725
6 0.2525083612040134 0.6806020066889632 0.205685618729097 0.2157190635451505
6 0.8913043478260869 0.7909698996655519 0.21070234113712374 0.22073578595317725
6 0.431438127090301 0.8127090301003345 0.20735785953177258 0.23076923076923078
6 0.6086956521739131 0.19063545150501673 0.24247491638795987 0.20903010033444816
6 0.6822742474916388 0.7591973244147158 0.2140468227424749 0.22408026755852842
6 0.1505016722408027 0.4280936454849498 0.22240802675585283 0.20066889632107024
6 0.07859531772575251 0.7876254180602007 0.15719063545150502 0.24581939799331104
6 0.9080267558528428 0.5518394648829431 0.17892976588628762 0.22909698996655517
6 0.35785953177257523 0.16722408026755853 0.2608695652173913 0.2040133779264214