6 0.6070234113712375 0.21739130434782608 0.19230769230769232 0.1605351170568562
6 0.2959866220735786 0.010033444816053512 0.225752508361204 0.01839464882943144
5 0.05351170568561873 0.6220735785953178 0.10702341137123746 0.18729096989966554
6 0.7642140468227425 0.011705685618729096 0.22742474916387959 0.021739130434782608
6 0.021739130434782608 0.26588628762541805 0.04180602006688963 0.18394648829431437
6 0.9782608695652174 0.568561872909699 0.04180602006688963 0.23411371237458195
6 0.9765886287625418 0.8695652173913043 0.0451505016722408 0.21906354515050167
6 0.0451505016722408 0.6304347826086957 0.08862876254180602 0.2625418060200669
6 0.9632107023411371 0.3210702341137124 0.07023411371237458 0.27759197324414714
6 0.21906354515050167 0.4397993311036789 0.22240802675585283 0.23745819397993312
6 0.10535117056856187 0.41471571906354515 0.21070234113712374 0.21739130434782608
5 0.8478260869565217 0.7525083612040134 0.14214046822742474 0.11036789297658862
5 0.11872909698996656 0.6187290969899666 0.09197324414715718 0.08528428093645485
6 0.20066889632107024 0.9698996655518395 0.22073578595317725 0.06020066889632107
5 0.8862876254180602 0.2959866220735786 0.07859531772575251 0.0802675585284281
6 0.6923076923076923 0.7240802675585284 0.20735785953177258 0.20903010033444816
6 0.12207357859531773 0.06688963210702341 0.24414715719063546 0.13377926421404682
1 0.5050167224080268 0.5050167224080268 0.4280936454849498 0.4397993311036789
6 0.6036789297658863 0.10702341137123746 0.24749163879598662 0.21237458193979933
6 0.8127090301003345 0.9080267558528428 0.28595317725752506 0.18394648829431437
6 0.2709030100334448 0.1956521739130435 0.26421404682274247 0.2157190635451505
6 0.8076923076923077 0.1605351170568562 0.2140468227424749 0.2508361204013378
6 0.5518394648829431 0.8862876254180602 0.23578595317725753 0.225752508361204
6 0.09531772575250837 0.8645484949832776 0.19063545150501673 0.23745819397993312
6 0.8110367892976589 0.4230769230769231 0.22240802675585283 0.2408026755852843
6 0.9565217391304348 0.08361204013377926 0.08528428093645485 0.16722408026755853