6 0.9632107023411371 0.745819397993311 0.07023411371237458 0.22909698996655517
6 0.9464882943143813 0.9230769230769231 0.10033444816053512 0.15384615384615385
6 0.9565217391304348 0.07190635451505016 0.0802675585284281 0.14381270903010032
6 0.68561872909699 0.637123745819398 0.23411371237458195 0.3110367892976589
1 0.49665551839464883 0.5033444816053512 0.3612040133779264 0.4498327759197324
6 0.17892976588628762 0.5735785953177257 0.28595317725752506 0.27424749163879597
6 0.4882943143812709 0.05852842809364549 0.23244147157190637 0.11538461538461539
6 0.35618729096989965 0.9063545150501672 0.26755852842809363 0.18729096989966554
6 0.09531772575250837 0.8093645484949833 0.18896321070234115 0.2842809364548495
6 0.2408026755852843 0.34615384615384615 0.25585284280936454 0.23411371237458195
6 0.12876254180602006 0.11204013377926421 0.25752508361204013 0.22408026755852842
6 0.8528428093645485 0.11371237458193979 0.25418060200668896 0.22742474916387959
6 0.10702341137123746 0.5117056856187291 0.2140468227424749 0.25418060200668896