6 0.9882943143812709 0.8762541806020067 0.021739130434782608 0.20903010033444816
6 0.31605351170568563 0.2525083612040134 0.2525083612040134 0.2157190635451505
6 0.02508361204013378 0.07190635451505016 0.05016722408026756 0.14381270903010032
6 0.6555183946488294 0.205685618729097 0.27759197324414714 0.205685618729097
6 0.6655518394648829 0.12040133779264214 0.22073578595317725 0.2408026755852843
6 0.07023411371237458 0.06856187290969899 0.13879598662207357 0.13712374581939799
6 0.3076923076923077 0.6521739130434783 0.225752508361204 0.27759197324414714
5 0.016722408026755852 0.6939799331103679 0.033444816053511704 0.08361204013377926
5 0.09698996655518395 0.42474916387959866 0.10033444816053512 0.08361204013377926
5 0.20903010033444816 0.07859531772575251 0.10033444816053512 0.1020066889632107
6 0.44481605351170567 0.7993311036789298 0.25585284280936454 0.2040133779264214
6 0.36622073578595316 0.030100334448160536 0.2608695652173913 0.06020066889632107
6 0.11204013377926421 0.9464882943143813 0.22408026755852842 0.10702341137123746
6 0.06020066889632107 0.8294314381270903 0.12040133779264214 0.22073578595317725
1 0.5234113712374582 0.5033444816053512 0.431438127090301 0.4882943143812709
6 0.22909698996655517 0.4431438127090301 0.225752508361204 0.22073578595317725
6 0.3795986622073579 0.9364548494983278 0.23745819397993312 0.12709030100334448
6 0.8494983277591973 0.4916387959866221 0.23411371237458195 0.2508361204013378
6 0.6722408026755853 0.7575250836120402 0.2391304347826087 0.225752508361204
6 0.8929765886287625 0.23076923076923078 0.20903010033444816 0.23076923076923078
6 0.09531772575250837 0.225752508361204 0.18896321070234115 0.2040133779264214
6 0.10702341137123746 0.6187290969899666 0.2140468227424749 0.22073578595317725
6 0.29264214046822745 0.14046822742474915 0.22742474916387959 0.2140468227424749