6 0.03511705685618729 0.9698996655518395 0.07023411371237458 0.06020066889632107
1 0.5050167224080268 0.5033444816053512 0.4782608695652174 0.4866220735785953
6 0.6956521739130435 0.9498327759197325 0.2608695652173913 0.10033444816053512
6 0.9431438127090301 0.2491638795986622 0.11371237458193979 0.23411371237458195
6 0.9364548494983278 0.8795986622073578 0.12207357859531773 0.2408026755852843
6 0.8979933110367893 0.49331103678929766 0.19732441471571907 0.2809364548494983
6 0.6505016722408027 0.1939799331103679 0.2608695652173913 0.22408026755852842
6 0.4682274247491639 0.09698996655518395 0.2408026755852843 0.1939799331103679
6 0.8311036789297659 0.09531772575250837 0.2909698996655518 0.19063545150501673
6 0.2692307692307692 0.7424749163879598 0.25585284280936454 0.22408026755852842
6 0.7190635451505016 0.7341137123745819 0.23411371237458195 0.205685618729097
6 0.14715719063545152 0.4882943143812709 0.24581939799331104 0.2508361204013378
6 0.5133779264214047 0.8311036789297659 0.25585284280936454 0.22909698996655517
6 0.10535117056856187 0.8795986622073578 0.21070234113712374 0.2408026755852843