6 0.9498327759197325 0.01839464882943144 0.09531772575250837 0.03511705685618729
6 0.1939799331103679 0.015050167224080268 0.2157190635451505 0.030100334448160536
6 0.9581939799331104 0.5267558528428093 0.07859531772575251 0.2408026755852843
6 0.5719063545150501 0.9765886287625418 0.1956521739130435 0.046822742474916385
6 0.959866220735786 0.7441471571906354 0.07525083612040134 0.2157190635451505
6 0.6906354515050167 0.8929765886287625 0.20234113712374582 0.20903010033444816
6 0.03511705685618729 0.677257525083612 0.07023411371237458 0.2508361204013378
5 0.8093645484949833 0.6538461538461539 0.08528428093645485 0.08361204013377926
6 0.6638795986622074 0.03177257525083612 0.22240802675585283 0.061872909698996656
6 0.7290969899665551 0.580267558528428 0.20903010033444816 0.22909698996655517
6 0.9414715719063546 0.9230769230769231 0.11036789297658862 0.15384615384615385
6 0.16555183946488294 0.13043478260869565 0.24749163879598662 0.21906354515050167
6 0.7976588628762542 0.931438127090301 0.22073578595317725 0.1354515050167224
6 0.07023411371237458 0.1939799331103679 0.13879598662207357 0.22408026755852842
6 0.06354515050167224 0.4230769230769231 0.12709030100334448 0.22408026755852842
1 0.5016722408026756 0.46488294314381273 0.41471571906354515 0.41638795986622074
6 0.3528428093645485 0.9247491638795987 0.21070234113712374 0.1505016722408027
6 0.8327759197324415 0.7709030100334449 0.1956521739130435 0.17224080267558528
6 0.6705685618729097 0.225752508361204 0.20735785953177258 0.22073578595317725
6 0.5735785953177257 0.7525083612040134 0.24749163879598662 0.23411371237458195
6 0.8812709030100334 0.14046822742474915 0.23076923076923078 0.2591973244147157
6 0.17391304347826086 0.7575250836120402 0.225752508361204 0.2157190635451505
6 0.3595317725752508 0.7274247491638796 0.18561872909698995 0.24247491638795987
6 0.08193979933110368 0.9080267558528428 0.16387959866220736 0.18394648829431437
6 0.4866220735785953 0.1020066889632107 0.23578595317725753 0.20234113712374582
6 0.21739130434782608 0.342809364548495 0.2408026755852843 0.21906354515050167
6 0.20903010033444816 0.5551839464882943 0.21739130434782608 0.21237458193979933
6 0.8578595317725752 0.41471571906354515 0.22742474916387959 0.20234113712374582