6 0.1020066889632107 0.9464882943143813 0.20234113712374582 0.10702341137123746
6 0.8578595317725752 0.5100334448160535 0.22240802675585283 0.2040133779264214
6 0.23411371237458195 0.14214046822742474 0.2959866220735786 0.23076923076923078
6 0.1254180602006689 0.5301003344481605 0.2508361204013378 0.25585284280936454
1 0.5033444816053512 0.5066889632107023 0.4498327759197324 0.47491638795986624
6 0.8461538461538461 0.4297658862876254 0.2157190635451505 0.19899665551839466
6 0.9214046822742475 0.23244147157190637 0.1505016722408027 0.2508361204013378
6 0.07692307692307693 0.09866220735785954 0.15384615384615385 0.19732441471571907
6 0.9448160535117057 0.9331103678929766 0.10869565217391304 0.13043478260869565
6 0.06856187290969899 0.7809364548494984 0.1354515050167224 0.21906354515050167
6 0.9180602006688964 0.7290969899665551 0.16387959866220736 0.19899665551839466
6 0.43478260869565216 0.9264214046822743 0.21739130434782608 0.14715719063545152
6 0.8093645484949833 0.8879598662207357 0.1956521739130435 0.1956521739130435
6 0.7224080267558528 0.19899665551839466 0.205685618729097 0.20903010033444816
6 0.4882943143812709 0.15719063545150502 0.21739130434782608 0.2040133779264214
6 0.1705685618729097 0.47491638795986624 0.20234113712374582 0.2525083612040134