6 0.016722408026755852 0.6387959866220736 0.033444816053511704 0.2491638795986622
6 0.10702341137123746 0.011705685618729096 0.2140468227424749 0.023411371237458192
6 0.9180602006688964 0.10535117056856187 0.16387959866220736 0.20903010033444816
6 0.9414715719063546 0.3511705685618729 0.11705685618729098 0.25585284280936454
6 0.2508361204013378 0.10702341137123746 0.24749163879598662 0.2140468227424749
6 0.31438127090301005 0.9849498327759197 0.22073578595317725 0.030100334448160536
6 0.45652173913043476 0.05852842809364549 0.23076923076923078 0.11538461538461539
1 0.5 0.5484949832775919 0.41638795986622074 0.451505016722408
6 0.6421404682274248 0.9632107023411371 0.24749163879598662 0.07357859531772576
6 0.06354515050167224 0.6538461538461539 0.12709030100334448 0.24414715719063546
6 0.17725752508361203 0.7809364548494984 0.22073578595317725 0.21906354515050167
5 0.717391304347826 0.7558528428093646 0.08528428093645485 0.0802675585284281
6 0.09698996655518395 0.8561872909698997 0.1939799331103679 0.24749163879598662
6 0.8277591973244147 0.5652173913043478 0.2725752508361204 0.3210702341137124
6 0.1454849498327759 0.10869565217391304 0.2391304347826087 0.21739130434782608
6 0.08193979933110368 0.342809364548495 0.16387959866220736 0.2508361204013378
6 0.7157190635451505 0.8795986622073578 0.1956521739130435 0.17725752508361203
6 0.8879598662207357 0.794314381270903 0.22073578595317725 0.23745819397993312
6 0.17892976588628762 0.5066889632107023 0.24749163879598662 0.2709030100334448
6 0.45652173913043476 0.9063545150501672 0.2525083612040134 0.18729096989966554
6 0.6906354515050167 0.12876254180602006 0.3093645484949833 0.25585284280936454