6 0.9481605351170569 0.5668896321070234 0.09698996655518395 0.23076923076923078
6 0.6270903010033445 0.021739130434782608 0.23578595317725753 0.043478260869565216
1 0.5016722408026756 0.4983277591973244 0.3963210702341137 0.41471571906354515
6 0.04013377926421405 0.9080267558528428 0.0802675585284281 0.17725752508361203
6 0.08695652173913043 0.5234113712374582 0.17391304347826086 0.2909698996655518
5 0.7023411371237458 0.5936454849498328 0.06020066889632107 0.05852842809364549
6 0.9297658862876255 0.07190635451505016 0.13879598662207357 0.14381270903010032
6 0.5384615384615384 0.9448160535117057 0.23411371237458195 0.11036789297658862
6 0.16555183946488294 0.08695652173913043 0.24247491638795987 0.17391304347826086
6 0.9247491638795987 0.8394648829431438 0.1454849498327759 0.22909698996655517
6 0.20234113712374582 0.5033444816053512 0.21070234113712374 0.22909698996655517
6 0.8093645484949833 0.1488294314381271 0.205685618729097 0.1939799331103679
6 0.11036789297658862 0.754180602006689 0.22073578595317725 0.2040133779264214
6 0.8294314381270903 0.6605351170568562 0.225752508361204 0.225752508361204
6 0.4096989966555184 0.09531772575250837 0.2709030100334448 0.19063545150501673
6 0.5618729096989966 0.7842809364548495 0.24247491638795987 0.20234113712374582
6 0.9130434782608695 0.3528428093645485 0.1705685618729097 0.225752508361204
6 0.16220735785953178 0.2842809364548495 0.2809364548494983 0.2157190635451505