6 0.0451505016722408 0.6287625418060201 0.08862876254180602 0.26588628762541805
5 0.15551839464882944 0.4983277591973244 0.06020066889632107 0.056856187290969896
6 0.033444816053511704 0.18394648829431437 0.06688963210702341 0.22073578595317725
5 0.939799331103679 0.9765886287625418 0.09698996655518395 0.046822742474916385
6 0.939799331103679 0.030100334448160536 0.12040133779264214 0.06020066889632107
5 0.06020066889632107 0.9331103678929766 0.09197324414715718 0.08528428093645485
5 0.17892976588628762 0.2909698996655518 0.08193979933110368 0.0903010033444816
1 0.5033444816053512 0.5033444816053512 0.431438127090301 0.43812709030100333
6 0.677257525083612 0.08528428093645485 0.2391304347826087 0.1705685618729097
6 0.5953177257525084 0.882943143812709 0.205685618729097 0.21906354515050167
6 0.9013377926421404 0.7441471571906354 0.19230769230769232 0.23076923076923078
6 0.26755852842809363 0.1605351170568562 0.23076923076923078 0.22073578595317725
6 0.18561872909698995 0.637123745819398 0.22742474916387959 0.24247491638795987
6 0.18394648829431437 0.8695652173913043 0.23411371237458195 0.23411371237458195
6 0.7123745819397993 0.28595317725752506 0.24749163879598662 0.22909698996655517
6 0.7023411371237458 0.7140468227424749 0.24581939799331104 0.225752508361204