6 0.9682274247491639 0.03177257525083612 0.06354515050167224 0.061872909698996656
6 0.959866220735786 0.49665551839464883 0.07525083612040134 0.23076923076923078
6 0.8812709030100334 0.08862876254180602 0.2140468227424749 0.17725752508361203
6 0.07190635451505016 0.7959866220735786 0.14214046822742474 0.225752508361204
1 0.5066889632107023 0.5016722408026756 0.4414715719063545 0.47491638795986624
6 0.7625418060200669 0.12040133779264214 0.22073578595317725 0.18729096989966554
6 0.9381270903010034 0.931438127090301 0.12040133779264214 0.13712374581939799
6 0.16220735785953178 0.49665551839464883 0.2140468227424749 0.23076923076923078
6 0.08695652173913043 0.14381270903010032 0.17391304347826086 0.20066889632107024
6 0.5267558528428093 0.11204013377926421 0.24247491638795987 0.21237458193979933
6 0.27759197324414714 0.7140468227424749 0.22240802675585283 0.2157190635451505
6 0.7926421404682275 0.7993311036789298 0.23076923076923078 0.205685618729097
6 0.25585284280936454 0.23745819397993312 0.22240802675585283 0.23076923076923078
6 0.13879598662207357 0.8210702341137124 0.1806020066889632 0.18394648829431437