6 0.8244147157190636 0.5384615384615384 0.24581939799331104 0.2408026755852843
6 0.8662207357859532 0.056856187290969896 0.24749163879598662 0.11204013377926421
6 0.9581939799331104 0.46153846153846156 0.08361204013377926 0.3612040133779264
6 0.9448160535117057 0.9481605351170569 0.11036789297658862 0.10367892976588629
6 0.05351170568561873 0.11705685618729098 0.10702341137123746 0.23411371237458195
6 0.8093645484949833 0.6304347826086957 0.26421404682274247 0.26755852842809363
6 0.13377926421404682 0.939799331103679 0.26755852842809363 0.11872909698996656
1 0.5033444816053512 0.5167224080267558 0.41638795986622074 0.4431438127090301
6 0.8193979933110368 0.8662207357859532 0.3177257525083612 0.24581939799331104
6 0.6655518394648829 0.1705685618729097 0.2809364548494983 0.2525083612040134
6 0.36622073578595316 0.9130434782608695 0.2725752508361204 0.17391304347826086
6 0.07859531772575251 0.7625418060200669 0.15551839464882944 0.27424749163879597
6 0.24581939799331104 0.7307692307692307 0.23578595317725753 0.27424749163879597
6 0.14046822742474915 0.27591973244147155 0.2809364548494983 0.2625418060200669
6 0.7575250836120402 0.10869565217391304 0.24749163879598662 0.21739130434782608