6 0.021739130434782608 0.03511705685618729 0.043478260869565216 0.07023411371237458
6 0.9682274247491639 0.7207357859531772 0.06354515050167224 0.27424749163879597
6 0.1939799331103679 0.9732441471571907 0.22240802675585283 0.05351170568561873
6 0.9481605351170569 0.9214046822742475 0.10367892976588629 0.15719063545150502
6 0.4866220735785953 0.9481605351170569 0.23745819397993312 0.10367892976588629
6 0.7157190635451505 0.030100334448160536 0.22240802675585283 0.06020066889632107
6 0.22742474916387959 0.038461538461538464 0.24581939799331104 0.07692307692307693
6 0.06020066889632107 0.21070234113712374 0.11872909698996656 0.2608695652173913
6 0.919732441471572 0.05351170568561873 0.1588628762541806 0.10702341137123746
6 0.9381270903010034 0.4197324414715719 0.12040133779264214 0.2391304347826087
1 0.5033444816053512 0.4765886287625418 0.3963210702341137 0.42474916387959866
6 0.08862876254180602 0.8010033444816054 0.17725752508361203 0.21739130434782608
6 0.9214046822742475 0.2040133779264214 0.1505016722408027 0.2157190635451505
6 0.5050167224080268 0.794314381270903 0.26588628762541805 0.23076923076923078
6 0.8093645484949833 0.5351170568561873 0.24749163879598662 0.2525083612040134
6 0.7809364548494984 0.882943143812709 0.25418060200668896 0.23411371237458195
6 0.2792642140468227 0.6638795986622074 0.26421404682274247 0.22073578595317725
6 0.08193979933110368 0.5886287625418061 0.16387959866220736 0.24581939799331104
6 0.23076923076923078 0.1939799331103679 0.2608695652173913 0.24581939799331104
6 0.19732441471571907 0.4331103678929766 0.2391304347826087 0.2525083612040134
6 0.45819397993311034 0.1354515050167224 0.23411371237458195 0.2157190635451505