6 0.9782608695652174 0.9581939799331104 0.04180602006688963 0.08361204013377926
5 0.06020066889632107 0.17558528428093645 0.08193979933110368 0.06856187290969899
6 0.4531772575250836 0.9364548494983278 0.2408026755852843 0.12709030100334448
1 0.5033444816053512 0.5033444816053512 0.46153846153846156 0.5183946488294314
6 0.1488294314381271 0.44648829431438125 0.24749163879598662 0.2591973244147157
6 0.7525083612040134 0.05016722408026756 0.23411371237458195 0.10033444816053512
6 0.11872909698996656 0.033444816053511704 0.23745819397993312 0.06688963210702341
6 0.1254180602006689 0.31605351170568563 0.24581939799331104 0.22909698996655517
6 0.3712374581939799 0.8913043478260869 0.23411371237458195 0.21739130434782608
6 0.8578595317725752 0.931438127090301 0.22742474916387959 0.13712374581939799
6 0.8929765886287625 0.18561872909698995 0.20903010033444816 0.24581939799331104
6 0.8327759197324415 0.5484949832775919 0.24749163879598662 0.2508361204013378
6 0.9063545150501672 0.7675585284280937 0.1806020066889632 0.25585284280936454
6 0.11538461538461539 0.8896321070234113 0.23076923076923078 0.22073578595317725
6 0.2140468227424749 0.7140468227424749 0.25585284280936454 0.22909698996655517
6 0.3377926421404682 0.12709030100334448 0.2591973244147157 0.2525083612040134