6 0.5016722408026756 0.9866220735785953 0.23411371237458195 0.026755852842809364
6 0.9849498327759197 0.2976588628762542 0.030100334448160536 0.17391304347826086
6 0.9849498327759197 0.10535117056856187 0.030100334448160536 0.19063545150501673
6 0.24749163879598662 0.2040133779264214 0.2391304347826087 0.16555183946488294
6 0.9163879598662207 0.016722408026755852 0.1605351170568562 0.033444816053511704
6 0.1254180602006689 0.9816053511705686 0.22742474916387959 0.03511705685618729
6 0.9648829431438127 0.47157190635451507 0.06354515050167224 0.2157190635451505
6 0.05351170568561873 0.9247491638795987 0.10702341137123746 0.1505016722408027
1 0.5033444816053512 0.5033444816053512 0.34448160535117056 0.3494983277591973
6 0.5501672240802675 0.7408026755852842 0.30434782608695654 0.22073578595317725
6 0.36454849498327757 0.043478260869565216 0.2608695652173913 0.08528428093645485
6 0.13377926421404682 0.06688963210702341 0.23578595317725753 0.13377926421404682
6 0.6555183946488294 0.05852842809364549 0.22742474916387959 0.11538461538461539
6 0.4531772575250836 0.2040133779264214 0.205685618729097 0.24247491638795987
6 0.2909698996655518 0.3210702341137124 0.21070234113712374 0.21906354515050167
6 0.8578595317725752 0.3411371237458194 0.2391304347826087 0.23076923076923078
6 0.6304347826086957 0.903010033444816 0.26588628762541805 0.1939799331103679
6 0.14046822742474915 0.6321070234113713 0.23076923076923078 0.23411371237458195
6 0.2993311036789298 0.8344481605351171 0.25585284280936454 0.23076923076923078
6 0.8812709030100334 0.8862876254180602 0.22742474916387959 0.2157190635451505
6 0.8461538461538461 0.11036789297658862 0.22240802675585283 0.20903010033444816
6 0.8963210702341137 0.6638795986622074 0.20234113712374582 0.225752508361204
6 0.7525083612040134 0.5618729096989966 0.20066889632107024 0.225752508361204
6 0.09866220735785954 0.32274247491638797 0.19732441471571907 0.27591973244147155
6 0.657190635451505 0.22909698996655517 0.2140468227424749 0.21739130434782608