6 0.2157190635451505 0.6036789297658863 0.1806020066889632 0.29264214046822745
6 0.08862876254180602 0.48327759197324416 0.17725752508361203 0.30434782608695654
6 0.043478260869565216 0.07190635451505016 0.08528428093645485 0.14381270903010032
6 0.7959866220735786 0.9665551839464883 0.225752508361204 0.06688963210702341
6 0.9431438127090301 0.5234113712374582 0.11371237458193979 0.2709030100334448
1 0.5050167224080268 0.5033444816053512 0.5117056856187291 0.5301003344481605
6 0.9264214046822743 0.8929765886287625 0.14715719063545152 0.21237458193979933
6 0.8494983277591973 0.5585284280936454 0.21070234113712374 0.26755852842809363
6 0.8294314381270903 0.7642140468227425 0.32441471571906355 0.21237458193979933
6 0.5836120401337793 0.05852842809364549 0.26755852842809363 0.11538461538461539
6 0.431438127090301 0.1605351170568562 0.2591973244147157 0.22909698996655517
6 0.30267558528428096 0.8411371237458194 0.27759197324414714 0.2625418060200669
6 0.7892976588628763 0.16220735785953178 0.27759197324414714 0.2525083612040134
6 0.2040133779264214 0.3193979933110368 0.2591973244147157 0.225752508361204