6 0.020066889632107024 0.9431438127090301 0.04013377926421405 0.11371237458193979
6 0.011705685618729096 0.6555183946488294 0.023411371237458192 0.22073578595317725
6 0.09698996655518395 0.011705685618729096 0.1939799331103679 0.021739130434782608
6 0.9816053511705686 0.40635451505016723 0.03678929765886288 0.26421404682274247
5 0.3745819397993311 0.013377926421404682 0.09364548494983277 0.026755852842809364
6 0.03678929765886288 0.2959866220735786 0.07357859531772576 0.25752508361204013
6 0.9515050167224081 0.7591973244147158 0.09197324414715718 0.27424749163879597
6 0.8578595317725752 0.048494983277591976 0.27759197324414714 0.09698996655518395
6 0.05518394648829431 0.8662207357859532 0.11036789297658862 0.26755852842809363
6 0.5852842809364549 0.051839464882943144 0.28762541806020064 0.10367892976588629
6 0.23076923076923078 0.06688963210702341 0.21739130434782608 0.13210702341137123
6 0.22240802675585283 0.9364548494983278 0.25752508361204013 0.12709030100334448
1 0.5083612040133779 0.5418060200668896 0.5066889632107023 0.48327759197324416
6 0.40468227424749165 0.20066889632107024 0.27424749163879597 0.23411371237458195
6 0.8612040133779264 0.5836120401337793 0.25585284280936454 0.24749163879598662
6 0.225752508361204 0.7575250836120402 0.23411371237458195 0.2591973244147157
6 0.4214046822742475 0.8695652173913043 0.2391304347826087 0.225752508361204
6 0.6638795986622074 0.8210702341137124 0.28929765886287623 0.2591973244147157
6 0.8578595317725752 0.9130434782608695 0.27759197324414714 0.17391304347826086
6 0.9147157190635451 0.4916387959866221 0.1705685618729097 0.27424749163879597