6 0.568561872909699 0.10702341137123746 0.1254180602006689 0.11538461538461539
6 0.03511705685618729 0.03177257525083612 0.06856187290969899 0.061872909698996656
6 0.9782608695652174 0.5351170568561873 0.04180602006688963 0.21237458193979933
6 0.6070234113712375 0.05016722408026756 0.23076923076923078 0.10033444816053512
6 0.9347826086956522 0.048494983277591976 0.13043478260869565 0.09698996655518395
6 0.061872909698996656 0.9347826086956522 0.12374581939799331 0.13043478260869565
6 0.7474916387959866 0.27424749163879597 0.205685618729097 0.21906354515050167
5 0.9665551839464883 0.34448160535117056 0.06020066889632107 0.07859531772575251
6 0.9264214046822743 0.9498327759197325 0.14715719063545152 0.10033444816053512
5 0.8946488294314381 0.36454849498327757 0.07190635451505016 0.07525083612040134
5 0.5551839464882943 0.12040133779264214 0.08361204013377926 0.08361204013377926
6 0.6555183946488294 0.2040133779264214 0.22240802675585283 0.19230769230769232
6 0.19899665551839466 0.6020066889632107 0.2525083612040134 0.26755852842809363
5 0.16722408026755853 0.9331103678929766 0.07023411371237458 0.07190635451505016
6 0.7424749163879598 0.06020066889632107 0.26421404682274247 0.11872909698996656
6 0.29431438127090304 0.9364548494983278 0.24749163879598662 0.12709030100334448
6 0.7759197324414716 0.9230769230769231 0.2140468227424749 0.15384615384615385
6 0.10033444816053512 0.34782608695652173 0.20066889632107024 0.26755852842809363
1 0.5033444816053512 0.4916387959866221 0.44648829431438125 0.46153846153846156
6 0.3762541806020067 0.05852842809364549 0.23076923076923078 0.11538461538461539
6 0.5886287625418061 0.9013377926421404 0.2140468227424749 0.19732441471571907
6 0.4331103678929766 0.8160535117056856 0.22240802675585283 0.23076923076923078
6 0.0903010033444816 0.7675585284280937 0.1806020066889632 0.24581939799331104
6 0.8344481605351171 0.49665551839464883 0.24247491638795987 0.2408026755852843
6 0.7341137123745819 0.7240802675585284 0.26421404682274247 0.2508361204013378