6 0.005016722408026756 0.9297658862876255 0.010033444816053512 0.12040133779264214
5 0.14214046822742474 0.8846153846153846 0.038461538461538464 0.043478260869565216
6 0.959866220735786 0.5484949832775919 0.07525083612040134 0.24581939799331104
6 0.5301003344481605 0.051839464882943144 0.25752508361204013 0.10367892976588629
6 0.18896321070234115 0.5016722408026756 0.21739130434782608 0.2157190635451505
5 0.5183946488294314 0.8160535117056856 0.14214046822742474 0.12207357859531773
6 0.12374581939799331 0.030100334448160536 0.23578595317725753 0.06020066889632107
6 0.046822742474916385 0.6655518394648829 0.09364548494983277 0.2508361204013378
1 0.5033444816053512 0.49665551839464883 0.459866220735786 0.49331103678929766
6 0.774247491638796 0.04013377926421405 0.24581939799331104 0.0802675585284281
6 0.14214046822742474 0.7959866220735786 0.2140468227424749 0.23076923076923078
6 0.7207357859531772 0.7240802675585284 0.18561872909698995 0.1605351170568562
6 0.21237458193979933 0.6137123745819398 0.24247491638795987 0.225752508361204
6 0.7909698996655519 0.9247491638795987 0.2709030100334448 0.1505016722408027
6 0.8210702341137124 0.5635451505016722 0.22742474916387959 0.21906354515050167
6 0.3511705685618729 0.8311036789297659 0.22073578595317725 0.21906354515050167
6 0.9063545150501672 0.11872909698996656 0.1806020066889632 0.23745819397993312
6 0.3394648829431438 0.20234113712374582 0.2608695652173913 0.24581939799331104
6 0.9046822742474916 0.7759197324414716 0.18561872909698995 0.24749163879598662
6 0.09531772575250837 0.27591973244147155 0.19063545150501673 0.24414715719063546