6 0.4782608695652174 0.8160535117056856 0.22240802675585283 0.19230769230769232
6 0.68561872909699 0.010033444816053512 0.22742474916387959 0.01839464882943144
6 0.3963210702341137 0.862876254180602 0.21070234113712374 0.205685618729097
6 0.9682274247491639 0.7575250836120402 0.06354515050167224 0.2809364548494983
6 0.021739130434782608 0.617056856187291 0.043478260869565216 0.2140468227424749
6 0.8093645484949833 0.08528428093645485 0.23244147157190637 0.1705685618729097
6 0.043478260869565216 0.08361204013377926 0.08528428093645485 0.16555183946488294
5 0.07525083612040134 0.81438127090301 0.07859531772575251 0.07525083612040134
6 0.23076923076923078 0.9096989966555183 0.2391304347826087 0.17725752508361203
6 0.05518394648829431 0.9264214046822743 0.11036789297658862 0.14715719063545152
6 0.8010033444816054 0.9581939799331104 0.24247491638795987 0.08361204013377926
1 0.5066889632107023 0.5 0.44648829431438125 0.47157190635451507
6 0.9130434782608695 0.3210702341137124 0.17391304347826086 0.22742474916387959
5 0.3411371237458194 0.29431438127090304 0.07525083612040134 0.06688963210702341
6 0.7876254180602007 0.1605351170568562 0.23076923076923078 0.20903010033444816
6 0.07357859531772576 0.25585284280936454 0.14715719063545152 0.23578595317725753
6 0.7993311036789298 0.68561872909699 0.30434782608695654 0.2491638795986622
6 0.2391304347826087 0.27424749163879597 0.23411371237458195 0.21906354515050167
6 0.14715719063545152 0.6638795986622074 0.25585284280936454 0.2040133779264214
6 0.31605351170568563 0.10869565217391304 0.23578595317725753 0.21237458193979933
6 0.6354515050167224 0.7859531772575251 0.18394648829431437 0.225752508361204