6 0.9866220735785953 0.3528428093645485 0.026755852842809364 0.23076923076923078
6 0.8678929765886287 0.9732441471571907 0.23076923076923078 0.05351170568561873
6 0.1020066889632107 0.9849498327759197 0.19732441471571907 0.030100334448160536
6 0.09531772575250837 0.043478260869565216 0.18896321070234115 0.08695652173913043
1 0.5033444816053512 0.5033444816053512 0.39297658862876256 0.39297658862876256
6 0.9063545150501672 0.9147157190635451 0.1806020066889632 0.1705685618729097
6 0.05351170568561873 0.5719063545150501 0.10702341137123746 0.2591973244147157
6 0.061872909698996656 0.18227424749163879 0.12374581939799331 0.2508361204013378
6 0.10367892976588629 0.4331103678929766 0.20735785953177258 0.22408026755852842
6 0.2959866220735786 0.07859531772575251 0.26421404682274247 0.15551839464882944
6 0.3963210702341137 0.7642140468227425 0.19230769230769232 0.19063545150501673
6 0.8762541806020067 0.6505016722408027 0.24247491638795987 0.23076923076923078
6 0.8377926421404682 0.12709030100334448 0.2709030100334448 0.23076923076923078