6 0.959866220735786 0.6187290969899666 0.07525083612040134 0.2525083612040134
5 0.4765886287625418 0.8979933110367893 0.08193979933110368 0.07859531772575251
6 0.21070234113712374 0.9615384615384616 0.1939799331103679 0.07692307692307693
1 0.5117056856187291 0.5083612040133779 0.41638795986622074 0.4431438127090301
6 0.05518394648829431 0.9297658862876255 0.11036789297658862 0.14046822742474915
6 0.06020066889632107 0.6538461538461539 0.12040133779264214 0.23076923076923078
6 0.12374581939799331 0.07525083612040134 0.22073578595317725 0.1505016722408027
6 0.5551839464882943 0.06856187290969899 0.22240802675585283 0.13712374581939799
6 0.35451505016722407 0.7859531772575251 0.225752508361204 0.2040133779264214
6 0.6321070234113713 0.8277591973244147 0.23076923076923078 0.22408026755852842
6 0.8260869565217391 0.5234113712374582 0.2140468227424749 0.225752508361204
6 0.2157190635451505 0.6103678929765887 0.19732441471571907 0.19063545150501673
6 0.7658862876254181 0.1806020066889632 0.22240802675585283 0.205685618729097
6 0.8695652173913043 0.8244147157190636 0.22742474916387959 0.22408026755852842
6 0.10869565217391304 0.41471571906354515 0.21739130434782608 0.2408026755852843