6 0.9297658862876255 0.8043478260869565 0.13879598662207357 0.29264214046822745
6 0.015050167224080268 0.2491638795986622 0.030100334448160536 0.23076923076923078
6 0.043478260869565216 0.6538461538461539 0.08528428093645485 0.25585284280936454
6 0.6939799331103679 0.021739130434782608 0.21070234113712374 0.043478260869565216
6 0.6086956521739131 0.9782608695652174 0.26588628762541805 0.043478260869565216
6 0.056856187290969896 0.4698996655518395 0.11371237458193979 0.26755852842809363
6 0.07023411371237458 0.9364548494983278 0.13879598662207357 0.12709030100334448
6 0.09698996655518395 0.10367892976588629 0.1939799331103679 0.205685618729097
1 0.48327759197324416 0.5568561872909699 0.4214046822742475 0.42474916387959866
6 0.32608695652173914 0.07190635451505016 0.26421404682274247 0.14381270903010032
6 0.17558528428093645 0.5836120401337793 0.23244147157190637 0.2709030100334448
6 0.8979933110367893 0.5769230769230769 0.19732441471571907 0.23411371237458195
6 0.7658862876254181 0.7240802675585284 0.2842809364548495 0.27424749163879597
6 0.13043478260869565 0.8177257525083612 0.2608695652173913 0.24749163879598662
6 0.7658862876254181 0.3896321070234114 0.2591973244147157 0.2842809364548495
6 0.35785953177257523 0.25418060200668896 0.3093645484949833 0.2508361204013378
6 0.8043478260869565 0.12374581939799331 0.25752508361204013 0.24749163879598662
6 0.4431438127090301 0.8745819397993311 0.26588628762541805 0.2508361204013378
6 0.9280936454849499 0.36454849498327757 0.14214046822742474 0.22073578595317725
6 0.9548494983277592 0.17391304347826086 0.08862876254180602 0.21739130434782608