6 0.9715719063545151 0.033444816053511704 0.05518394648829431 0.06521739130434782
6 0.05518394648829431 0.38461538461538464 0.11036789297658862 0.25585284280936454
6 0.959866220735786 0.9515050167224081 0.07525083612040134 0.09698996655518395
6 0.26588628762541805 0.9866220735785953 0.2040133779264214 0.026755852842809364
5 0.29264214046822745 0.9565217391304348 0.07023411371237458 0.05351170568561873
6 0.3712374581939799 0.02508361204013378 0.22073578595317725 0.05016722408026756
6 0.10535117056856187 0.8996655518394648 0.21070234113712374 0.19063545150501673
1 0.4983277591973244 0.5117056856187291 0.42474916387959866 0.4297658862876254
6 0.8260869565217391 0.07023411371237458 0.23578595317725753 0.14046822742474915
6 0.1939799331103679 0.7859531772575251 0.23244147157190637 0.23411371237458195
6 0.9214046822742475 0.7391304347826086 0.15551839464882944 0.2391304347826087
6 0.8093645484949833 0.580267558528428 0.21739130434782608 0.21237458193979933
6 0.7307692307692307 0.7157190635451505 0.22240802675585283 0.17725752508361203
6 0.4916387959866221 0.18896321070234115 0.22240802675585283 0.22408026755852842
6 0.5334448160535117 0.8561872909698997 0.2508361204013378 0.21906354515050167
6 0.1488294314381271 0.2391304347826087 0.23578595317725753 0.225752508361204