6 0.19732441471571907 0.051839464882943144 0.25418060200668896 0.10367892976588629
6 0.6086956521739131 0.9682274247491639 0.25585284280936454 0.06354515050167224
5 0.6505016722408027 0.7408026755852842 0.08361204013377926 0.07859531772575251
6 0.6036789297658863 0.8244147157190636 0.23411371237458195 0.23411371237458195
6 0.24247491638795987 0.9331103678929766 0.23578595317725753 0.13210702341137123
6 0.06688963210702341 0.9347826086956522 0.13210702341137123 0.13043478260869565
6 0.9414715719063546 0.26588628762541805 0.11705685618729098 0.27424749163879597
1 0.5033444816053512 0.5317725752508361 0.4414715719063545 0.451505016722408
6 0.3110367892976589 0.7240802675585284 0.2391304347826087 0.23076923076923078
6 0.8043478260869565 0.07023411371237458 0.2709030100334448 0.14046822742474915
6 0.07859531772575251 0.25752508361204013 0.15551839464882944 0.27759197324414714
6 0.8729096989966555 0.9080267558528428 0.23578595317725753 0.18227424749163879
6 0.21237458193979933 0.1505016722408027 0.24749163879598662 0.2408026755852843
6 0.9214046822742475 0.5284280936454849 0.15384615384615385 0.2525083612040134
6 0.09698996655518395 0.6889632107023411 0.1939799331103679 0.26421404682274247
6 0.4698996655518395 0.1605351170568562 0.21070234113712374 0.23076923076923078
6 0.411371237458194 0.8862876254180602 0.23244147157190637 0.225752508361204
6 0.19063545150501673 0.4665551839464883 0.225752508361204 0.23411371237458195
6 0.7625418060200669 0.2591973244147157 0.24749163879598662 0.23745819397993312