6 0.822742474916388 0.6638795986622074 0.24247491638795987 0.22073578595317725
6 0.01839464882943144 0.9464882943143813 0.03678929765886288 0.10702341137123746
6 0.5167224080267558 0.010033444816053512 0.20234113712374582 0.01839464882943144
6 0.020066889632107024 0.5568561872909699 0.038461538461538464 0.23745819397993312
6 0.9682274247491639 0.5886287625418061 0.06354515050167224 0.24581939799331104
6 0.8093645484949833 0.979933110367893 0.23411371237458195 0.038461538461538464
6 0.9431438127090301 0.411371237458194 0.10869565217391304 0.27424749163879597
6 0.04180602006688963 0.20234113712374582 0.08361204013377926 0.27759197324414714
5 0.3879598662207358 0.023411371237458192 0.08193979933110368 0.046822742474916385
6 0.0903010033444816 0.03511705685618729 0.1806020066889632 0.07023411371237458
6 0.07190635451505016 0.43645484949832775 0.14381270903010032 0.25585284280936454
1 0.5083612040133779 0.49665551839464883 0.4498327759197324 0.46321070234113715
6 0.46488294314381273 0.7993311036789298 0.24581939799331104 0.2508361204013378
6 0.23411371237458195 0.36454849498327757 0.23244147157190637 0.24581939799331104
6 0.6806020066889632 0.8461538461538461 0.25585284280936454 0.27591973244147155
6 0.8762541806020067 0.7709030100334449 0.23578595317725753 0.2408026755852843
6 0.9280936454849499 0.08361204013377926 0.1354515050167224 0.16555183946488294
6 0.6070234113712375 0.0802675585284281 0.2591973244147157 0.1588628762541806
6 0.8076923076923077 0.24414715719063546 0.24247491638795987 0.27424749163879597
6 0.15719063545150502 0.8996655518394648 0.25418060200668896 0.20066889632107024
6 0.2408026755852843 0.677257525083612 0.26421404682274247 0.27759197324414714
6 0.19899665551839466 0.12040133779264214 0.24414715719063546 0.2408026755852843
6 0.41471571906354515 0.17391304347826086 0.24581939799331104 0.23745819397993312