6 0.26421404682274247 0.008361204013377926 0.18896321070234115 0.016722408026755852
6 0.6421404682274248 0.7859531772575251 0.18561872909698995 0.1956521739130435
6 0.8127090301003345 0.011705685618729096 0.23578595317725753 0.021739130434782608
5 0.4230769230769231 0.9331103678929766 0.03511705685618729 0.038461538461538464
6 0.01839464882943144 0.19063545150501673 0.03511705685618729 0.205685618729097
2 0.2591973244147157 0.35785953177257523 0.31438127090301005 0.3612040133779264
6 0.4297658862876254 0.9715719063545151 0.2391304347826087 0.056856187290969896
6 0.11538461538461539 0.9715719063545151 0.22742474916387959 0.056856187290969896
1 0.49665551839464883 0.5936454849498328 0.38461538461538464 0.39297658862876256
6 0.9498327759197325 0.07023411371237458 0.10033444816053512 0.14046822742474915
6 0.7073578595317725 0.9548494983277592 0.24414715719063546 0.08862876254180602
6 0.9163879598662207 0.6421404682274248 0.16387959866220736 0.24581939799331104
6 0.9080267558528428 0.9548494983277592 0.17892976588628762 0.08862876254180602
6 0.24749163879598662 0.8963210702341137 0.20066889632107024 0.20234113712374582
6 0.06354515050167224 0.36622073578595316 0.12709030100334448 0.23745819397993312
6 0.8662207357859532 0.20234113712374582 0.2525083612040134 0.205685618729097
6 0.7675585284280937 0.5886287625418061 0.18561872909698995 0.21906354515050167
6 0.8076923076923077 0.8160535117056856 0.24749163879598662 0.24247491638795987