5 0.48327759197324416 0.9280936454849499 0.08862876254180602 0.06354515050167224
6 0.033444816053511704 0.34448160535117056 0.06688963210702341 0.2809364548494983
6 0.3311036789297659 0.9899665551839465 0.21906354515050167 0.020066889632107024
6 0.9816053511705686 0.7675585284280937 0.03511705685618729 0.205685618729097
6 0.05351170568561873 0.15217391304347827 0.10702341137123746 0.23745819397993312
6 0.038461538461538464 0.8946488294314381 0.07692307692307693 0.2040133779264214
6 0.06688963210702341 0.5234113712374582 0.13210702341137123 0.26421404682274247
6 0.520066889632107 0.9364548494983278 0.23076923076923078 0.12709030100334448
6 0.45819397993311034 0.033444816053511704 0.2709030100334448 0.06521739130434782
5 0.36622073578595316 0.2608695652173913 0.07859531772575251 0.08528428093645485
6 0.9297658862876255 0.9163879598662207 0.13879598662207357 0.16555183946488294
6 0.6638795986622074 0.07357859531772576 0.21739130434782608 0.14715719063545152
6 0.9331103678929766 0.5752508361204013 0.13377926421404682 0.24749163879598662
6 0.9247491638795987 0.14381270903010032 0.1454849498327759 0.2625418060200669
6 0.19230769230769232 0.451505016722408 0.23076923076923078 0.2625418060200669
1 0.5033444816053512 0.5167224080267558 0.40635451505016723 0.43812709030100333
6 0.6438127090301003 0.8478260869565217 0.2508361204013378 0.23076923076923078
6 0.17892976588628762 0.9096989966555183 0.2391304347826087 0.17892976588628762
6 0.18561872909698995 0.09531772575250837 0.23745819397993312 0.19063545150501673
6 0.7809364548494984 0.5903010033444817 0.22240802675585283 0.26588628762541805
6 0.6906354515050167 0.24581939799331104 0.23411371237458195 0.225752508361204
6 0.8812709030100334 0.36622073578595316 0.23411371237458195 0.23745819397993312
6 0.411371237458194 0.8093645484949833 0.23244147157190637 0.21237458193979933
6 0.8612040133779264 0.7842809364548495 0.23411371237458195 0.2408026755852843
6 0.20735785953177258 0.7040133779264214 0.26421404682274247 0.25585284280936454