6 0.7391304347826086 0.010033444816053512 0.22240802675585283 0.01839464882943144
6 0.9849498327759197 0.27591973244147155 0.030100334448160536 0.2040133779264214
6 0.939799331103679 0.9832775919732442 0.12040133779264214 0.033444816053511704
6 0.3612040133779264 0.11872909698996656 0.21070234113712374 0.23411371237458195
6 0.03678929765886288 0.08528428093645485 0.07357859531772576 0.1705685618729097
6 0.9414715719063546 0.6053511705685619 0.11036789297658862 0.22909698996655517
6 0.17892976588628762 0.959866220735786 0.24581939799331104 0.0802675585284281
6 0.1688963210702341 0.048494983277591976 0.23745819397993312 0.09698996655518395
6 0.41471571906354515 0.9548494983277592 0.2508361204013378 0.0903010033444816
1 0.49331103678929766 0.4765886287625418 0.47491638795986624 0.49665551839464883
6 0.2692307692307692 0.18227424749163879 0.21739130434782608 0.225752508361204
6 0.6270903010033445 0.9180602006688964 0.19732441471571907 0.16220735785953178
6 0.48494983277591974 0.8060200668896321 0.2591973244147157 0.21906354515050167
6 0.7876254180602007 0.6070234113712375 0.20234113712374582 0.2391304347826087
6 0.8377926421404682 0.842809364548495 0.24749163879598662 0.225752508361204
6 0.18394648829431437 0.7959866220735786 0.27424749163879597 0.24247491638795987
6 0.8896321070234113 0.09866220735785954 0.21739130434782608 0.18729096989966554
6 0.7575250836120402 0.25585284280936454 0.225752508361204 0.22073578595317725
6 0.11705685618729098 0.5050167224080268 0.22742474916387959 0.24581939799331104