6 0.020066889632107024 0.9214046822742475 0.038461538461538464 0.15719063545150502
5 0.7759197324414716 0.2491638795986622 0.08193979933110368 0.06856187290969899
6 0.2408026755852843 0.959866220735786 0.20066889632107024 0.0802675585284281
6 0.596989966555184 0.9581939799331104 0.1956521739130435 0.08361204013377926
1 0.5083612040133779 0.5033444816053512 0.4280936454849498 0.4297658862876254
6 0.15384615384615385 0.8461538461538461 0.1939799331103679 0.1956521739130435
6 0.7441471571906354 0.061872909698996656 0.23411371237458195 0.12374581939799331
6 0.10033444816053512 0.09698996655518395 0.20066889632107024 0.1939799331103679
6 0.8879598662207357 0.38294314381270905 0.2140468227424749 0.19899665551839466
6 0.08528428093645485 0.28595317725752506 0.1705685618729097 0.18394648829431437
6 0.33277591973244147 0.7558528428093646 0.21070234113712374 0.1956521739130435
6 0.5317725752508361 0.8110367892976589 0.20903010033444816 0.20234113712374582
6 0.25585284280936454 0.21906354515050167 0.2040133779264214 0.1956521739130435
6 0.7341137123745819 0.8678929765886287 0.2140468227424749 0.225752508361204