6 0.9849498327759197 0.7909698996655519 0.030100334448160536 0.2508361204013378
6 0.05351170568561873 0.705685618729097 0.10702341137123746 0.2976588628762542
6 0.9515050167224081 0.09531772575250837 0.09698996655518395 0.19063545150501673
6 0.04180602006688963 0.10535117056856187 0.08361204013377926 0.20903010033444816
6 0.10535117056856187 0.677257525083612 0.205685618729097 0.2591973244147157
1 0.5 0.4983277591973244 0.44481605351170567 0.45819397993311034
6 0.05351170568561873 0.4013377926421405 0.10702341137123746 0.2826086956521739
6 0.4698996655518395 0.9698996655518395 0.2608695652173913 0.06020066889632107
6 0.12876254180602006 0.959866220735786 0.25752508361204013 0.0802675585284281
6 0.7224080267558528 0.9548494983277592 0.2792642140468227 0.08862876254180602
6 0.18227424749163879 0.12876254180602006 0.23578595317725753 0.22909698996655517
6 0.7040133779264214 0.7474916387959866 0.2591973244147157 0.25585284280936454
6 0.2591973244147157 0.2608695652173913 0.2993311036789298 0.27424749163879597
6 0.697324414715719 0.09531772575250837 0.24581939799331104 0.19063545150501673
6 0.8896321070234113 0.6505016722408027 0.21070234113712374 0.2525083612040134
6 0.7709030100334449 0.28595317725752506 0.2525083612040134 0.23578595317725753
6 0.36454849498327757 0.8193979933110368 0.28929765886287623 0.2842809364548495