6 0.9765886287625418 0.9264214046822743 0.046822742474916385 0.14715719063545152
6 0.9347826086956522 0.2842809364548495 0.1254180602006689 0.1806020066889632
6 0.04013377926421405 0.22742474916387959 0.0802675585284281 0.22742474916387959
1 0.5050167224080268 0.5033444816053512 0.45652173913043476 0.4765886287625418
5 0.17558528428093645 0.19063545150501673 0.08361204013377926 0.08361204013377926
6 0.8578595317725752 0.882943143812709 0.23578595317725753 0.21906354515050167
6 0.2140468227424749 0.9648829431438127 0.2608695652173913 0.06856187290969899
6 0.7591973244147158 0.9448160535117057 0.21739130434782608 0.11036789297658862
6 0.5334448160535117 0.9531772575250836 0.22240802675585283 0.09364548494983277
6 0.8695652173913043 0.051839464882943144 0.22742474916387959 0.10367892976588629
6 0.9297658862876255 0.45819397993311034 0.13879598662207357 0.205685618729097
6 0.6287625418060201 0.8160535117056856 0.20066889632107024 0.18729096989966554
6 0.18729096989966554 0.3177257525083612 0.23578595317725753 0.18896321070234115
6 0.10869565217391304 0.7558528428093646 0.21739130434782608 0.22073578595317725
6 0.5384615384615384 0.10367892976588629 0.1956521739130435 0.19732441471571907