2 0.5 0.5735785953177257 0.459866220735786 0.5183946488294314
6 0.9565217391304348 0.8896321070234113 0.08193979933110368 0.22073578595317725
6 0.020066889632107024 0.4096989966555184 0.038461538461538464 0.2491638795986622
6 0.9548494983277592 0.046822742474916385 0.08862876254180602 0.09364548494983277
6 0.030100334448160536 0.6806020066889632 0.06020066889632107 0.29264214046822745
6 0.056856187290969896 0.9364548494983278 0.11371237458193979 0.12709030100334448
6 0.8377926421404682 0.38461538461538464 0.1806020066889632 0.28929765886287623
6 0.6387959866220736 0.28595317725752506 0.25585284280936454 0.23578595317725753
6 0.774247491638796 0.9096989966555183 0.2391304347826087 0.17892976588628762
6 0.29264214046822745 0.18394648829431437 0.28595317725752506 0.2709030100334448
6 0.22240802675585283 0.7525083612040134 0.2391304347826087 0.24581939799331104
6 0.13377926421404682 0.24749163879598662 0.23578595317725753 0.24247491638795987
6 0.9063545150501672 0.6387959866220736 0.1806020066889632 0.2591973244147157
6 0.7023411371237458 0.705685618729097 0.25585284280936454 0.24581939799331104
6 0.8193979933110368 0.11872909698996656 0.26755852842809363 0.23745819397993312