2 0.49498327759197325 0.5 0.3494983277591973 0.3712374581939799
6 0.38294314381270905 0.023411371237458192 0.2725752508361204 0.046822742474916385
6 0.29264214046822745 0.14214046822742474 0.1806020066889632 0.225752508361204
6 0.657190635451505 0.931438127090301 0.22240802675585283 0.1354515050167224
6 0.8963210702341137 0.14214046822742474 0.20066889632107024 0.225752508361204
6 0.8411371237458194 0.7391304347826086 0.17558528428093645 0.2625418060200669
6 0.5284280936454849 0.17725752508361203 0.22240802675585283 0.2591973244147157
6 0.6421404682274248 0.7023411371237458 0.2140468227424749 0.18227424749163879
6 0.07859531772575251 0.7675585284280937 0.15719063545150502 0.23411371237458195
6 0.09698996655518395 0.10535117056856187 0.1939799331103679 0.20903010033444816
6 0.7408026755852842 0.31438127090301005 0.19230769230769232 0.24247491638795987
6 0.30267558528428096 0.8795986622073578 0.22742474916387959 0.2157190635451505
6 0.2491638795986622 0.6354515050167224 0.24247491638795987 0.22408026755852842
6 0.10702341137123746 0.46321070234113715 0.2140468227424749 0.23076923076923078