6 0.03511705685618729 0.7809364548494984 0.06688963210702341 0.20234113712374582
2 0.5016722408026756 0.4983277591973244 0.32441471571906355 0.3210702341137124
6 0.6287625418060201 0.6806020066889632 0.21070234113712374 0.18227424749163879
6 0.2976588628762542 0.02508361204013378 0.2608695652173913 0.05016722408026756
6 0.3896321070234114 0.7759197324414716 0.22742474916387959 0.20234113712374582
6 0.9297658862876255 0.2692307692307692 0.13879598662207357 0.2408026755852843
6 0.919732441471572 0.12040133779264214 0.15551839464882944 0.20903010033444816
6 0.9364548494983278 0.9247491638795987 0.12040133779264214 0.1505016722408027
6 0.2508361204013378 0.596989966555184 0.21739130434782608 0.20903010033444816
6 0.939799331103679 0.479933110367893 0.11705685618729098 0.23411371237458195
6 0.38127090301003347 0.9130434782608695 0.2391304347826087 0.17391304347826086
6 0.7357859531772575 0.08695652173913043 0.2391304347826087 0.17391304347826086
6 0.7775919732441472 0.26755852842809363 0.205685618729097 0.2157190635451505
6 0.5836120401337793 0.225752508361204 0.23578595317725753 0.23076923076923078