6 0.7959866220735786 0.011705685618729096 0.22742474916387959 0.023411371237458192
6 0.013377926421404682 0.7642140468227425 0.026755852842809364 0.21070234113712374
6 0.9698996655518395 0.5384615384615384 0.06020066889632107 0.22408026755852842
6 0.9632107023411371 0.2993311036789298 0.07023411371237458 0.22909698996655517
6 0.02508361204013378 0.06354515050167224 0.05016722408026756 0.12709030100334448
6 0.959866220735786 0.09531772575250837 0.07357859531772576 0.19063545150501673
5 0.7274247491638796 0.6605351170568562 0.08862876254180602 0.08862876254180602
6 0.14381270903010032 0.020066889632107024 0.23411371237458195 0.04013377926421405
6 0.3963210702341137 0.023411371237458192 0.26421404682274247 0.046822742474916385
6 0.9448160535117057 0.9565217391304348 0.10869565217391304 0.08361204013377926
2 0.5033444816053512 0.5016722408026756 0.3779264214046823 0.33612040133779264
6 0.6505016722408027 0.04013377926421405 0.23411371237458195 0.0802675585284281
6 0.47491638795986624 0.9214046822742475 0.25418060200668896 0.15719063545150502
6 0.06020066889632107 0.919732441471572 0.11872909698996656 0.1605351170568562
6 0.5836120401337793 0.8762541806020067 0.24247491638795987 0.24247491638795987
6 0.794314381270903 0.9297658862876255 0.22742474916387959 0.14046822742474915
6 0.23578595317725753 0.9331103678929766 0.24581939799331104 0.13210702341137123
6 0.08361204013377926 0.2608695652173913 0.16722408026755853 0.24749163879598662
6 0.8244147157190636 0.4882943143812709 0.2391304347826087 0.2408026755852843
6 0.27424749163879597 0.27424749163879597 0.225752508361204 0.2408026755852843
6 0.15719063545150502 0.7525083612040134 0.23076923076923078 0.23076923076923078
6 0.8210702341137124 0.25418060200668896 0.22073578595317725 0.21906354515050167
6 0.9180602006688964 0.7558528428093646 0.1588628762541806 0.24581939799331104
6 0.18561872909698995 0.5100334448160535 0.2508361204013378 0.23076923076923078
6 0.5953177257525084 0.20903010033444816 0.2525083612040134 0.2525083612040134