6 0.9615384615384616 0.9765886287625418 0.07692307692307693 0.04013377926421405
2 0.4983277591973244 0.4983277591973244 0.3695652173913043 0.36454849498327757
6 0.6956521739130435 0.021739130434782608 0.23076923076923078 0.043478260869565216
6 0.3076923076923077 0.061872909698996656 0.23578595317725753 0.12374581939799331
6 0.030100334448160536 0.6337792642140468 0.06020066889632107 0.23076923076923078
6 0.9548494983277592 0.5317725752508361 0.08862876254180602 0.23076923076923078
6 0.8762541806020067 0.6872909698996655 0.2140468227424749 0.22408026755852842
6 0.7809364548494984 0.6438127090301003 0.22742474916387959 0.24247491638795987
6 0.8093645484949833 0.9464882943143813 0.25418060200668896 0.10702341137123746
6 0.07190635451505016 0.0903010033444816 0.14214046822742474 0.17892976588628762
6 0.17892976588628762 0.520066889632107 0.26755852842809363 0.24581939799331104
6 0.16387959866220736 0.2591973244147157 0.2508361204013378 0.23076923076923078
6 0.4096989966555184 0.23745819397993312 0.2591973244147157 0.20234113712374582
6 0.5836120401337793 0.7692307692307693 0.2508361204013378 0.22073578595317725
6 0.8561872909698997 0.35451505016722407 0.2725752508361204 0.2508361204013378
6 0.8478260869565217 0.11036789297658862 0.2591973244147157 0.22073578595317725
6 0.11204013377926421 0.8678929765886287 0.22408026755852842 0.23076923076923078