6 0.959866220735786 0.5050167224080268 0.07525083612040134 0.24581939799331104
6 0.2591973244147157 0.8929765886287625 0.22073578595317725 0.21237458193979933
6 0.03511705685618729 0.051839464882943144 0.07023411371237458 0.10367892976588629
2 0.5 0.5150501672240803 0.3394648829431438 0.3511705685618729
5 0.03511705685618729 0.7157190635451505 0.06688963210702341 0.06688963210702341
6 0.7441471571906354 0.048494983277591976 0.21739130434782608 0.09698996655518395
5 0.12876254180602006 0.07692307692307693 0.10869565217391304 0.08862876254180602
6 0.4096989966555184 0.9648829431438127 0.2591973244147157 0.06856187290969899
6 0.4397993311036789 0.24414715719063546 0.22742474916387959 0.22909698996655517
6 0.09197324414715718 0.9230769230769231 0.18394648829431437 0.15384615384615385
6 0.8913043478260869 0.9481605351170569 0.21070234113712374 0.10367892976588629
6 0.3595317725752508 0.8260869565217391 0.22073578595317725 0.23745819397993312
6 0.9096989966555183 0.09866220735785954 0.1806020066889632 0.19732441471571907
6 0.17391304347826086 0.7073578595317725 0.225752508361204 0.2525083612040134
6 0.2608695652173913 0.12876254180602006 0.27759197324414714 0.25585284280936454
6 0.29431438127090304 0.391304347826087 0.22742474916387959 0.26421404682274247
6 0.9364548494983278 0.8060200668896321 0.12207357859531773 0.24581939799331104
6 0.6755852842809364 0.22909698996655517 0.25418060200668896 0.26755852842809363
6 0.8210702341137124 0.4331103678929766 0.24247491638795987 0.22909698996655517
6 0.10702341137123746 0.560200668896321 0.2140468227424749 0.22408026755852842
6 0.794314381270903 0.7023411371237458 0.2508361204013378 0.26588628762541805
6 0.10367892976588629 0.3377926421404682 0.20735785953177258 0.24247491638795987