2 0.5033444816053512 0.5150501672240803 0.2809364548494983 0.28595317725752506
6 0.8060200668896321 0.49665551839464883 0.2508361204013378 0.17725752508361203
5 0.9849498327759197 0.3511705685618729 0.030100334448160536 0.10702341137123746
6 0.9515050167224081 0.5535117056856187 0.09197324414715718 0.24247491638795987
6 0.046822742474916385 0.5418060200668896 0.09364548494983277 0.225752508361204
6 0.3745819397993311 0.08361204013377926 0.22240802675585283 0.16555183946488294
5 0.6036789297658863 0.6806020066889632 0.06354515050167224 0.06688963210702341
6 0.49665551839464883 0.08862876254180602 0.225752508361204 0.17725752508361203
6 0.34448160535117056 0.9548494983277592 0.22742474916387959 0.08862876254180602
5 0.20735785953177258 0.41638795986622074 0.08193979933110368 0.07525083612040134
6 0.7207357859531772 0.9464882943143813 0.22073578595317725 0.10702341137123746
6 0.7240802675585284 0.07525083612040134 0.23076923076923078 0.1505016722408027
6 0.782608695652174 0.5953177257525084 0.2709030100334448 0.1939799331103679
6 0.06521739130434782 0.7625418060200669 0.13043478260869565 0.21906354515050167
6 0.9080267558528428 0.05518394648829431 0.17892976588628762 0.11036789297658862
6 0.10869565217391304 0.9331103678929766 0.21739130434782608 0.13210702341137123
6 0.9080267558528428 0.9180602006688964 0.17892976588628762 0.16220735785953178
6 0.6789297658862876 0.7892976588628763 0.24581939799331104 0.205685618729097
6 0.10367892976588629 0.09531772575250837 0.20735785953177258 0.19063545150501673
6 0.41638795986622074 0.7474916387959866 0.23076923076923078 0.22408026755852842
6 0.7842809364548495 0.29431438127090304 0.21906354515050167 0.21237458193979933
6 0.09531772575250837 0.3411371237458194 0.18896321070234115 0.20903010033444816
6 0.25752508361204013 0.5618729096989966 0.225752508361204 0.19899665551839466