6 0.9531772575250836 0.06354515050167224 0.08862876254180602 0.12709030100334448
2 0.5016722408026756 0.49665551839464883 0.391304347826087 0.3779264214046823
6 0.9565217391304348 0.5819397993311036 0.08193979933110368 0.19899665551839466
6 0.6421404682274248 0.7190635451505016 0.2508361204013378 0.2491638795986622
6 0.4280936454849498 0.03177257525083612 0.22742474916387959 0.061872909698996656
6 0.8060200668896321 0.697324414715719 0.2608695652173913 0.2525083612040134
6 0.7240802675585284 0.051839464882943144 0.22408026755852842 0.10367892976588629
6 0.2508361204013378 0.44816053511705684 0.23578595317725753 0.2625418060200669
6 0.34615384615384615 0.9364548494983278 0.21070234113712374 0.12709030100334448
6 0.9297658862876255 0.9130434782608695 0.13377926421404682 0.17391304347826086
6 0.931438127090301 0.4013377926421405 0.13043478260869565 0.20066889632107024
6 0.7491638795986622 0.9364548494983278 0.2391304347826087 0.12709030100334448
6 0.9280936454849499 0.20066889632107024 0.1354515050167224 0.19899665551839466
6 0.11705685618729098 0.9113712374581939 0.23244147157190637 0.17725752508361203
6 0.07859531772575251 0.725752508361204 0.15551839464882944 0.205685618729097
6 0.36454849498327757 0.7424749163879598 0.2391304347826087 0.21237458193979933
6 0.7408026755852842 0.3193979933110368 0.21070234113712374 0.20903010033444816
6 0.5133779264214047 0.21739130434782608 0.2826086956521739 0.23745819397993312