6 0.5869565217391305 0.03511705685618729 0.25752508361204013 0.07023411371237458
6 0.5384615384615384 0.056856187290969896 0.35451505016722407 0.11204013377926421
6 0.931438127090301 0.06688963210702341 0.1354515050167224 0.13377926421404682
2 0.5016722408026756 0.5033444816053512 0.3093645484949833 0.3093645484949833
6 0.41304347826086957 0.9264214046822743 0.34615384615384615 0.14715719063545152
6 0.3010033444816054 0.18394648829431437 0.3093645484949833 0.32441471571906355
6 0.9230769230769231 0.3695652173913043 0.14715719063545152 0.2809364548494983
6 0.782608695652174 0.8695652173913043 0.23578595317725753 0.24581939799331104
6 0.8327759197324415 0.5301003344481605 0.2391304347826087 0.27424749163879597
6 0.5635451505016722 0.22742474916387959 0.25585284280936454 0.2408026755852843
6 0.17725752508361203 0.8896321070234113 0.3076923076923077 0.22073578595317725
6 0.5785953177257525 0.7357859531772575 0.2993311036789298 0.24247491638795987
6 0.8578595317725752 0.7859531772575251 0.225752508361204 0.2591973244147157
6 0.6137123745819398 0.31438127090301005 0.2976588628762542 0.2525083612040134