6 0.9715719063545151 0.04013377926421405 0.056856187290969896 0.0802675585284281
6 0.021739130434782608 0.2709030100334448 0.043478260869565216 0.205685618729097
6 0.24414715719063546 0.7391304347826086 0.2391304347826087 0.27424749163879597
6 0.342809364548495 0.7073578595317725 0.24247491638795987 0.225752508361204
6 0.0451505016722408 0.45484949832775917 0.08862876254180602 0.22073578595317725
6 0.24581939799331104 0.8946488294314381 0.24247491638795987 0.20903010033444816
6 0.5719063545150501 0.9648829431438127 0.23411371237458195 0.06856187290969899
6 0.09866220735785954 0.9431438127090301 0.1956521739130435 0.11371237458193979
2 0.5 0.5083612040133779 0.3277591973244147 0.32274247491638797
6 0.6739130434782609 0.2993311036789298 0.20234113712374582 0.1956521739130435
6 0.6588628762541806 0.7240802675585284 0.23076923076923078 0.205685618729097
6 0.4080267558528428 0.24247491638795987 0.1956521739130435 0.22073578595317725
6 0.6655518394648829 0.09364548494983277 0.23076923076923078 0.18729096989966554
6 0.7224080267558528 0.9080267558528428 0.21070234113712374 0.18394648829431437
6 0.9063545150501672 0.7709030100334449 0.1806020066889632 0.26755852842809363
6 0.21739130434782608 0.3394648829431438 0.2591973244147157 0.23745819397993312
6 0.8578595317725752 0.3394648829431438 0.2508361204013378 0.2408026755852843
6 0.15217391304347827 0.560200668896321 0.2408026755852843 0.23411371237458195
6 0.10535117056856187 0.1254180602006689 0.21070234113712374 0.22909698996655517
6 0.725752508361204 0.6889632107023411 0.19899665551839466 0.24247491638795987