6 0.9732441471571907 0.6722408026755853 0.05351170568561873 0.22073578595317725
6 0.02508361204013378 0.11036789297658862 0.05016722408026756 0.2040133779264214
2 0.5033444816053512 0.4983277591973244 0.36454849498327757 0.3745819397993311
6 0.9464882943143813 0.959866220735786 0.10702341137123746 0.0802675585284281
6 0.14381270903010032 0.41471571906354515 0.24581939799331104 0.22408026755852842
5 0.09531772575250837 0.2591973244147157 0.10702341137123746 0.10033444816053512
6 0.7976588628762542 0.03511705685618729 0.24414715719063546 0.07023411371237458
6 0.9481605351170569 0.43812709030100333 0.10367892976588629 0.23745819397993312
6 0.0903010033444816 0.4882943143812709 0.1806020066889632 0.21237458193979933
6 0.617056856187291 0.9297658862876255 0.22240802675585283 0.14046822742474915
5 0.7725752508361204 0.21739130434782608 0.07859531772575251 0.08862876254180602
6 0.31438127090301005 0.05016722408026756 0.23411371237458195 0.10033444816053512
6 0.5869565217391305 0.05852842809364549 0.225752508361204 0.11538461538461539
6 0.07859531772575251 0.6989966555183946 0.15551839464882944 0.22909698996655517
6 0.10535117056856187 0.08528428093645485 0.21070234113712374 0.1705685618729097
6 0.5050167224080268 0.8377926421404682 0.22240802675585283 0.20903010033444816
6 0.30434782608695654 0.8929765886287625 0.22073578595317725 0.21237458193979933
6 0.9331103678929766 0.17892976588628762 0.12876254180602006 0.2525083612040134
6 0.8411371237458194 0.5769230769230769 0.24247491638795987 0.21237458193979933
6 0.10702341137123746 0.9046822742474916 0.2140468227424749 0.19063545150501673
6 0.2842809364548495 0.6421404682274248 0.23578595317725753 0.23745819397993312
6 0.7959866220735786 0.882943143812709 0.2709030100334448 0.23411371237458195
6 0.6588628762541806 0.6923076923076923 0.225752508361204 0.205685618729097
6 0.5836120401337793 0.22240802675585283 0.24247491638795987 0.22909698996655517
6 0.7926421404682275 0.3695652173913043 0.24749163879598662 0.23076923076923078