6 0.9632107023411371 0.9163879598662207 0.07023411371237458 0.16220735785953178
6 0.015050167224080268 0.8093645484949833 0.030100334448160536 0.22073578595317725
6 0.021739130434782608 0.6137123745819398 0.043478260869565216 0.22073578595317725
6 0.9782608695652174 0.11204013377926421 0.04180602006688963 0.1956521739130435
6 0.4280936454849498 0.013377926421404682 0.24749163879598662 0.026755852842809364
6 0.47324414715719065 0.9782608695652174 0.2792642140468227 0.043478260869565216
6 0.07859531772575251 0.9648829431438127 0.15551839464882944 0.06856187290969899
6 0.8745819397993311 0.9782608695652174 0.2040133779264214 0.04180602006688963
6 0.8645484949832776 0.22408026755852842 0.22240802675585283 0.26588628762541805
2 0.5100334448160535 0.5050167224080268 0.3695652173913043 0.36789297658862874
6 0.9046822742474916 0.30434782608695654 0.17892976588628762 0.17892976588628762
6 0.07023411371237458 0.06354515050167224 0.13879598662207357 0.12709030100334448
6 0.23076923076923078 0.9096989966555183 0.3177257525083612 0.17892976588628762
6 0.7792642140468228 0.06521739130434782 0.20735785953177258 0.13043478260869565
6 0.12876254180602006 0.2140468227424749 0.21739130434782608 0.21237458193979933
6 0.4782608695652174 0.8695652173913043 0.21739130434782608 0.19899665551839466
6 0.5869565217391305 0.07859531772575251 0.22909698996655517 0.15551839464882944
6 0.2508361204013378 0.08361204013377926 0.23076923076923078 0.16555183946488294
6 0.3093645484949833 0.6688963210702341 0.20903010033444816 0.22073578595317725
6 0.8946488294314381 0.5936454849498328 0.205685618729097 0.26755852842809363
6 0.6521739130434783 0.862876254180602 0.225752508361204 0.23411371237458195
6 0.3996655518394649 0.22408026755852842 0.22240802675585283 0.19899665551839466
6 0.2140468227424749 0.26755852842809363 0.25585284280936454 0.22073578595317725
6 0.26755852842809363 0.3795986622073579 0.19732441471571907 0.20066889632107024