2 0.5 0.4983277591973244 0.3612040133779264 0.32441471571906355
6 0.03678929765886288 0.06521739130434782 0.07357859531772576 0.13043478260869565
6 0.36622073578595316 0.7709030100334449 0.2140468227424749 0.22073578595317725
6 0.22408026755852842 0.028428093645484948 0.27424749163879597 0.056856187290969896
5 0.7625418060200669 0.16722408026755853 0.09698996655518395 0.08862876254180602
6 0.2993311036789298 0.6538461538461539 0.2508361204013378 0.21237458193979933
6 0.8896321070234113 0.9548494983277592 0.2140468227424749 0.08862876254180602
6 0.10869565217391304 0.9280936454849499 0.21739130434782608 0.14381270903010032
6 0.4899665551839465 0.9214046822742475 0.25752508361204013 0.15719063545150502
6 0.8879598662207357 0.06354515050167224 0.22073578595317725 0.12709030100334448
6 0.17558528428093645 0.18227424749163879 0.28929765886287623 0.28762541806020064
6 0.9013377926421404 0.22909698996655517 0.19230769230769232 0.23076923076923078
6 0.580267558528428 0.7408026755852842 0.2391304347826087 0.23076923076923078
6 0.9163879598662207 0.47324414715719065 0.16722408026755853 0.2508361204013378
6 0.8193979933110368 0.6505016722408027 0.25418060200668896 0.23745819397993312
6 0.3411371237458194 0.3311036789297659 0.2391304347826087 0.2491638795986622
6 0.0903010033444816 0.6321070234113713 0.1806020066889632 0.25585284280936454