6 0.038461538461538464 0.030100334448160536 0.07692307692307693 0.06020066889632107
6 0.046822742474916385 0.9581939799331104 0.09197324414715718 0.08361204013377926
2 0.5066889632107023 0.49665551839464883 0.3076923076923077 0.3110367892976589
6 0.5886287625418061 0.9698996655518395 0.2508361204013378 0.06020066889632107
6 0.2040133779264214 0.9548494983277592 0.2525083612040134 0.0903010033444816
6 0.46488294314381273 0.04180602006688963 0.28595317725752506 0.08361204013377926
6 0.06354515050167224 0.5702341137123745 0.12709030100334448 0.25752508361204013
6 0.32608695652173914 0.35618729096989965 0.23578595317725753 0.2491638795986622
6 0.745819397993311 0.07525083612040134 0.27424749163879597 0.1505016722408027
6 0.3779264214046823 0.8896321070234113 0.22742474916387959 0.22073578595317725
6 0.16387959866220736 0.40468227424749165 0.25585284280936454 0.23745819397993312
6 0.8712374581939799 0.24749163879598662 0.24581939799331104 0.26588628762541805
6 0.08361204013377926 0.12207357859531773 0.16722408026755853 0.21906354515050167
6 0.27759197324414714 0.1354515050167224 0.2391304347826087 0.225752508361204
6 0.27591973244147155 0.6086956521739131 0.2525083612040134 0.225752508361204
6 0.6488294314381271 0.2792642140468227 0.24247491638795987 0.25585284280936454
6 0.8461538461538461 0.8244147157190636 0.2508361204013378 0.22909698996655517
6 0.5852842809364549 0.802675585284281 0.28929765886287623 0.2508361204013378
6 0.09698996655518395 0.8110367892976589 0.1939799331103679 0.24247491638795987
6 0.8645484949832776 0.5719063545150501 0.2508361204013378 0.225752508361204