6 0.021739130434782608 0.6655518394648829 0.04180602006688963 0.22909698996655517
6 0.02508361204013378 0.09531772575250837 0.05016722408026756 0.19063545150501673
6 0.4816053511705686 0.25752508361204013 0.26421404682274247 0.22909698996655517
2 0.5033444816053512 0.49665551839464883 0.29431438127090304 0.2709030100334448
6 0.26755852842809363 0.9732441471571907 0.2525083612040134 0.05351170568561873
6 0.09531772575250837 0.2909698996655518 0.19063545150501673 0.3076923076923077
5 0.9431438127090301 0.07692307692307693 0.08528428093645485 0.07190635451505016
6 0.6538461538461539 0.8745819397993311 0.2909698996655518 0.22408026755852842
5 0.19732441471571907 0.9381270903010034 0.07190635451505016 0.06856187290969899
6 0.657190635451505 0.05518394648829431 0.21906354515050167 0.11036789297658862
6 0.08862876254180602 0.9515050167224081 0.17224080267558528 0.09698996655518395
6 0.2625418060200669 0.46321070234113715 0.25418060200668896 0.2976588628762542
6 0.24581939799331104 0.11538461538461539 0.23076923076923078 0.23076923076923078
6 0.47157190635451507 0.09364548494983277 0.26421404682274247 0.18729096989966554
6 0.4331103678929766 0.9113712374581939 0.21070234113712374 0.17725752508361203
6 0.8695652173913043 0.8260869565217391 0.25585284280936454 0.23745819397993312
6 0.8846153846153846 0.2809364548494983 0.225752508361204 0.22073578595317725
6 0.8494983277591973 0.520066889632107 0.22742474916387959 0.20234113712374582