5 0.882943143812709 0.31605351170568563 0.10702341137123746 0.09698996655518395
6 0.06856187290969899 0.9832775919732442 0.1354515050167224 0.033444816053511704
6 0.9765886287625418 0.24581939799331104 0.046822742474916385 0.23076923076923078
5 0.6521739130434783 0.5016722408026756 0.07023411371237458 0.07190635451505016
2 0.4899665551839465 0.4916387959866221 0.38127090301003347 0.34448160535117056
6 0.2508361204013378 0.9698996655518395 0.23411371237458195 0.06020066889632107
6 0.0903010033444816 0.40468227424749165 0.1806020066889632 0.23076923076923078
5 0.40301003344481606 0.7090301003344481 0.07859531772575251 0.0802675585284281
6 0.17558528428093645 0.03678929765886288 0.23076923076923078 0.07357859531772576
6 0.7374581939799331 0.04013377926421405 0.2525083612040134 0.0802675585284281
6 0.7341137123745819 0.9464882943143813 0.2508361204013378 0.10702341137123746
6 0.9381270903010034 0.8210702341137124 0.12040133779264214 0.2491638795986622
6 0.479933110367893 0.9280936454849499 0.25585284280936454 0.14381270903010032
6 0.18561872909698995 0.4397993311036789 0.23411371237458195 0.24581939799331104
6 0.08862876254180602 0.14715719063545152 0.17725752508361203 0.20735785953177258
6 0.8411371237458194 0.5418060200668896 0.23076923076923078 0.21237458193979933
6 0.07859531772575251 0.637123745819398 0.15551839464882944 0.22073578595317725
6 0.2525083612040134 0.6889632107023411 0.21739130434782608 0.20903010033444816
6 0.6839464882943144 0.30434782608695654 0.23578595317725753 0.2408026755852843
6 0.6404682274247492 0.7591973244147158 0.24247491638795987 0.22909698996655517
6 0.8595317725752508 0.1588628762541806 0.23578595317725753 0.22408026755852842