6 0.016722408026755852 0.3745819397993311 0.033444816053511704 0.20066889632107024
6 0.9782608695652174 0.1454849498327759 0.038461538461538464 0.17224080267558528
2 0.5016722408026756 0.5334448160535117 0.41471571906354515 0.411371237458194
6 0.9816053511705686 0.35785953177257523 0.03511705685618729 0.20903010033444816
6 0.03177257525083612 0.9113712374581939 0.06354515050167224 0.17725752508361203
6 0.0903010033444816 0.028428093645484948 0.1806020066889632 0.056856187290969896
5 0.8294314381270903 0.6939799331103679 0.07525083612040134 0.07859531772575251
6 0.11872909698996656 0.5117056856187291 0.23578595317725753 0.25752508361204013
6 0.24749163879598662 0.560200668896321 0.22240802675585283 0.2525083612040134
6 0.705685618729097 0.6538461538461539 0.21070234113712374 0.22073578595317725
6 0.8979933110367893 0.7642140468227425 0.19732441471571907 0.27759197324414714
6 0.6438127090301003 0.07525083612040134 0.2508361204013378 0.1505016722408027
6 0.41638795986622074 0.9364548494983278 0.24414715719063546 0.12709030100334448
6 0.21237458193979933 0.15217391304347827 0.23578595317725753 0.2157190635451505
6 0.5852842809364549 0.8461538461538461 0.22240802675585283 0.20066889632107024
6 0.8444816053511706 0.4531772575250836 0.2391304347826087 0.22909698996655517
6 0.3394648829431438 0.7859531772575251 0.22240802675585283 0.205685618729097
6 0.17892976588628762 0.8979933110367893 0.24749163879598662 0.2040133779264214
6 0.8561872909698997 0.11204013377926421 0.205685618729097 0.22408026755852842
6 0.5919732441471572 0.2625418060200669 0.25585284280936454 0.21906354515050167