6 0.9715719063545151 0.8327759197324415 0.056856187290969896 0.22408026755852842
6 0.5284280936454849 0.01839464882943144 0.25752508361204013 0.03511705685618729
6 0.030100334448160536 0.4431438127090301 0.06020066889632107 0.23076923076923078
2 0.5033444816053512 0.5535117056856187 0.31605351170568563 0.3311036789297659
6 0.07357859531772576 0.030100334448160536 0.14715719063545152 0.06020066889632107
6 0.04013377926421405 0.705685618729097 0.0802675585284281 0.26755852842809363
5 0.2525083612040134 0.26421404682274247 0.07859531772575251 0.07859531772575251
6 0.8545150501672241 0.030100334448160536 0.23578595317725753 0.06020066889632107
6 0.9515050167224081 0.33444816053511706 0.09698996655518395 0.21906354515050167
6 0.9481605351170569 0.11036789297658862 0.09698996655518395 0.22073578595317725
6 0.8913043478260869 0.9347826086956522 0.21070234113712374 0.13043478260869565
6 0.45652173913043476 0.9264214046822743 0.24749163879598662 0.14715719063545152
6 0.8177257525083612 0.6220735785953178 0.23076923076923078 0.19899665551839466
6 0.17892976588628762 0.3862876254180602 0.225752508361204 0.23411371237458195
6 0.06354515050167224 0.21237458193979933 0.12709030100334448 0.22408026755852842
6 0.32274247491638797 0.7491638795986622 0.23578595317725753 0.20234113712374582
6 0.8260869565217391 0.7709030100334449 0.23578595317725753 0.22408026755852842
6 0.13377926421404682 0.8779264214046822 0.24247491638795987 0.21237458193979933
6 0.20903010033444816 0.10535117056856187 0.24749163879598662 0.20903010033444816
6 0.7876254180602007 0.17725752508361203 0.23578595317725753 0.21906354515050167
6 0.6053511705685619 0.7809364548494984 0.22240802675585283 0.22408026755852842
6 0.2591973244147157 0.5284280936454849 0.22742474916387959 0.22073578595317725
6 0.7842809364548495 0.40468227424749165 0.24247491638795987 0.225752508361204