6 0.9765886287625418 0.8812709030100334 0.046822742474916385 0.23411371237458195
6 0.038461538461538464 0.8979933110367893 0.07692307692307693 0.2040133779264214
2 0.49665551839464883 0.5016722408026756 0.39297658862876256 0.35785953177257523
6 0.2391304347826087 0.02508361204013378 0.2508361204013378 0.05016722408026756
6 0.8896321070234113 0.9498327759197325 0.2140468227424749 0.10033444816053512
6 0.45652173913043476 0.06688963210702341 0.23076923076923078 0.13377926421404682
6 0.0802675585284281 0.46153846153846156 0.1605351170568562 0.28929765886287623
6 0.12876254180602006 0.7642140468227425 0.2525083612040134 0.2508361204013378
6 0.7157190635451505 0.25752508361204013 0.2525083612040134 0.22909698996655517
6 0.8093645484949833 0.4816053511705686 0.23411371237458195 0.2709030100334448
6 0.8678929765886287 0.7290969899665551 0.2591973244147157 0.2525083612040134
6 0.36622073578595316 0.8662207357859532 0.2809364548494983 0.26755852842809363