6 0.24749163879598662 0.011705685618729096 0.22240802675585283 0.021739130434782608
6 0.3762541806020067 0.9882943143812709 0.23076923076923078 0.021739130434782608
6 0.12040133779264214 0.9849498327759197 0.22742474916387959 0.030100334448160536
6 0.9732441471571907 0.391304347826087 0.05351170568561873 0.2157190635451505
2 0.5 0.49665551839464883 0.40635451505016723 0.3896321070234114
6 0.9515050167224081 0.5919732441471572 0.09197324414715718 0.22073578595317725
6 0.9464882943143813 0.9130434782608695 0.10702341137123746 0.17391304347826086
6 0.8996655518394648 0.8010033444816054 0.18896321070234115 0.23745819397993312
6 0.9113712374581939 0.048494983277591976 0.1705685618729097 0.09698996655518395
6 0.06020066889632107 0.7709030100334449 0.11872909698996656 0.24247491638795987
6 0.06521739130434782 0.3193979933110368 0.13043478260869565 0.23076923076923078
6 0.1020066889632107 0.08193979933110368 0.20234113712374582 0.16220735785953178
6 0.4230769230769231 0.20066889632107024 0.23578595317725753 0.22909698996655517
6 0.2140468227424749 0.5484949832775919 0.22742474916387959 0.225752508361204
6 0.7926421404682275 0.4280936454849498 0.22073578595317725 0.22073578595317725
6 0.3795986622073579 0.8595317725752508 0.23076923076923078 0.22073578595317725
6 0.9147157190635451 0.1956521739130435 0.16722408026755853 0.2157190635451505
6 0.7391304347826086 0.11371237458193979 0.22909698996655517 0.22742474916387959
6 0.2408026755852843 0.32274247491638797 0.2140468227424749 0.2157190635451505
6 0.7240802675585284 0.6672240802675585 0.2140468227424749 0.2040133779264214
6 0.6070234113712375 0.8612040133779264 0.225752508361204 0.22408026755852842