6 0.02508361204013378 0.705685618729097 0.05016722408026756 0.23076923076923078
6 0.9715719063545151 0.17558528428093645 0.056856187290969896 0.21739130434782608
2 0.5 0.49665551839464883 0.3210702341137124 0.30267558528428096
6 0.11371237458193979 0.9548494983277592 0.22742474916387959 0.0903010033444816
6 0.2709030100334448 0.9431438127090301 0.24749163879598662 0.11371237458193979
6 0.08193979933110368 0.048494983277591976 0.16387959866220736 0.09698996655518395
6 0.9063545150501672 0.043478260869565216 0.1806020066889632 0.08528428093645485
6 0.5133779264214047 0.9431438127090301 0.2608695652173913 0.11371237458193979
6 0.939799331103679 0.6187290969899666 0.11705685618729098 0.24749163879598662
6 0.3996655518394649 0.2826086956521739 0.25585284280936454 0.205685618729097
6 0.3695652173913043 0.08361204013377926 0.2976588628762542 0.16722408026755853
6 0.22408026755852842 0.6822742474916388 0.24749163879598662 0.23411371237458195
6 0.6705685618729097 0.6538461538461539 0.27424749163879597 0.225752508361204
6 0.2692307692307692 0.40635451505016723 0.21739130434782608 0.22408026755852842
6 0.9113712374581939 0.3879598662207358 0.17224080267558528 0.23076923076923078
6 0.16220735785953178 0.18896321070234115 0.2591973244147157 0.25585284280936454
6 0.7408026755852842 0.8795986622073578 0.24749163879598662 0.2408026755852843