6 0.0903010033444816 0.1454849498327759 0.1806020066889632 0.2491638795986622
6 0.9615384615384616 0.31270903010033446 0.07190635451505016 0.22408026755852842
6 0.6421404682274248 0.9080267558528428 0.2391304347826087 0.18227424749163879
5 0.3394648829431438 0.6187290969899666 0.08862876254180602 0.08361204013377926
6 0.1588628762541806 0.9698996655518395 0.23076923076923078 0.06020066889632107
2 0.5 0.5334448160535117 0.3277591973244147 0.3394648829431438
6 0.7073578595317725 0.033444816053511704 0.22240802675585283 0.06521739130434782
6 0.754180602006689 0.4882943143812709 0.20234113712374582 0.24247491638795987
6 0.15384615384615385 0.8979933110367893 0.24749163879598662 0.2040133779264214
6 0.6237458193979933 0.7993311036789298 0.23578595317725753 0.205685618729097
6 0.7491638795986622 0.3612040133779264 0.22073578595317725 0.1939799331103679
6 0.23578595317725753 0.061872909698996656 0.22742474916387959 0.12374581939799331
6 0.3862876254180602 0.8377926421404682 0.22240802675585283 0.19899665551839466
6 0.2157190635451505 0.5033444816053512 0.24581939799331104 0.225752508361204
6 0.882943143812709 0.6521739130434783 0.22742474916387959 0.205685618729097
6 0.8762541806020067 0.15719063545150502 0.24247491638795987 0.23076923076923078
6 0.2909698996655518 0.23411371237458195 0.24247491638795987 0.225752508361204
6 0.6588628762541806 0.17224080267558528 0.21070234113712374 0.21237458193979933
6 0.9046822742474916 0.8729096989966555 0.18394648829431437 0.2157190635451505
6 0.05351170568561873 0.2140468227424749 0.10702341137123746 0.23745819397993312