6 0.07859531772575251 0.33277591973244147 0.15719063545150502 0.225752508361204
6 0.02508361204013378 0.7190635451505016 0.05016722408026756 0.24247491638795987
2 0.49498327759197325 0.4983277591973244 0.3612040133779264 0.342809364548495
5 0.40635451505016723 0.19063545150501673 0.10869565217391304 0.09698996655518395
6 0.5217391304347826 0.9498327759197325 0.2508361204013378 0.10033444816053512
6 0.8779264214046822 0.19230769230769232 0.2391304347826087 0.31438127090301005
6 0.22073578595317725 0.3595317725752508 0.3093645484949833 0.1956521739130435
6 0.12374581939799331 0.11036789297658862 0.24749163879598662 0.22073578595317725
6 0.8913043478260869 0.47491638795986624 0.21070234113712374 0.24581939799331104
6 0.1254180602006689 0.5568561872909699 0.2508361204013378 0.2591973244147157
6 0.2491638795986622 0.8093645484949833 0.26421404682274247 0.2525083612040134
5 0.7040133779264214 0.45819397993311034 0.0903010033444816 0.10702341137123746