6 0.42474916387959866 0.9882943143812709 0.2508361204013378 0.021739130434782608
6 0.6806020066889632 0.25418060200668896 0.24581939799331104 0.2408026755852843
2 0.4983277591973244 0.49665551839464883 0.36454849498327757 0.38294314381270905
6 0.03678929765886288 0.9230769230769231 0.07357859531772576 0.15384615384615385
5 0.9080267558528428 0.617056856187291 0.08361204013377926 0.07859531772575251
6 0.9331103678929766 0.4531772575250836 0.13377926421404682 0.24581939799331104
6 0.3795986622073579 0.07023411371237458 0.23076923076923078 0.14046822742474915
6 0.3779264214046823 0.7525083612040134 0.2608695652173913 0.2391304347826087
6 0.7809364548494984 0.919732441471572 0.225752508361204 0.1605351170568562
6 0.0802675585284281 0.08695652173913043 0.1605351170568562 0.17391304347826086
6 0.07525083612040134 0.2792642140468227 0.1505016722408027 0.205685618729097
6 0.5418060200668896 0.20066889632107024 0.25585284280936454 0.225752508361204
6 0.10367892976588629 0.5535117056856187 0.205685618729097 0.25752508361204013
6 0.19732441471571907 0.9130434782608695 0.2408026755852843 0.17391304347826086
6 0.8394648829431438 0.7474916387959866 0.23411371237458195 0.20903010033444816
6 0.8879598662207357 0.1688963210702341 0.2140468227424749 0.25585284280936454
6 0.7658862876254181 0.4765886287625418 0.21739130434782608 0.23745819397993312
6 0.5551839464882943 0.8812709030100334 0.2508361204013378 0.23411371237458195
6 0.2625418060200669 0.22408026755852842 0.24247491638795987 0.21906354515050167