6 0.021739130434782608 0.7474916387959866 0.04180602006688963 0.23076923076923078
6 0.6789297658862876 0.9782608695652174 0.22742474916387959 0.04180602006688963
6 0.038461538461538464 0.3795986622073579 0.07692307692307693 0.23076923076923078
6 0.2809364548494983 0.6538461538461539 0.2508361204013378 0.2525083612040134
6 0.43812709030100333 0.03678929765886288 0.25418060200668896 0.07357859531772576
6 0.8160535117056856 0.03177257525083612 0.2525083612040134 0.061872909698996656
6 0.4531772575250836 0.8010033444816054 0.26755852842809363 0.23745819397993312
5 0.4180602006688963 0.36454849498327757 0.08528428093645485 0.061872909698996656
6 0.08528428093645485 0.8979933110367893 0.1705685618729097 0.2040133779264214
6 0.44648829431438125 0.9632107023411371 0.22408026755852842 0.07357859531772576
2 0.5066889632107023 0.5568561872909699 0.4297658862876254 0.3745819397993311
6 0.2525083612040134 0.8979933110367893 0.21739130434782608 0.2040133779264214
6 0.8862876254180602 0.9464882943143813 0.22240802675585283 0.10702341137123746
6 0.9414715719063546 0.8311036789297659 0.11036789297658862 0.24581939799331104
6 0.17892976588628762 0.06020066889632107 0.24749163879598662 0.11872909698996656
6 0.09197324414715718 0.1939799331103679 0.17892976588628762 0.21739130434782608
6 0.11872909698996656 0.5234113712374582 0.23411371237458195 0.2491638795986622
6 0.2692307692307692 0.3294314381270903 0.2391304347826087 0.2408026755852843
6 0.6521739130434783 0.8695652173913043 0.20234113712374582 0.20903010033444816
6 0.6404682274247492 0.3193979933110368 0.2709030100334448 0.2157190635451505
6 0.7909698996655519 0.5234113712374582 0.2140468227424749 0.2491638795986622
6 0.5869565217391305 0.11371237458193979 0.26421404682274247 0.225752508361204