6 0.9849498327759197 0.47324414715719065 0.030100334448160536 0.19732441471571907
6 0.4180602006688963 0.011705685618729096 0.22073578595317725 0.023411371237458192
6 0.6521739130434783 0.01839464882943144 0.24247491638795987 0.03511705685618729
6 0.362876254180602 0.9816053511705686 0.26421404682274247 0.03511705685618729
2 0.5 0.49331103678929766 0.3612040133779264 0.4397993311036789
5 0.29264214046822745 0.3294314381270903 0.07023411371237458 0.0802675585284281
6 0.8812709030100334 0.0451505016722408 0.23076923076923078 0.0903010033444816
6 0.06856187290969899 0.5702341137123745 0.1354515050167224 0.24247491638795987
6 0.13043478260869565 0.061872909698996656 0.2408026755852843 0.12374581939799331
6 0.39297658862876256 0.1454849498327759 0.20903010033444816 0.24247491638795987
6 0.6923076923076923 0.2525083612040134 0.24749163879598662 0.2525083612040134
6 0.6872909698996655 0.9130434782608695 0.24749163879598662 0.17391304347826086
6 0.8444816053511706 0.479933110367893 0.21739130434782608 0.205685618729097
6 0.9163879598662207 0.7491638795986622 0.1605351170568562 0.24749163879598662
6 0.2909698996655518 0.8361204013377926 0.225752508361204 0.22909698996655517
6 0.23244147157190637 0.6220735785953178 0.225752508361204 0.225752508361204
6 0.08862876254180602 0.8745819397993311 0.17725752508361203 0.2508361204013378
6 0.7224080267558528 0.6672240802675585 0.25418060200668896 0.22408026755852842
6 0.8929765886287625 0.20066889632107024 0.20903010033444816 0.2157190635451505
6 0.5033444816053512 0.7792642140468228 0.23076923076923078 0.23745819397993312
6 0.19063545150501673 0.22073578595317725 0.2391304347826087 0.22073578595317725