6 0.9515050167224081 0.038461538461538464 0.09698996655518395 0.07692307692307693
6 0.19899665551839466 0.5284280936454849 0.23076923076923078 0.28762541806020064
6 0.4397993311036789 0.9832775919732442 0.25752508361204013 0.033444816053511704
6 0.043478260869565216 0.09531772575250837 0.08528428093645485 0.19063545150501673
6 0.8528428093645485 0.959866220735786 0.28762541806020064 0.0802675585284281
6 0.47324414715719065 0.7508361204013378 0.32441471571906355 0.24581939799331104
2 0.49665551839464883 0.5083612040133779 0.41638795986622074 0.40468227424749165
6 0.06521739130434782 0.5066889632107023 0.13043478260869565 0.35785953177257523
6 0.8929765886287625 0.10535117056856187 0.20903010033444816 0.20903010033444816
6 0.6739130434782609 0.07190635451505016 0.2709030100334448 0.14381270903010032
6 0.6839464882943144 0.28595317725752506 0.28595317725752506 0.24247491638795987
6 0.19063545150501673 0.06354515050167224 0.24581939799331104 0.12709030100334448
6 0.26588628762541805 0.3177257525083612 0.2976588628762542 0.22742474916387959
6 0.11705685618729098 0.9080267558528428 0.23244147157190637 0.18227424749163879
6 0.11872909698996656 0.23745819397993312 0.23076923076923078 0.22408026755852842
6 0.2140468227424749 0.7625418060200669 0.2959866220735786 0.22073578595317725
6 0.45484949832775917 0.17558528428093645 0.22742474916387959 0.24581939799331104
6 0.7608695652173914 0.6822742474916388 0.2725752508361204 0.28595317725752506