6 0.6588628762541806 0.657190635451505 0.22742474916387959 0.25585284280936454
6 0.12207357859531773 0.9899665551839465 0.22240802675585283 0.020066889632107024
6 0.9866220735785953 0.10535117056856187 0.026755852842809364 0.2040133779264214
6 0.1956521739130435 0.362876254180602 0.24247491638795987 0.2491638795986622
6 0.020066889632107024 0.479933110367893 0.038461538461538464 0.205685618729097
6 0.0451505016722408 0.09197324414715718 0.08862876254180602 0.18394648829431437
6 0.9832775919732442 0.3612040133779264 0.033444816053511704 0.18729096989966554
2 0.5 0.5033444816053512 0.33444816053511706 0.30434782608695654
4 0.842809364548495 0.7792642140468228 0.31438127090301005 0.4414715719063545
6 0.5334448160535117 0.023411371237458192 0.24581939799331104 0.046822742474916385
6 0.2709030100334448 0.5317725752508361 0.19063545150501673 0.25752508361204013
6 0.27424749163879597 0.9214046822742475 0.23244147157190637 0.15719063545150502
6 0.8996655518394648 0.4882943143812709 0.1956521739130435 0.17725752508361203
6 0.8695652173913043 0.06856187290969899 0.2391304347826087 0.13712374581939799
6 0.06688963210702341 0.2725752508361204 0.13210702341137123 0.1939799331103679
6 0.8461538461538461 0.2993311036789298 0.22073578595317725 0.21237458193979933
6 0.23076923076923078 0.7491638795986622 0.25585284280936454 0.18729096989966554
6 0.6036789297658863 0.8929765886287625 0.22742474916387959 0.20903010033444816
6 0.6421404682274248 0.1254180602006689 0.23578595317725753 0.22909698996655517
6 0.1939799331103679 0.12207357859531773 0.205685618729097 0.21237458193979933
6 0.40635451505016723 0.2625418060200669 0.225752508361204 0.20903010033444816