6 0.2408026755852843 0.540133779264214 0.27424749163879597 0.2976588628762542
6 0.05852842809364549 0.38127090301003347 0.11705685618729098 0.2508361204013378
6 0.9849498327759197 0.45484949832775917 0.030100334448160536 0.20735785953177258
6 0.2040133779264214 0.07023411371237458 0.2809364548494983 0.14046822742474915
6 0.6638795986622074 0.11204013377926421 0.2391304347826087 0.22408026755852842
6 0.9381270903010034 0.6438127090301003 0.12040133779264214 0.24247491638795987
6 0.1354515050167224 0.48327759197324416 0.22240802675585283 0.1956521739130435
6 0.802675585284281 0.0451505016722408 0.2842809364548495 0.0903010033444816
5 0.05852842809364549 0.26588628762541805 0.09531772575250837 0.0903010033444816
6 0.8929765886287625 0.9548494983277592 0.20903010033444816 0.0903010033444816
6 0.11036789297658862 0.11204013377926421 0.22073578595317725 0.22408026755852842
2 0.5033444816053512 0.5033444816053512 0.34448160535117056 0.3612040133779264
6 0.46321070234113715 0.048494983277591976 0.26421404682274247 0.09698996655518395
6 0.17391304347826086 0.7591973244147158 0.2525083612040134 0.19063545150501673
6 0.08528428093645485 0.5953177257525084 0.1705685618729097 0.23411371237458195
6 0.8712374581939799 0.16220735785953178 0.2525083612040134 0.23745819397993312
6 0.2976588628762542 0.15719063545150502 0.26421404682274247 0.22073578595317725
6 0.31270903010033446 0.33277591973244147 0.2525083612040134 0.225752508361204
6 0.8996655518394648 0.8177257525083612 0.1956521739130435 0.21906354515050167
6 0.13210702341137123 0.8812709030100334 0.25585284280936454 0.23745819397993312
6 0.6404682274247492 0.2809364548494983 0.24247491638795987 0.23076923076923078
6 0.6588628762541806 0.9063545150501672 0.2391304347826087 0.18729096989966554
6 0.391304347826087 0.8812709030100334 0.24749163879598662 0.23745819397993312
6 0.9548494983277592 0.21906354515050167 0.08862876254180602 0.23745819397993312