6 0.9464882943143813 0.3511705685618729 0.10367892976588629 0.21906354515050167
6 0.8745819397993311 0.33277591973244147 0.22742474916387959 0.23076923076923078
5 0.9431438127090301 0.013377926421404682 0.09364548494983277 0.026755852842809364
6 0.959866220735786 0.6103678929765887 0.07525083612040134 0.2508361204013378
6 0.8327759197324415 0.9732441471571907 0.2391304347826087 0.05351170568561873
6 0.04013377926421405 0.6806020066889632 0.0802675585284281 0.23745819397993312
5 0.6070234113712375 0.07525083612040134 0.0903010033444816 0.0802675585284281
2 0.5066889632107023 0.5234113712374582 0.3795986622073579 0.39297658862876256
6 0.9013377926421404 0.8511705685618729 0.19230769230769232 0.2157190635451505
6 0.2040133779264214 0.9498327759197325 0.24414715719063546 0.10033444816053512
6 0.9448160535117057 0.13043478260869565 0.10869565217391304 0.22742474916387959
6 0.4180602006688963 0.939799331103679 0.19732441471571907 0.11872909698996656
6 0.24247491638795987 0.41304347826086957 0.22073578595317725 0.23076923076923078
6 0.3762541806020067 0.2809364548494983 0.21906354515050167 0.1939799331103679
6 0.7642140468227425 0.07023411371237458 0.24581939799331104 0.14046822742474915
6 0.47491638795986624 0.774247491638796 0.2608695652173913 0.2157190635451505
6 0.15217391304347827 0.794314381270903 0.225752508361204 0.225752508361204
6 0.6354515050167224 0.9063545150501672 0.2508361204013378 0.18729096989966554
6 0.12374581939799331 0.47324414715719065 0.23076923076923078 0.22408026755852842
6 0.7926421404682275 0.6889632107023411 0.27424749163879597 0.225752508361204
6 0.3963210702341137 0.08528428093645485 0.26421404682274247 0.1705685618729097
6 0.1588628762541806 0.10869565217391304 0.23411371237458195 0.21237458193979933
6 0.6688963210702341 0.2608695652173913 0.2157190635451505 0.20234113712374582
6 0.29431438127090304 0.6421404682274248 0.22742474916387959 0.21237458193979933
6 0.774247491638796 0.46153846153846156 0.22073578595317725 0.22909698996655517