6 0.028428093645484948 0.9381270903010034 0.056856187290969896 0.12374581939799331
6 0.9749163879598662 0.14381270903010032 0.05016722408026756 0.23411371237458195
6 0.03511705685618729 0.5267558528428093 0.06856187290969899 0.23411371237458195
2 0.4983277591973244 0.5050167224080268 0.3528428093645485 0.34448160535117056
6 0.6889632107023411 0.6521739130434783 0.2157190635451505 0.26755852842809363
6 0.13210702341137123 0.9180602006688964 0.225752508361204 0.16220735785953178
6 0.7642140468227425 0.0451505016722408 0.24581939799331104 0.0903010033444816
6 0.35785953177257523 0.3060200668896321 0.2842809364548495 0.23076923076923078
6 0.6254180602006689 0.9280936454849499 0.2391304347826087 0.14381270903010032
6 0.4916387959866221 0.1688963210702341 0.205685618729097 0.27759197324414714
6 0.2909698996655518 0.08361204013377926 0.2608695652173913 0.16722408026755853
6 0.9147157190635451 0.9214046822742475 0.16387959866220736 0.15719063545150502
6 0.6906354515050167 0.17725752508361203 0.23076923076923078 0.2525083612040134
6 0.3277591973244147 0.9046822742474916 0.2608695652173913 0.19063545150501673
6 0.5167224080267558 0.7792642140468228 0.21739130434782608 0.23076923076923078
6 0.8712374581939799 0.7224080267558528 0.2508361204013378 0.2525083612040134
6 0.782608695652174 0.459866220735786 0.2525083612040134 0.225752508361204
6 0.12374581939799331 0.23745819397993312 0.24749163879598662 0.2491638795986622