2 0.5 0.49498327759197325 0.3494983277591973 0.34448160535117056
6 0.9347826086956522 0.16555183946488294 0.1254180602006689 0.22073578595317725
6 0.9230769230769231 0.048494983277591976 0.14715719063545152 0.09698996655518395
6 0.24247491638795987 0.8779264214046822 0.26421404682274247 0.24414715719063546
5 0.4096989966555184 0.2408026755852843 0.09197324414715718 0.08528428093645485
6 0.9331103678929766 0.7123745819397993 0.12876254180602006 0.22408026755852842
6 0.07859531772575251 0.5752508361204013 0.15719063545150502 0.23076923076923078
6 0.19899665551839466 0.774247491638796 0.19732441471571907 0.23745819397993312
6 0.9180602006688964 0.40301003344481606 0.1588628762541806 0.1939799331103679
6 0.10367892976588629 0.09866220735785954 0.20735785953177258 0.18729096989966554
6 0.5334448160535117 0.8862876254180602 0.2608695652173913 0.2157190635451505
6 0.7775919732441472 0.8812709030100334 0.24581939799331104 0.2157190635451505
6 0.6237458193979933 0.7107023411371237 0.23578595317725753 0.23076923076923078
6 0.10869565217391304 0.2993311036789298 0.21739130434782608 0.23076923076923078
6 0.22742474916387959 0.46488294314381273 0.22240802675585283 0.2525083612040134
6 0.7591973244147158 0.4297658862876254 0.1956521739130435 0.23076923076923078
6 0.754180602006689 0.2140468227424749 0.26421404682274247 0.21237458193979933