6 0.8244147157190636 0.9832775919732442 0.24414715719063546 0.033444816053511704
6 0.04013377926421405 0.9548494983277592 0.0802675585284281 0.0903010033444816
2 0.5 0.4983277591973244 0.3394648829431438 0.35785953177257523
6 0.0451505016722408 0.028428093645484948 0.0903010033444816 0.056856187290969896
6 0.9515050167224081 0.21739130434782608 0.09698996655518395 0.24247491638795987
6 0.5769230769230769 0.9581939799331104 0.2591973244147157 0.08361204013377926
6 0.2591973244147157 0.03511705685618729 0.2040133779264214 0.07023411371237458
6 0.6270903010033445 0.07190635451505016 0.2709030100334448 0.14381270903010032
6 0.2508361204013378 0.6020066889632107 0.23578595317725753 0.24581939799331104
6 0.27759197324414714 0.903010033444816 0.225752508361204 0.1939799331103679
6 0.7324414715719063 0.41638795986622074 0.20735785953177258 0.20903010033444816
6 0.7792642140468228 0.2040133779264214 0.2525083612040134 0.22073578595317725
6 0.9214046822742475 0.6086956521739131 0.15384615384615385 0.24247491638795987
6 0.08695652173913043 0.21906354515050167 0.17391304347826086 0.22408026755852842
6 0.7190635451505016 0.7374581939799331 0.2508361204013378 0.23411371237458195
6 0.391304347826087 0.1705685618729097 0.24749163879598662 0.23076923076923078
6 0.09531772575250837 0.45652173913043476 0.19063545150501673 0.22408026755852842
6 0.09197324414715718 0.8060200668896321 0.18227424749163879 0.24749163879598662
6 0.27424749163879597 0.33444816053511706 0.22240802675585283 0.22408026755852842