6 0.35618729096989965 0.011705685618729096 0.23578595317725753 0.021739130434782608
6 0.3311036789297659 0.9882943143812709 0.225752508361204 0.021739130434782608
6 0.9230769230769231 0.9113712374581939 0.15384615384615385 0.17391304347826086
6 0.023411371237458192 0.35451505016722407 0.046822742474916385 0.21739130434782608
6 0.24414715719063546 0.3779264214046823 0.23745819397993312 0.22073578595317725
6 0.8979933110367893 0.9565217391304348 0.20066889632107024 0.08695652173913043
6 0.08361204013377926 0.9448160535117057 0.16722408026755853 0.10367892976588629
6 0.02508361204013378 0.774247491638796 0.05016722408026756 0.23745819397993312
6 0.12207357859531773 0.9046822742474916 0.23745819397993312 0.19063545150501673
6 0.03511705685618729 0.08695652173913043 0.06856187290969899 0.17391304347826086
5 0.8344481605351171 0.3010033444816054 0.09531772575250837 0.09197324414715718
2 0.5050167224080268 0.41471571906354515 0.3060200668896321 0.31438127090301005
5 0.520066889632107 0.7842809364548495 0.07357859531772576 0.06688963210702341
6 0.5953177257525084 0.04013377926421405 0.2408026755852843 0.0802675585284281
6 0.17892976588628762 0.06856187290969899 0.225752508361204 0.1354515050167224
6 0.17725752508361203 0.2792642140468227 0.22240802675585283 0.21739130434782608
6 0.07357859531772576 0.5618729096989966 0.14715719063545152 0.25752508361204013
6 0.9046822742474916 0.14046822742474915 0.18227424749163879 0.2525083612040134
6 0.7224080267558528 0.9080267558528428 0.22240802675585283 0.18394648829431437
6 0.3762541806020067 0.1354515050167224 0.25418060200668896 0.2391304347826087
6 0.4665551839464883 0.8963210702341137 0.2408026755852843 0.205685618729097
6 0.8929765886287625 0.4331103678929766 0.21070234113712374 0.2391304347826087
6 0.6789297658862876 0.6020066889632107 0.2491638795986622 0.2608695652173913
6 0.2826086956521739 0.7709030100334449 0.24414715719063546 0.2625418060200669
6 0.8862876254180602 0.6688963210702341 0.22742474916387959 0.2608695652173913
6 0.6989966555183946 0.17224080267558528 0.24749163879598662 0.2525083612040134