6 0.9331103678929766 0.5986622073578596 0.13377926421404682 0.27759197324414714
6 0.9816053511705686 0.31438127090301005 0.03678929765886288 0.20066889632107024
6 0.9548494983277592 0.8695652173913043 0.08361204013377926 0.24581939799331104
6 0.32441471571906355 0.9832775919732442 0.23411371237458195 0.033444816053511704
2 0.4983277591973244 0.5117056856187291 0.3862876254180602 0.38294314381270905
6 0.9581939799331104 0.030100334448160536 0.08361204013377926 0.06020066889632107
6 0.026755852842809364 0.23745819397993312 0.05351170568561873 0.2408026755852843
6 0.6672240802675585 0.7759197324414716 0.24247491638795987 0.27591973244147155
6 0.5719063545150501 0.9498327759197325 0.23578595317725753 0.10033444816053512
6 0.6538461538461539 0.24749163879598662 0.25418060200668896 0.2625418060200669
6 0.8779264214046822 0.7107023411371237 0.2157190635451505 0.22073578595317725
6 0.81438127090301 0.8996655518394648 0.2508361204013378 0.20066889632107024
6 0.745819397993311 0.5652173913043478 0.24749163879598662 0.24749163879598662
6 0.08528428093645485 0.5852842809364549 0.1705685618729097 0.24749163879598662
6 0.11872909698996656 0.7675585284280937 0.23745819397993312 0.2508361204013378
6 0.617056856187291 0.06020066889632107 0.25585284280936454 0.11872909698996656
6 0.2725752508361204 0.6337792642140468 0.22240802675585283 0.23745819397993312
6 0.2709030100334448 0.3595317725752508 0.2525083612040134 0.22909698996655517
6 0.8461538461538461 0.11204013377926421 0.22742474916387959 0.22408026755852842
6 0.15719063545150502 0.15384615384615385 0.2525083612040134 0.22408026755852842
6 0.4414715719063545 0.8210702341137124 0.2391304347826087 0.2491638795986622
6 0.3996655518394649 0.11872909698996656 0.2508361204013378 0.23745819397993312