6 0.4498327759197324 0.8929765886287625 0.16722408026755853 0.1354515050167224
2 0.5066889632107023 0.4983277591973244 0.3862876254180602 0.35785953177257523
6 0.9565217391304348 0.07859531772575251 0.08193979933110368 0.15551839464882944
6 0.8127090301003345 0.033444816053511704 0.24749163879598662 0.06521739130434782
6 0.9381270903010034 0.5702341137123745 0.12374581939799331 0.2040133779264214
6 0.8729096989966555 0.9515050167224081 0.24247491638795987 0.09698996655518395
6 0.3193979933110368 0.07525083612040134 0.2508361204013378 0.1505016722408027
6 0.06354515050167224 0.6672240802675585 0.12709030100334448 0.23076923076923078
6 0.5769230769230769 0.7608695652173914 0.22073578595317725 0.19899665551839466
6 0.919732441471572 0.7993311036789298 0.1605351170568562 0.23745819397993312
6 0.6438127090301003 0.2525083612040134 0.22742474916387959 0.225752508361204
6 0.08361204013377926 0.43645484949832775 0.16722408026755853 0.23076923076923078
6 0.794314381270903 0.459866220735786 0.21070234113712374 0.225752508361204
6 0.6923076923076923 0.7040133779264214 0.21906354515050167 0.2826086956521739