6 0.979933110367893 0.3093645484949833 0.038461538461538464 0.2625418060200669
6 0.03511705685618729 0.31605351170568563 0.06856187290969899 0.23578595317725753
6 0.9230769230769231 0.9782608695652174 0.14715719063545152 0.04180602006688963
2 0.5016722408026756 0.5050167224080268 0.3528428093645485 0.3712374581939799
6 0.05016722408026756 0.5351170568561873 0.10033444816053512 0.2408026755852843
6 0.9113712374581939 0.04013377926421405 0.17224080267558528 0.0802675585284281
6 0.9280936454849499 0.5735785953177257 0.1354515050167224 0.2625418060200669
6 0.8996655518394648 0.7959866220735786 0.1956521739130435 0.225752508361204
6 0.12876254180602006 0.06688963210702341 0.24581939799331104 0.13210702341137123
6 0.7692307692307693 0.931438127090301 0.22742474916387959 0.1354515050167224
6 0.717391304347826 0.705685618729097 0.28595317725752506 0.20903010033444816
6 0.22240802675585283 0.6789297658862876 0.26755852842809363 0.23411371237458195
6 0.32608695652173914 0.903010033444816 0.24749163879598662 0.1939799331103679
6 0.07692307692307693 0.9013377926421404 0.15384615384615385 0.19732441471571907
6 0.8812709030100334 0.19230769230769232 0.22240802675585283 0.23745819397993312
6 0.540133779264214 0.8812709030100334 0.225752508361204 0.23745819397993312
6 0.774247491638796 0.47491638795986624 0.24247491638795987 0.25752508361204013
6 0.5919732441471572 0.21070234113712374 0.23411371237458195 0.2625418060200669
6 0.205685618729097 0.479933110367893 0.25585284280936454 0.2157190635451505
6 0.1588628762541806 0.27759197324414714 0.2408026755852843 0.2491638795986622