6 0.1588628762541806 0.9849498327759197 0.23076923076923078 0.030100334448160536
5 0.020066889632107024 0.08361204013377926 0.04013377926421405 0.10702341137123746
6 0.9581939799331104 0.03177257525083612 0.08361204013377926 0.061872909698996656
6 0.028428093645484948 0.931438127090301 0.056856187290969896 0.13043478260869565
6 0.051839464882943144 0.4397993311036789 0.10367892976588629 0.205685618729097
6 0.9682274247491639 0.9063545150501672 0.061872909698996656 0.18729096989966554
6 0.6672240802675585 0.16387959866220736 0.23244147157190637 0.23578595317725753
6 0.9615384615384616 0.7023411371237458 0.07190635451505016 0.2508361204013378
6 0.3511705685618729 0.051839464882943144 0.23244147157190637 0.10367892976588629
5 0.8177257525083612 0.10367892976588629 0.10702341137123746 0.09866220735785954
6 0.5752508361204013 0.12040133779264214 0.22909698996655517 0.2408026755852843
6 0.7959866220735786 0.34448160535117056 0.22240802675585283 0.19063545150501673
6 0.6070234113712375 0.9498327759197325 0.225752508361204 0.10033444816053512
2 0.5066889632107023 0.5133779264214047 0.3210702341137124 0.4197324414715719
6 0.9381270903010034 0.23578595317725753 0.11705685618729098 0.22742474916387959
6 0.6036789297658863 0.7976588628762542 0.25752508361204013 0.23244147157190637
6 0.8244147157190636 0.9214046822742475 0.24749163879598662 0.15719063545150502
6 0.7959866220735786 0.459866220735786 0.225752508361204 0.24247491638795987
6 0.2993311036789298 0.6939799331103679 0.23745819397993312 0.2391304347826087
6 0.2491638795986622 0.5100334448160535 0.20234113712374582 0.19063545150501673
6 0.17558528428093645 0.10535117056856187 0.22909698996655517 0.20903010033444816
6 0.27424749163879597 0.3076923076923077 0.2591973244147157 0.23578595317725753
6 0.08862876254180602 0.7608695652173914 0.17725752508361203 0.25752508361204013
6 0.8193979933110368 0.697324414715719 0.24749163879598662 0.225752508361204