6 0.8076923076923077 0.2842809364548495 0.2591973244147157 0.2525083612040134
6 0.023411371237458192 0.8377926421404682 0.046822742474916385 0.24247491638795987
6 0.9130434782608695 0.7926421404682275 0.17391304347826086 0.2408026755852843
5 0.38127090301003347 0.2909698996655518 0.08862876254180602 0.09531772575250837
6 0.051839464882943144 0.10033444816053512 0.10367892976588629 0.20066889632107024
6 0.8612040133779264 0.8578595317725752 0.2157190635451505 0.23076923076923078
6 0.6806020066889632 0.7073578595317725 0.23411371237458195 0.225752508361204
2 0.49665551839464883 0.5083612040133779 0.342809364548495 0.3779264214046823
6 0.5535117056856187 0.7608695652173914 0.24247491638795987 0.23745819397993312
6 0.27424749163879597 0.07190635451505016 0.24749163879598662 0.14381270903010032
6 0.49665551839464883 0.15384615384615385 0.23076923076923078 0.2709030100334448
6 0.7140468227424749 0.13879598662207357 0.22742474916387959 0.27759197324414714
6 0.9063545150501672 0.18729096989966554 0.1806020066889632 0.22073578595317725
6 0.15384615384615385 0.7023411371237458 0.24581939799331104 0.23745819397993312
6 0.08862876254180602 0.46488294314381273 0.17725752508361203 0.26755852842809363
6 0.18561872909698995 0.2608695652173913 0.2508361204013378 0.24581939799331104
6 0.862876254180602 0.5418060200668896 0.26421404682274247 0.2625418060200669