6 0.19732441471571907 0.9866220735785953 0.23411371237458195 0.026755852842809364
2 0.49665551839464883 0.5016722408026756 0.3177257525083612 0.30267558528428096
6 0.048494983277591976 0.0451505016722408 0.09698996655518395 0.0903010033444816
6 0.016722408026755852 0.17892976588628762 0.033444816053511704 0.21906354515050167
6 0.09698996655518395 0.596989966555184 0.18896321070234115 0.23076923076923078
6 0.41304347826086957 0.7759197324414716 0.24247491638795987 0.25752508361204013
6 0.4013377926421405 0.9665551839464883 0.2525083612040134 0.06688963210702341
6 0.9498327759197325 0.3862876254180602 0.10033444816053512 0.2408026755852843
6 0.49665551839464883 0.8461538461538461 0.22240802675585283 0.21237458193979933
6 0.9414715719063546 0.08193979933110368 0.11705685618729098 0.16220735785953178
6 0.061872909698996656 0.9080267558528428 0.12374581939799331 0.18394648829431437
6 0.882943143812709 0.6538461538461539 0.21070234113712374 0.17391304347826086
6 0.15551839464882944 0.11872909698996656 0.25752508361204013 0.23745819397993312
6 0.18227424749163879 0.7993311036789298 0.24247491638795987 0.23745819397993312
6 0.7892976588628763 0.1488294314381271 0.25585284280936454 0.2525083612040134
6 0.20735785953177258 0.3862876254180602 0.2525083612040134 0.2508361204013378
6 0.8712374581939799 0.8561872909698997 0.2508361204013378 0.25585284280936454