6 0.03678929765886288 0.931438127090301 0.07357859531772576 0.13043478260869565
6 0.023411371237458192 0.34782608695652173 0.046822742474916385 0.21237458193979933
2 0.5033444816053512 0.5 0.2591973244147157 0.27424749163879597
6 0.6555183946488294 0.9548494983277592 0.2391304347826087 0.0903010033444816
6 0.19063545150501673 0.9732441471571907 0.23578595317725753 0.05351170568561873
6 0.4882943143812709 0.028428093645484948 0.2608695652173913 0.056856187290969896
6 0.9347826086956522 0.2625418060200669 0.1254180602006689 0.23411371237458195
6 0.22909698996655517 0.06020066889632107 0.23578595317725753 0.11872909698996656
6 0.10033444816053512 0.7976588628762542 0.20066889632107024 0.23411371237458195
6 0.8595317725752508 0.6070234113712375 0.23578595317725753 0.23411371237458195
6 0.8478260869565217 0.8963210702341137 0.24247491638795987 0.205685618729097
6 0.4782608695652174 0.8812709030100334 0.225752508361204 0.22408026755852842
6 0.2909698996655518 0.4414715719063545 0.21739130434782608 0.22909698996655517
6 0.7491638795986622 0.29431438127090304 0.2591973244147157 0.22073578595317725
6 0.3896321070234114 0.2491638795986622 0.22240802675585283 0.205685618729097
6 0.6053511705685619 0.7374581939799331 0.25585284280936454 0.23411371237458195
6 0.10367892976588629 0.18896321070234115 0.205685618729097 0.2408026755852843
6 0.10535117056856187 0.520066889632107 0.21070234113712374 0.23411371237458195
6 0.31605351170568563 0.7140468227424749 0.2508361204013378 0.23745819397993312