2 0.5217391304347826 0.5016722408026756 0.3528428093645485 0.2976588628762542
5 0.6538461538461539 0.4782608695652174 0.08361204013377926 0.08528428093645485
5 0.10033444816053512 0.5083612040133779 0.11036789297658862 0.0903010033444816
6 0.07190635451505016 0.5986622073578596 0.14381270903010032 0.2508361204013378
6 0.7190635451505016 0.9732441471571907 0.2391304347826087 0.05351170568561873
6 0.13377926421404682 0.28595317725752506 0.24247491638795987 0.21237458193979933
6 0.9113712374581939 0.9548494983277592 0.1705685618729097 0.08862876254180602
6 0.7909698996655519 0.0451505016722408 0.24749163879598662 0.0903010033444816
6 0.10033444816053512 0.17725752508361203 0.20066889632107024 0.22073578595317725
6 0.8712374581939799 0.31605351170568563 0.22240802675585283 0.25585284280936454
6 0.38294314381270905 0.7240802675585284 0.2391304347826087 0.23411371237458195
6 0.8076923076923077 0.7341137123745819 0.2140468227424749 0.1956521739130435
6 0.2692307692307692 0.44816053511705684 0.21070234113712374 0.21237458193979933
6 0.9180602006688964 0.6137123745819398 0.16387959866220736 0.22909698996655517
6 0.6204013377926422 0.8595317725752508 0.225752508361204 0.22073578595317725
6 0.5852842809364549 0.225752508361204 0.21739130434782608 0.23745819397993312
6 0.16220735785953178 0.7575250836120402 0.23076923076923078 0.2040133779264214