6 0.021739130434782608 0.17892976588628762 0.043478260869565216 0.23411371237458195
6 0.9448160535117057 0.3394648829431438 0.11036789297658862 0.23745819397993312
5 0.9214046822742475 0.7090301003344481 0.1254180602006689 0.10702341137123746
6 0.7775919732441472 0.07692307692307693 0.24414715719063546 0.15384615384615385
6 0.822742474916388 0.9765886287625418 0.23076923076923078 0.046822742474916385
6 0.9581939799331104 0.8712374581939799 0.08361204013377926 0.24414715719063546
6 0.10869565217391304 0.6287625418060201 0.21739130434782608 0.25418060200668896
5 0.32441471571906355 0.07023411371237458 0.09364548494983277 0.0903010033444816
2 0.5 0.5117056856187291 0.40635451505016723 0.4214046822742475
6 0.9431438127090301 0.11204013377926421 0.10702341137123746 0.22408026755852842
6 0.7909698996655519 0.3996655518394649 0.24247491638795987 0.2040133779264214
6 0.16722408026755853 0.15217391304347827 0.2591973244147157 0.23076923076923078
6 0.3729096989966555 0.2508361204013378 0.26421404682274247 0.225752508361204
6 0.8210702341137124 0.17892976588628762 0.2157190635451505 0.23745819397993312
6 0.8361204013377926 0.5418060200668896 0.21070234113712374 0.20066889632107024
6 0.5150501672240803 0.08528428093645485 0.2725752508361204 0.1705685618729097
6 0.23745819397993312 0.6538461538461539 0.2408026755852843 0.23745819397993312
6 0.46488294314381273 0.7692307692307693 0.22742474916387959 0.19899665551839466
6 0.5501672240802675 0.919732441471572 0.26421404682274247 0.1605351170568562
6 0.10702341137123746 0.39297658862876256 0.2140468227424749 0.2157190635451505
6 0.10869565217391304 0.8762541806020067 0.21739130434782608 0.22073578595317725