6 0.9414715719063546 0.7474916387959866 0.11036789297658862 0.20066889632107024
6 0.3110367892976589 0.8762541806020067 0.21739130434782608 0.22073578595317725
6 0.9096989966555183 0.010033444816053512 0.1806020066889632 0.020066889632107024
6 0.030100334448160536 0.8076923076923077 0.06020066889632107 0.20903010033444816
6 0.560200668896321 0.7073578595317725 0.18561872909698995 0.1939799331103679
6 0.26421404682274247 0.011705685618729096 0.24749163879598662 0.023411371237458192
6 0.021739130434782608 0.21070234113712374 0.04180602006688963 0.21906354515050167
6 0.2608695652173913 0.9782608695652174 0.21070234113712374 0.043478260869565216
6 0.13210702341137123 0.7324414715719063 0.225752508361204 0.24247491638795987
6 0.08695652173913043 0.021739130434782608 0.17391304347826086 0.043478260869565216
6 0.5033444816053512 0.7424749163879598 0.23578595317725753 0.2408026755852843
6 0.7876254180602007 0.2909698996655518 0.2140468227424749 0.20234113712374582
2 0.5016722408026756 0.5100334448160535 0.2809364548494983 0.27424749163879597
5 0.9648829431438127 0.959866220735786 0.07023411371237458 0.0802675585284281
6 0.8444816053511706 0.4698996655518395 0.1956521739130435 0.20234113712374582
6 0.06856187290969899 0.5752508361204013 0.1354515050167224 0.19899665551839466
6 0.3795986622073579 0.8963210702341137 0.2140468227424749 0.205685618729097
6 0.7608695652173914 0.9297658862876255 0.22240802675585283 0.14046822742474915
6 0.560200668896321 0.8946488294314381 0.18561872909698995 0.1939799331103679
5 0.6906354515050167 0.8076923076923077 0.08361204013377926 0.07190635451505016
6 0.903010033444816 0.11872909698996656 0.18896321070234115 0.23411371237458195
6 0.8411371237458194 0.7608695652173914 0.19732441471571907 0.23076923076923078
6 0.20735785953177258 0.5100334448160535 0.22073578595317725 0.20903010033444816
6 0.18896321070234115 0.3193979933110368 0.22240802675585283 0.2157190635451505
6 0.919732441471572 0.5384615384615384 0.1588628762541806 0.2157190635451505
6 0.7040133779264214 0.4397993311036789 0.19063545150501673 0.25752508361204013
6 0.21906354515050167 0.6521739130434783 0.23076923076923078 0.205685618729097