2 0.5033444816053512 0.520066889632107 0.3394648829431438 0.3394648829431438
6 0.07190635451505016 0.023411371237458192 0.14214046822742474 0.046822742474916385
6 0.2157190635451505 0.959866220735786 0.23745819397993312 0.0802675585284281
6 0.6906354515050167 0.03678929765886288 0.2508361204013378 0.07357859531772576
6 0.14715719063545152 0.8812709030100334 0.1605351170568562 0.17391304347826086
6 0.22073578595317725 0.043478260869565216 0.23578595317725753 0.08528428093645485
6 0.7775919732441472 0.9548494983277592 0.2591973244147157 0.08862876254180602
6 0.10033444816053512 0.20066889632107024 0.20066889632107024 0.22408026755852842
6 0.3896321070234114 0.9364548494983278 0.25752508361204013 0.12709030100334448
6 0.4180602006688963 0.12207357859531773 0.22073578595317725 0.21237458193979933
6 0.903010033444816 0.0802675585284281 0.18896321070234115 0.1588628762541806
6 0.6672240802675585 0.7274247491638796 0.23411371237458195 0.2491638795986622
6 0.6187290969899666 0.8712374581939799 0.2525083612040134 0.22408026755852842
6 0.8795986622073578 0.7976588628762542 0.23076923076923078 0.24581939799331104
6 0.3210702341137124 0.3076923076923077 0.26421404682274247 0.22909698996655517
6 0.09531772575250837 0.6638795986622074 0.18896321070234115 0.2157190635451505
6 0.8060200668896321 0.36454849498327757 0.28929765886287623 0.205685618729097
6 0.2408026755852843 0.6739130434782609 0.2591973244147157 0.2508361204013378
6 0.10869565217391304 0.42642140468227424 0.21739130434782608 0.2408026755852843