6 0.33612040133779264 0.9832775919732442 0.2508361204013378 0.033444816053511704
6 0.4665551839464883 0.11538461538461539 0.3494983277591973 0.225752508361204
6 0.45484949832775917 0.8996655518394648 0.2140468227424749 0.20066889632107024
6 0.8812709030100334 0.8043478260869565 0.21906354515050167 0.1939799331103679
6 0.5434782608695652 0.05518394648829431 0.17558528428093645 0.11036789297658862
5 0.13377926421404682 0.9431438127090301 0.05351170568561873 0.046822742474916385
6 0.4531772575250836 0.05852842809364549 0.23578595317725753 0.11538461538461539
6 0.9749163879598662 0.05518394648829431 0.05016722408026756 0.11036789297658862
6 0.9130434782608695 0.705685618729097 0.16387959866220736 0.2491638795986622
5 0.30267558528428096 0.0451505016722408 0.11705685618729098 0.0903010033444816
2 0.5 0.5033444816053512 0.2725752508361204 0.2608695652173913
6 0.959866220735786 0.44648829431438125 0.07525083612040134 0.22073578595317725
6 0.9331103678929766 0.9214046822742475 0.13377926421404682 0.15384615384615385
6 0.028428093645484948 0.8712374581939799 0.056856187290969896 0.23411371237458195
5 0.6137123745819398 0.2709030100334448 0.06688963210702341 0.07859531772575251
6 0.745819397993311 0.8979933110367893 0.26755852842809363 0.2040133779264214
6 0.38294314381270905 0.7474916387959866 0.28929765886287623 0.2491638795986622
6 0.725752508361204 0.08862876254180602 0.21070234113712374 0.17725752508361203
5 0.2157190635451505 0.9531772575250836 0.11705685618729098 0.09364548494983277
6 0.8913043478260869 0.2976588628762542 0.21070234113712374 0.2157190635451505
6 0.13879598662207357 0.5986622073578596 0.27759197324414714 0.26755852842809363
6 0.6204013377926422 0.6204013377926422 0.20234113712374582 0.1688963210702341
6 0.7341137123745819 0.7140468227424749 0.23076923076923078 0.2157190635451505
6 0.7892976588628763 0.5334448160535117 0.23411371237458195 0.21237458193979933
6 0.8879598662207357 0.24247491638795987 0.205685618729097 0.225752508361204