6 0.008361204013377926 0.7408026755852842 0.016722408026755852 0.20234113712374582
6 0.7675585284280937 0.010033444816053512 0.23076923076923078 0.01839464882943144
6 0.9832775919732442 0.5234113712374582 0.033444816053511704 0.2040133779264214
6 0.459866220735786 0.9849498327759197 0.24414715719063546 0.030100334448160536
6 0.9749163879598662 0.15384615384615385 0.05016722408026756 0.21906354515050167
6 0.03511705685618729 0.05518394648829431 0.07023411371237458 0.11036789297658862
2 0.5016722408026756 0.49498327759197325 0.32441471571906355 0.2959866220735786
5 0.7240802675585284 0.822742474916388 0.0903010033444816 0.0903010033444816
6 0.5919732441471572 0.7491638795986622 0.21739130434782608 0.19899665551839466
6 0.2993311036789298 0.8996655518394648 0.23745819397993312 0.20066889632107024
6 0.11036789297658862 0.9632107023411371 0.22073578595317725 0.07357859531772576
6 0.3177257525083612 0.051839464882943144 0.22742474916387959 0.10367892976588629
6 0.882943143812709 0.9130434782608695 0.22742474916387959 0.17391304347826086
6 0.07525083612040134 0.45819397993311034 0.1505016722408027 0.17892976588628762
6 0.8461538461538461 0.6872909698996655 0.2525083612040134 0.2408026755852843
6 0.2157190635451505 0.32441471571906355 0.22240802675585283 0.22073578595317725
6 0.7207357859531772 0.20234113712374582 0.24247491638795987 0.21237458193979933
6 0.2508361204013378 0.5334448160535117 0.20234113712374582 0.1956521739130435
6 0.3762541806020067 0.7023411371237458 0.23578595317725753 0.19899665551839466
6 0.7357859531772575 0.41471571906354515 0.2157190635451505 0.20234113712374582
6 0.560200668896321 0.8662207357859532 0.2140468227424749 0.21237458193979933
6 0.11371237458193979 0.7357859531772575 0.21070234113712374 0.225752508361204
6 0.4882943143812709 0.15384615384615385 0.225752508361204 0.23411371237458195
6 0.9096989966555183 0.33444816053511706 0.17558528428093645 0.22909698996655517