6 0.9531772575250836 0.2809364548494983 0.08528428093645485 0.26588628762541805
6 0.011705685618729096 0.23411371237458195 0.023411371237458192 0.22742474916387959
2 0.5066889632107023 0.5050167224080268 0.3528428093645485 0.3494983277591973
2 0.5066889632107023 0.5050167224080268 0.3528428093645485 0.3494983277591973
6 0.9581939799331104 0.6086956521739131 0.07859531772575251 0.23745819397993312
6 0.11872909698996656 0.9665551839464883 0.22742474916387959 0.06688963210702341
5 0.3277591973244147 0.2725752508361204 0.09531772575250837 0.08862876254180602
6 0.7107023411371237 0.9347826086956522 0.24581939799331104 0.13043478260869565
6 0.782608695652174 0.5735785953177257 0.225752508361204 0.21237458193979933
6 0.7525083612040134 0.6839464882943144 0.2391304347826087 0.21906354515050167
6 0.9147157190635451 0.9331103678929766 0.16722408026755853 0.13210702341137123
6 0.6287625418060201 0.8896321070234113 0.25418060200668896 0.22073578595317725
6 0.7993311036789298 0.056856187290969896 0.25418060200668896 0.11204013377926421
6 0.07023411371237458 0.05518394648829431 0.13879598662207357 0.11036789297658862
6 0.560200668896321 0.0903010033444816 0.2391304347826087 0.1806020066889632
6 0.8963210702341137 0.38127090301003347 0.19732441471571907 0.23578595317725753
6 0.7775919732441472 0.20066889632107024 0.2508361204013378 0.23411371237458195
6 0.38294314381270905 0.10702341137123746 0.22408026755852842 0.2140468227424749
6 0.09197324414715718 0.842809364548495 0.18227424749163879 0.2157190635451505
6 0.15384615384615385 0.17725752508361203 0.2709030100334448 0.2525083612040134
6 0.07859531772575251 0.6321070234113713 0.15719063545150502 0.22408026755852842
6 0.26588628762541805 0.6187290969899666 0.225752508361204 0.2508361204013378