6 0.9849498327759197 0.617056856187291 0.030100334448160536 0.2040133779264214
6 0.9749163879598662 0.9464882943143813 0.05016722408026756 0.10702341137123746
2 0.4983277591973244 0.4983277591973244 0.3862876254180602 0.3695652173913043
6 0.4882943143812709 0.979933110367893 0.20066889632107024 0.038461538461538464
6 0.862876254180602 0.9682274247491639 0.17892976588628762 0.06354515050167224
6 0.028428093645484948 0.09531772575250837 0.056856187290969896 0.19063545150501673
6 0.08528428093645485 0.9715719063545151 0.1705685618729097 0.056856187290969896
5 0.7123745819397993 0.46488294314381273 0.08193979933110368 0.08528428093645485
5 0.6070234113712375 0.2591973244147157 0.08528428093645485 0.07190635451505016
6 0.5267558528428093 0.048494983277591976 0.225752508361204 0.09698996655518395
6 0.06856187290969899 0.29431438127090304 0.1354515050167224 0.24247491638795987
6 0.3311036789297659 0.0802675585284281 0.21906354515050167 0.1588628762541806
6 0.7759197324414716 0.6939799331103679 0.24247491638795987 0.23745819397993312
6 0.07190635451505016 0.8093645484949833 0.14214046822742474 0.2508361204013378
6 0.2525083612040134 0.8528428093645485 0.2508361204013378 0.24581939799331104
6 0.8913043478260869 0.4782608695652174 0.2140468227424749 0.2408026755852843
6 0.6688963210702341 0.8979933110367893 0.25418060200668896 0.2040133779264214
6 0.362876254180602 0.2826086956521739 0.2809364548494983 0.23411371237458195
6 0.7642140468227425 0.2959866220735786 0.23411371237458195 0.22408026755852842
6 0.21070234113712374 0.6254180602006689 0.20066889632107024 0.20903010033444816
6 0.9046822742474916 0.13712374581939799 0.18561872909698995 0.25585284280936454
6 0.5033444816053512 0.7725752508361204 0.2508361204013378 0.21906354515050167