6 0.9765886287625418 0.0903010033444816 0.046822742474916385 0.1806020066889632
6 0.9749163879598662 0.8110367892976589 0.05016722408026756 0.23411371237458195
6 0.08361204013377926 0.028428093645484948 0.16722408026755853 0.056856187290969896
2 0.5016722408026756 0.5016722408026756 0.3862876254180602 0.3963210702341137
6 0.46488294314381273 0.02508361204013378 0.2608695652173913 0.05016722408026756
6 0.6187290969899666 0.9698996655518395 0.23411371237458195 0.06020066889632107
6 0.7424749163879598 0.3729096989966555 0.23578595317725753 0.2959866220735786
6 0.9297658862876255 0.41638795986622074 0.13879598662207357 0.23076923076923078
6 0.8411371237458194 0.9515050167224081 0.22742474916387959 0.09698996655518395
6 0.7190635451505016 0.06521739130434782 0.23411371237458195 0.13043478260869565
6 0.41471571906354515 0.9297658862876255 0.22742474916387959 0.14046822742474915
6 0.19063545150501673 0.9364548494983278 0.2408026755852843 0.12709030100334448
6 0.8879598662207357 0.23411371237458195 0.2140468227424749 0.22073578595317725
6 0.27424749163879597 0.3311036789297659 0.2525083612040134 0.2525083612040134
6 0.8311036789297659 0.7558528428093646 0.2391304347826087 0.2408026755852843
6 0.5886287625418061 0.7842809364548495 0.24581939799331104 0.2408026755852843
6 0.5267558528428093 0.18729096989966554 0.2692307692307692 0.24247491638795987
6 0.10367892976588629 0.7859531772575251 0.205685618729097 0.21906354515050167
6 0.1588628762541806 0.5668896321070234 0.2408026755852843 0.23411371237458195