6 0.09698996655518395 0.979933110367893 0.1939799331103679 0.03678929765886288
2 0.5016722408026756 0.5033444816053512 0.3695652173913043 0.35785953177257523
6 0.5083612040133779 0.9481605351170569 0.22742474916387959 0.10367892976588629
6 0.04013377926421405 0.8695652173913043 0.0802675585284281 0.22742474916387959
6 0.28762541806020064 0.9565217391304348 0.20903010033444816 0.08528428093645485
6 0.931438127090301 0.06688963210702341 0.13043478260869565 0.13210702341137123
6 0.9046822742474916 0.24749163879598662 0.18394648829431437 0.22073578595317725
6 0.9297658862876255 0.7207357859531772 0.13377926421404682 0.21906354515050167
6 0.7290969899665551 0.9130434782608695 0.20903010033444816 0.17391304347826086
6 0.24247491638795987 0.4983277591973244 0.2140468227424749 0.2525083612040134
6 0.42474916387959866 0.09197324414715718 0.22240802675585283 0.18394648829431437
6 0.8561872909698997 0.4531772575250836 0.22240802675585283 0.1956521739130435
6 0.9180602006688964 0.9163879598662207 0.1588628762541806 0.16555183946488294
6 0.1939799331103679 0.0903010033444816 0.22742474916387959 0.17892976588628762
6 0.6872909698996655 0.0802675585284281 0.23578595317725753 0.1588628762541806
6 0.5535117056856187 0.22909698996655517 0.18896321070234115 0.205685618729097
6 0.2792642140468227 0.27759197324414714 0.2525083612040134 0.1939799331103679
6 0.07525083612040134 0.41304347826086957 0.1505016722408027 0.225752508361204
6 0.6906354515050167 0.7023411371237458 0.24247491638795987 0.22073578595317725
6 0.20903010033444816 0.8110367892976589 0.225752508361204 0.205685618729097