6 0.02508361204013378 0.14214046822742474 0.05016722408026756 0.22909698996655517
6 0.9749163879598662 0.9080267558528428 0.05016722408026756 0.18227424749163879
6 0.030100334448160536 0.6053511705685619 0.06020066889632107 0.22909698996655517
6 0.9732441471571907 0.3277591973244147 0.05351170568561873 0.22073578595317725
6 0.1505016722408027 0.9749163879598662 0.2508361204013378 0.05016722408026756
5 0.7408026755852842 0.9515050167224081 0.08361204013377926 0.08862876254180602
5 0.745819397993311 0.14046822742474915 0.08193979933110368 0.08361204013377926
2 0.5033444816053512 0.49331103678929766 0.34448160535117056 0.342809364548495
6 0.7491638795986622 0.4013377926421405 0.22742474916387959 0.22909698996655517
6 0.6839464882943144 0.043478260869565216 0.21739130434782608 0.08528428093645485
6 0.07525083612040134 0.8461538461538461 0.1505016722408027 0.23745819397993312
6 0.05852842809364549 0.3762541806020067 0.11705685618729098 0.22909698996655517
6 0.8963210702341137 0.0451505016722408 0.20234113712374582 0.0903010033444816
6 0.3729096989966555 0.07692307692307693 0.23076923076923078 0.15384615384615385
6 0.3745819397993311 0.9230769230769231 0.25418060200668896 0.15384615384615385
6 0.14046822742474915 0.09698996655518395 0.2408026755852843 0.1939799331103679
6 0.1588628762541806 0.705685618729097 0.23411371237458195 0.2157190635451505
6 0.2391304347826087 0.540133779264214 0.22240802675585283 0.225752508361204
6 0.8729096989966555 0.20066889632107024 0.22073578595317725 0.2040133779264214
6 0.411371237458194 0.7240802675585284 0.21070234113712374 0.20903010033444816
6 0.8862876254180602 0.7709030100334449 0.2157190635451505 0.21906354515050167
6 0.6588628762541806 0.7374581939799331 0.23076923076923078 0.21906354515050167