6 0.12709030100334448 0.011705685618729096 0.22742474916387959 0.023411371237458192
6 0.9615384615384616 0.7876254180602007 0.07190635451505016 0.23745819397993312
6 0.6337792642140468 0.05518394648829431 0.23411371237458195 0.11036789297658862
2 0.5016722408026756 0.5033444816053512 0.33612040133779264 0.3311036789297659
6 0.9498327759197325 0.44816053511705684 0.09531772575250837 0.23411371237458195
6 0.07023411371237458 0.13043478260869565 0.13879598662207357 0.2591973244147157
6 0.06856187290969899 0.9347826086956522 0.1354515050167224 0.13043478260869565
6 0.18394648829431437 0.13043478260869565 0.2508361204013378 0.22408026755852842
6 0.061872909698996656 0.7658862876254181 0.12374581939799331 0.23411371237458195
6 0.8979933110367893 0.903010033444816 0.19732441471571907 0.1939799331103679
6 0.8595317725752508 0.07190635451505016 0.23076923076923078 0.14381270903010032
6 0.5050167224080268 0.12374581939799331 0.24749163879598662 0.24749163879598662
6 0.4765886287625418 0.8561872909698997 0.2525083612040134 0.2508361204013378
6 0.8327759197324415 0.6086956521739131 0.24749163879598662 0.225752508361204
6 0.2157190635451505 0.45652173913043476 0.26421404682274247 0.2508361204013378
6 0.8093645484949833 0.3695652173913043 0.24749163879598662 0.25585284280936454
6 0.362876254180602 0.27591973244147155 0.24247491638795987 0.22909698996655517
6 0.23244147157190637 0.8193979933110368 0.2709030100334448 0.22909698996655517