6 0.09698996655518395 0.01839464882943144 0.1939799331103679 0.03511705685618729
6 0.4882943143812709 0.9665551839464883 0.225752508361204 0.06688963210702341
6 0.9548494983277592 0.6120401337792643 0.08361204013377926 0.24749163879598662
6 0.9147157190635451 0.9515050167224081 0.16722408026755853 0.09698996655518395
6 0.9163879598662207 0.09866220735785954 0.1605351170568562 0.19732441471571907
6 0.16387959866220736 0.9163879598662207 0.2508361204013378 0.16555183946488294
6 0.07190635451505016 0.28595317725752506 0.14214046822742474 0.23578595317725753
6 0.6638795986622074 0.903010033444816 0.22742474916387959 0.1939799331103679
6 0.5033444816053512 0.7842809364548495 0.22240802675585283 0.2408026755852843
6 0.794314381270903 0.29431438127090304 0.24581939799331104 0.22408026755852842
6 0.8210702341137124 0.520066889632107 0.22240802675585283 0.205685618729097
6 0.8060200668896321 0.7374581939799331 0.25585284280936454 0.225752508361204
6 0.5117056856187291 0.10367892976588629 0.24581939799331104 0.205685618729097
6 0.15384615384615385 0.5066889632107023 0.225752508361204 0.2140468227424749
6 0.30434782608695654 0.705685618729097 0.23578595317725753 0.21237458193979933
6 0.09866220735785954 0.7157190635451505 0.19732441471571907 0.24247491638795987
2 0.4882943143812709 0.49498327759197325 0.4531772575250836 0.2976588628762542