6 0.6839464882943144 0.9849498327759197 0.21739130434782608 0.030100334448160536
6 0.9866220735785953 0.8377926421404682 0.026755852842809364 0.2040133779264214
6 0.5117056856187291 0.02508361204013378 0.22240802675585283 0.05016722408026756
2 0.5100334448160535 0.5033444816053512 0.342809364548495 0.35451505016722407
6 0.8795986622073578 0.9648829431438127 0.19230769230769232 0.06856187290969899
6 0.7909698996655519 0.05351170568561873 0.23411371237458195 0.10702341137123746
6 0.939799331103679 0.18227424749163879 0.11371237458193979 0.22073578595317725
6 0.0903010033444816 0.0903010033444816 0.1806020066889632 0.17892976588628762
6 0.9280936454849499 0.40468227424749165 0.1354515050167224 0.22073578595317725
6 0.6387959866220736 0.8394648829431438 0.21070234113712374 0.2157190635451505
6 0.27759197324414714 0.6505016722408027 0.2391304347826087 0.225752508361204
6 0.47324414715719065 0.9347826086956522 0.2591973244147157 0.13043478260869565
6 0.8444816053511706 0.7926421404682275 0.21070234113712374 0.21906354515050167
6 0.6287625418060201 0.15719063545150502 0.2140468227424749 0.2157190635451505
6 0.4280936454849498 0.22408026755852842 0.23076923076923078 0.24581939799331104
6 0.5117056856187291 0.7675585284280937 0.28929765886287623 0.21237458193979933
6 0.26588628762541805 0.3896321070234114 0.22073578595317725 0.23411371237458195
6 0.07859531772575251 0.4214046822742475 0.15719063545150502 0.225752508361204
6 0.7976588628762542 0.28595317725752506 0.21739130434782608 0.22408026755852842
6 0.10702341137123746 0.8160535117056856 0.2140468227424749 0.24749163879598662