6 0.9615384615384616 0.5551839464882943 0.07190635451505016 0.26755852842809363
6 0.030100334448160536 0.4331103678929766 0.06020066889632107 0.22909698996655517
6 0.4765886287625418 0.013377926421404682 0.24414715719063546 0.026755852842809364
6 0.6739130434782609 0.048494983277591976 0.20234113712374582 0.09698996655518395
6 0.9715719063545151 0.8879598662207357 0.056856187290969896 0.22408026755852842
2 0.5 0.5033444816053512 0.3779264214046823 0.39297658862876256
6 0.06020066889632107 0.3093645484949833 0.11872909698996656 0.22073578595317725
6 0.7424749163879598 0.11036789297658862 0.23578595317725753 0.22073578595317725
6 0.9364548494983278 0.11371237458193979 0.12207357859531773 0.225752508361204
6 0.862876254180602 0.9364548494983278 0.24749163879598662 0.12709030100334448
6 0.30434782608695654 0.9381270903010034 0.25418060200668896 0.12374581939799331
6 0.09531772575250837 0.9147157190635451 0.19063545150501673 0.1705685618729097
6 0.7909698996655519 0.5351170568561873 0.2140468227424749 0.22909698996655517
6 0.27424749163879597 0.2842809364548495 0.22742474916387959 0.23076923076923078
6 0.06354515050167224 0.6354515050167224 0.12709030100334448 0.2408026755852843
6 0.5217391304347826 0.19230769230769232 0.25585284280936454 0.23745819397993312
6 0.13210702341137123 0.1020066889632107 0.23411371237458195 0.20234113712374582
6 0.6956521739130435 0.7290969899665551 0.24247491638795987 0.20903010033444816
6 0.22909698996655517 0.6103678929765887 0.23076923076923078 0.2408026755852843