6 0.9866220735785953 0.31438127090301005 0.026755852842809364 0.20066889632107024
6 0.12040133779264214 0.40468227424749165 0.22073578595317725 0.16220735785953178
6 0.09197324414715718 0.010033444816053512 0.18227424749163879 0.01839464882943144
6 0.5 0.9163879598662207 0.25585284280936454 0.16555183946488294
6 0.021739130434782608 0.1020066889632107 0.043478260869565216 0.20234113712374582
6 0.056856187290969896 0.7993311036789298 0.11371237458193979 0.21906354515050167
6 0.09531772575250837 0.3076923076923077 0.18896321070234115 0.22408026755852842
2 0.4983277591973244 0.49665551839464883 0.3963210702341137 0.3779264214046823
6 0.9448160535117057 0.7809364548494984 0.10869565217391304 0.22909698996655517
6 0.18896321070234115 0.048494983277591976 0.2725752508361204 0.09698996655518395
6 0.81438127090301 0.5769230769230769 0.2157190635451505 0.21237458193979933
6 0.5551839464882943 0.8795986622073578 0.205685618729097 0.20903010033444816
6 0.05852842809364549 0.9214046822742475 0.11538461538461539 0.15719063545150502
6 0.9280936454849499 0.15551839464882944 0.1354515050167224 0.2408026755852843
6 0.07692307692307693 0.6588628762541806 0.15384615384615385 0.2040133779264214
6 0.8311036789297659 0.9364548494983278 0.25752508361204013 0.12709030100334448
6 0.7876254180602007 0.0802675585284281 0.21739130434782608 0.1588628762541806
6 0.3294314381270903 0.7006688963210702 0.24247491638795987 0.21906354515050167
6 0.26588628762541805 0.8963210702341137 0.24581939799331104 0.205685618729097
6 0.43645484949832775 0.18729096989966554 0.21070234113712374 0.20903010033444816
6 0.8327759197324415 0.2591973244147157 0.1806020066889632 0.2157190635451505
6 0.2508361204013378 0.21237458193979933 0.19063545150501673 0.23745819397993312
6 0.7140468227424749 0.7625418060200669 0.23411371237458195 0.21906354515050167
6 0.6588628762541806 0.26421404682274247 0.22742474916387959 0.2157190635451505
6 0.8695652173913043 0.5016722408026756 0.205685618729097 0.205685618729097
6 0.9113712374581939 0.4531772575250836 0.17725752508361203 0.21070234113712374