6 0.34615384615384615 0.8444816053511706 0.2408026755852843 0.20066889632107024
6 0.020066889632107024 0.9414715719063546 0.04013377926421405 0.11705685618729098
6 0.9782608695652174 0.3795986622073579 0.043478260869565216 0.21237458193979933
6 0.09531772575250837 0.8110367892976589 0.19063545150501673 0.225752508361204
6 0.9765886287625418 0.6906354515050167 0.046822742474916385 0.24414715719063546
6 0.11705685618729098 0.4397993311036789 0.23411371237458195 0.22073578595317725
6 0.49331103678929766 0.02508361204013378 0.23745819397993312 0.05016722408026756
6 0.09364548494983277 0.35451505016722407 0.18561872909698995 0.2508361204013378
6 0.8929765886287625 0.43812709030100333 0.2040133779264214 0.1806020066889632
2 0.5016722408026756 0.4866220735785953 0.27424749163879597 0.2909698996655518
6 0.8913043478260869 0.5384615384615384 0.20735785953177258 0.19230769230769232
6 0.14214046822742474 0.8929765886287625 0.21906354515050167 0.21237458193979933
6 0.3963210702341137 0.9130434782608695 0.23411371237458195 0.17391304347826086
6 0.5986622073578596 0.11872909698996656 0.24749163879598662 0.23745819397993312
6 0.2976588628762542 0.5535117056856187 0.225752508361204 0.2508361204013378
6 0.931438127090301 0.15551839464882944 0.13712374581939799 0.22240802675585283
6 0.7625418060200669 0.14046822742474915 0.225752508361204 0.25418060200668896
6 0.8779264214046822 0.8461538461538461 0.2408026755852843 0.24749163879598662
6 0.19732441471571907 0.20735785953177258 0.25752508361204013 0.25752508361204013
6 0.40468227424749165 0.21070234113712374 0.23578595317725753 0.25752508361204013
6 0.4698996655518395 0.7040133779264214 0.2140468227424749 0.1956521739130435
6 0.6906354515050167 0.596989966555184 0.25418060200668896 0.24247491638795987
6 0.6605351170568562 0.8244147157190636 0.23244147157190637 0.2391304347826087
5 0.745819397993311 0.09197324414715718 0.09531772575250837 0.08862876254180602