6 0.06521739130434782 0.24749163879598662 0.13043478260869565 0.3779264214046823
6 0.10535117056856187 0.9698996655518395 0.21070234113712374 0.06020066889632107
6 0.43478260869565216 0.8127090301003345 0.29264214046822745 0.23076923076923078
6 0.7140468227424749 0.038461538461538464 0.24247491638795987 0.07692307692307693
2 0.5016722408026756 0.5100334448160535 0.34615384615384615 0.36454849498327757
6 0.81438127090301 0.931438127090301 0.2725752508361204 0.1354515050167224
6 0.3963210702341137 0.8896321070234113 0.26755852842809363 0.22073578595317725
6 0.5217391304347826 0.08361204013377926 0.2608695652173913 0.16722408026755853
6 0.8762541806020067 0.6822742474916388 0.23578595317725753 0.2525083612040134
6 0.2391304347826087 0.4297658862876254 0.2842809364548495 0.26588628762541805
6 0.40301003344481606 0.22909698996655517 0.22742474916387959 0.2525083612040134