6 0.8779264214046822 0.06688963210702341 0.2408026755852843 0.13377926421404682
6 0.021739130434782608 0.5953177257525084 0.04180602006688963 0.24247491638795987
6 0.2976588628762542 0.617056856187291 0.205685618729097 0.2525083612040134
5 0.4782608695652174 0.31605351170568563 0.05016722408026756 0.061872909698996656
6 0.043478260869565216 0.1605351170568562 0.08528428093645485 0.24581939799331104
6 0.08361204013377926 0.028428093645484948 0.16722408026755853 0.056856187290969896
6 0.6337792642140468 0.9632107023411371 0.2508361204013378 0.07357859531772576
6 0.8929765886287625 0.9464882943143813 0.2140468227424749 0.10702341137123746
6 0.7508361204013378 0.07692307692307693 0.23076923076923078 0.15384615384615385
6 0.931438127090301 0.6622073578595318 0.13043478260869565 0.2391304347826087
6 0.08695652173913043 0.931438127090301 0.17391304347826086 0.13043478260869565
6 0.16722408026755853 0.5785953177257525 0.21739130434782608 0.20903010033444816
6 0.20234113712374582 0.1020066889632107 0.26755852842809363 0.20234113712374582
6 0.44481605351170567 0.0903010033444816 0.24749163879598662 0.1806020066889632
6 0.2809364548494983 0.9080267558528428 0.2391304347826087 0.18227424749163879
6 0.6321070234113713 0.22408026755852842 0.28595317725752506 0.22408026755852842
6 0.12709030100334448 0.7759197324414716 0.2525083612040134 0.22909698996655517
6 0.7207357859531772 0.8394648829431438 0.23578595317725753 0.225752508361204
6 0.19732441471571907 0.3612040133779264 0.2508361204013378 0.2525083612040134
6 0.8695652173913043 0.3795986622073579 0.2391304347826087 0.22909698996655517
6 0.7491638795986622 0.6137123745819398 0.25585284280936454 0.2525083612040134
6 0.5100334448160535 0.7692307692307693 0.23076923076923078 0.23745819397993312
2 0.5 0.5 0.34448160535117056 0.3193979933110368