6 0.9816053511705686 0.8294314381270903 0.03678929765886288 0.20735785953177258
6 0.9264214046822743 0.9581939799331104 0.14214046822742474 0.08361204013377926
2 0.5 0.520066889632107 0.34448160535117056 0.3511705685618729
6 0.4698996655518395 0.9280936454849499 0.22742474916387959 0.14381270903010032
6 0.7324414715719063 0.9347826086956522 0.2525083612040134 0.13043478260869565
6 0.3010033444816054 0.3394648829431438 0.2591973244147157 0.18729096989966554
6 0.8361204013377926 0.1956521739130435 0.21070234113712374 0.22073578595317725
6 0.5351170568561873 0.774247491638796 0.25752508361204013 0.1939799331103679
6 0.44816053511705684 0.16722408026755853 0.20903010033444816 0.2040133779264214
6 0.09197324414715718 0.4531772575250836 0.18227424749163879 0.22073578595317725
6 0.17892976588628762 0.13043478260869565 0.23411371237458195 0.23076923076923078
6 0.20234113712374582 0.6655518394648829 0.21070234113712374 0.21906354515050167
6 0.7658862876254181 0.5668896321070234 0.225752508361204 0.22408026755852842