6 0.08193979933110368 0.27424749163879597 0.16387959866220736 0.2625418060200669
6 0.016722408026755852 0.4280936454849498 0.033444816053511704 0.18896321070234115
6 0.23244147157190637 0.5451505016722408 0.225752508361204 0.20903010033444816
6 0.9698996655518395 0.2608695652173913 0.06020066889632107 0.205685618729097
6 0.046822742474916385 0.939799331103679 0.09197324414715718 0.11872909698996656
6 0.7157190635451505 0.03678929765886288 0.2140468227424749 0.07357859531772576
2 0.5033444816053512 0.49665551839464883 0.29264214046822745 0.2993311036789298
6 0.31605351170568563 0.6254180602006689 0.21070234113712374 0.225752508361204
6 0.8729096989966555 0.015050167224080268 0.225752508361204 0.030100334448160536
6 0.7709030100334449 0.9816053511705686 0.20735785953177258 0.03511705685618729
6 0.07357859531772576 0.6153846153846154 0.14715719063545152 0.22909698996655517
6 0.07357859531772576 0.05518394648829431 0.14715719063545152 0.11036789297658862
6 0.9163879598662207 0.8762541806020067 0.1605351170568562 0.225752508361204
6 0.07190635451505016 0.8277591973244147 0.14214046822742474 0.1956521739130435
6 0.3795986622073579 0.03177257525083612 0.23578595317725753 0.061872909698996656
6 0.6103678929765887 0.9464882943143813 0.18896321070234115 0.10702341137123746
5 0.24247491638795987 0.13712374581939799 0.10869565217391304 0.1020066889632107
6 0.2993311036789298 0.2976588628762542 0.2391304347826087 0.2157190635451505
6 0.3745819397993311 0.9581939799331104 0.2391304347826087 0.08361204013377926
6 0.617056856187291 0.07859531772575251 0.21906354515050167 0.15551839464882944
6 0.8812709030100334 0.14046822742474915 0.23411371237458195 0.23076923076923078
6 0.8946488294314381 0.42474916387959866 0.20066889632107024 0.18729096989966554
6 0.8210702341137124 0.8311036789297659 0.24581939799331104 0.22408026755852842
6 0.617056856187291 0.7759197324414716 0.205685618729097 0.2508361204013378
6 0.25418060200668896 0.8327759197324415 0.2140468227424749 0.20066889632107024
6 0.8127090301003345 0.560200668896321 0.22073578595317725 0.225752508361204
6 0.5167224080267558 0.21739130434782608 0.20066889632107024 0.20903010033444816
6 0.451505016722408 0.822742474916388 0.20735785953177258 0.22909698996655517
6 0.7157190635451505 0.3411371237458194 0.23076923076923078 0.2491638795986622