6 0.011705685618729096 0.2692307692307692 0.021739130434782608 0.22408026755852842
6 0.9765886287625418 0.0451505016722408 0.0451505016722408 0.0903010033444816
6 0.016722408026755852 0.8896321070234113 0.033444816053511704 0.22073578595317725
6 0.9548494983277592 0.2625418060200669 0.08361204013377926 0.2157190635451505
2 0.5033444816053512 0.5016722408026756 0.40301003344481606 0.342809364548495
5 0.0451505016722408 0.048494983277591976 0.08862876254180602 0.0903010033444816
6 0.9113712374581939 0.903010033444816 0.17224080267558528 0.1939799331103679
5 0.9632107023411371 0.13712374581939799 0.06354515050167224 0.06354515050167224
6 0.45652173913043476 0.959866220735786 0.23076923076923078 0.0802675585284281
6 0.9113712374581939 0.6137123745819398 0.17224080267558528 0.2157190635451505
6 0.7792642140468228 0.06688963210702341 0.2525083612040134 0.13210702341137123
6 0.8177257525083612 0.8979933110367893 0.2040133779264214 0.2040133779264214
6 0.3394648829431438 0.08862876254180602 0.21070234113712374 0.17725752508361203
6 0.12040133779264214 0.17391304347826086 0.23578595317725753 0.20903010033444816
6 0.7658862876254181 0.34448160535117056 0.23578595317725753 0.2157190635451505
6 0.6956521739130435 0.7040133779264214 0.23076923076923078 0.22408026755852842
6 0.32608695652173914 0.2959866220735786 0.22073578595317725 0.19063545150501673
6 0.6287625418060201 0.16220735785953178 0.23578595317725753 0.2040133779264214
6 0.12709030100334448 0.36622073578595316 0.22073578595317725 0.19899665551839466
6 0.28762541806020064 0.8795986622073578 0.24247491638795987 0.23076923076923078
6 0.09866220735785954 0.7307692307692307 0.19732441471571907 0.21906354515050167
6 0.20066889632107024 0.560200668896321 0.2391304347826087 0.225752508361204