6 0.3377926421404682 0.31605351170568563 0.24414715719063546 0.20903010033444816
6 0.822742474916388 0.25752508361204013 0.2408026755852843 0.22742474916387959
6 0.6036789297658863 0.016722408026755852 0.2508361204013378 0.033444816053511704
6 0.02508361204013378 0.24414715719063546 0.05016722408026756 0.20735785953177258
6 0.06020066889632107 0.07859531772575251 0.12040133779264214 0.15719063545150502
2 0.5016722408026756 0.5150501672240803 0.31270903010033446 0.34615384615384615
6 0.0451505016722408 0.5434782608695652 0.0903010033444816 0.23076923076923078
6 0.9414715719063546 0.4816053511705686 0.11204013377926421 0.22073578595317725
6 0.3394648829431438 0.23578595317725753 0.225752508361204 0.23244147157190637
6 0.9531772575250836 0.6906354515050167 0.08695652173913043 0.22073578595317725
6 0.8177257525083612 0.07190635451505016 0.24749163879598662 0.14381270903010032
6 0.7491638795986622 0.6521739130434783 0.24414715719063546 0.23076923076923078
6 0.6153846153846154 0.9414715719063546 0.25752508361204013 0.11705685618729098
6 0.18394648829431437 0.9280936454849499 0.225752508361204 0.14381270903010032
6 0.9347826086956522 0.8929765886287625 0.12374581939799331 0.21237458193979933
6 0.7274247491638796 0.3110367892976589 0.24414715719063546 0.21237458193979933
6 0.32274247491638797 0.7892976588628763 0.27424749163879597 0.25752508361204013
6 0.11705685618729098 0.38461538461538464 0.23244147157190637 0.22742474916387959
6 0.5301003344481605 0.14046822742474915 0.25752508361204013 0.26588628762541805
6 0.5836120401337793 0.782608695652174 0.26588628762541805 0.23244147157190637
6 0.19230769230769232 0.5635451505016722 0.23244147157190637 0.22240802675585283