6 0.9581939799331104 0.043478260869565216 0.0802675585284281 0.08695652173913043
6 0.3210702341137124 0.31605351170568563 0.23578595317725753 0.2625418060200669
6 0.7240802675585284 0.9046822742474916 0.23076923076923078 0.18729096989966554
5 0.43645484949832775 0.043478260869565216 0.12876254180602006 0.08695652173913043
6 0.2692307692307692 0.023411371237458192 0.24581939799331104 0.046822742474916385
6 0.6939799331103679 0.023411371237458192 0.2157190635451505 0.046822742474916385
6 0.33612040133779264 0.9264214046822743 0.27759197324414714 0.14715719063545152
2 0.5050167224080268 0.5083612040133779 0.30434782608695654 0.30434782608695654
6 0.6438127090301003 0.9247491638795987 0.22408026755852842 0.1505016722408027
6 0.13377926421404682 0.09364548494983277 0.23076923076923078 0.18729096989966554
5 0.8210702341137124 0.35785953177257523 0.06688963210702341 0.07859531772575251
5 0.16555183946488294 0.49498327759197325 0.07525083612040134 0.06856187290969899
6 0.6705685618729097 0.2993311036789298 0.23578595317725753 0.20234113712374582
6 0.9347826086956522 0.6906354515050167 0.1254180602006689 0.225752508361204
6 0.6555183946488294 0.15384615384615385 0.2157190635451505 0.205685618729097
6 0.5150501672240803 0.794314381270903 0.225752508361204 0.24247491638795987
6 0.9013377926421404 0.47491638795986624 0.19230769230769232 0.2391304347826087
6 0.9515050167224081 0.11872909698996656 0.09698996655518395 0.18227424749163879