6 0.9732441471571907 0.16722408026755853 0.05351170568561873 0.23076923076923078
6 0.03177257525083612 0.8963210702341137 0.06354515050167224 0.205685618729097
2 0.49498327759197325 0.4983277591973244 0.34448160535117056 0.35785953177257523
6 0.8361204013377926 0.026755852842809364 0.24749163879598662 0.05351170568561873
6 0.903010033444816 0.9548494983277592 0.18896321070234115 0.0903010033444816
6 0.9515050167224081 0.7876254180602007 0.09698996655518395 0.225752508361204
6 0.06020066889632107 0.11872909698996656 0.12040133779264214 0.23745819397993312
6 0.056856187290969896 0.6404682274247492 0.11371237458193979 0.2408026755852843
6 0.16722408026755853 0.9381270903010034 0.25418060200668896 0.12374581939799331
6 0.4230769230769231 0.06521739130434782 0.2709030100334448 0.13043478260869565
6 0.7240802675585284 0.3729096989966555 0.2591973244147157 0.24581939799331104
6 0.08528428093645485 0.34782608695652173 0.1705685618729097 0.24749163879598662
6 0.44481605351170567 0.7474916387959866 0.25585284280936454 0.20903010033444816
6 0.40468227424749165 0.9180602006688964 0.2508361204013378 0.16220735785953178
6 0.6488294314381271 0.8913043478260869 0.2408026755852843 0.21739130434782608
6 0.28762541806020064 0.27591973244147155 0.23578595317725753 0.22909698996655517
6 0.5267558528428093 0.205685618729097 0.26421404682274247 0.21237458193979933
6 0.8160535117056856 0.17892976588628762 0.2391304347826087 0.22073578595317725
6 0.7642140468227425 0.6923076923076923 0.23411371237458195 0.21906354515050167
6 0.21237458193979933 0.5100334448160535 0.2525083612040134 0.2491638795986622
6 0.9163879598662207 0.5267558528428093 0.16387959866220736 0.2408026755852843
6 0.20234113712374582 0.7608695652173914 0.24247491638795987 0.23076923076923078