6 0.026755852842809364 0.20903010033444816 0.05351170568561873 0.20903010033444816
6 0.3411371237458194 0.3193979933110368 0.2826086956521739 0.27591973244147155
6 0.17391304347826086 0.02508361204013378 0.2408026755852843 0.05016722408026756
6 0.043478260869565216 0.3879598662207358 0.08528428093645485 0.225752508361204
6 0.5351170568561873 0.2826086956521739 0.19230769230769232 0.18394648829431437
6 0.8545150501672241 0.18561872909698995 0.225752508361204 0.22408026755852842
6 0.06856187290969899 0.8160535117056856 0.1354515050167224 0.225752508361204
2 0.5016722408026756 0.5033444816053512 0.3093645484949833 0.3210702341137124
6 0.6204013377926422 0.03511705685618729 0.23076923076923078 0.06856187290969899
6 0.7658862876254181 0.205685618729097 0.2709030100334448 0.18729096989966554
6 0.35451505016722407 0.13043478260869565 0.24247491638795987 0.21237458193979933
6 0.9331103678929766 0.8979933110367893 0.13377926421404682 0.2040133779264214
6 0.717391304347826 0.40635451505016723 0.23578595317725753 0.21906354515050167
6 0.13712374581939799 0.931438127090301 0.22909698996655517 0.1354515050167224
6 0.5652173913043478 0.9180602006688964 0.2140468227424749 0.16220735785953178
6 0.3093645484949833 0.7240802675585284 0.25585284280936454 0.23076923076923078
6 0.9046822742474916 0.6421404682274248 0.18561872909698995 0.2508361204013378
6 0.4531772575250836 0.8210702341137124 0.2140468227424749 0.2040133779264214
6 0.06020066889632107 0.11371237458193979 0.12040133779264214 0.1939799331103679
6 0.4765886287625418 0.10033444816053512 0.2525083612040134 0.20066889632107024