6 0.9381270903010034 0.46321070234113715 0.12040133779264214 0.17224080267558528
6 0.03177257525083612 0.03678929765886288 0.06354515050167224 0.07357859531772576
6 0.9347826086956522 0.05518394648829431 0.13043478260869565 0.11036789297658862
6 0.06020066889632107 0.9515050167224081 0.11872909698996656 0.09531772575250837
2 0.49665551839464883 0.49665551839464883 0.3110367892976589 0.28929765886287623
6 0.7123745819397993 0.7006688963210702 0.2591973244147157 0.24247491638795987
6 0.6304347826086957 0.043478260869565216 0.2391304347826087 0.08695652173913043
6 0.9214046822742475 0.5953177257525084 0.14715719063545152 0.18729096989966554
6 0.7775919732441472 0.47324414715719065 0.205685618729097 0.17892976588628762
6 0.7357859531772575 0.931438127090301 0.21739130434782608 0.1354515050167224
6 0.5836120401337793 0.1939799331103679 0.24247491638795987 0.205685618729097
6 0.07859531772575251 0.2692307692307692 0.15719063545150502 0.21237458193979933
6 0.2826086956521739 0.6906354515050167 0.22073578595317725 0.23076923076923078
6 0.7140468227424749 0.362876254180602 0.18896321070234115 0.1956521739130435
6 0.12374581939799331 0.08862876254180602 0.23076923076923078 0.17725752508361203
6 0.25752508361204013 0.46153846153846156 0.20903010033444816 0.17892976588628762
6 0.2391304347826087 0.29264214046822745 0.1939799331103679 0.18227424749163879
6 0.48327759197324416 0.7224080267558528 0.205685618729097 0.17725752508361203
6 0.560200668896321 0.8862876254180602 0.17224080267558528 0.18227424749163879
6 0.4096989966555184 0.17558528428093645 0.225752508361204 0.205685618729097