2 0.4899665551839465 0.5050167224080268 0.32441471571906355 0.4280936454849498
6 0.033444816053511704 0.5484949832775919 0.06688963210702341 0.26588628762541805
6 0.05351170568561873 0.08361204013377926 0.10702341137123746 0.16722408026755853
5 0.7324414715719063 0.8528428093645485 0.08528428093645485 0.0802675585284281
6 0.3795986622073579 0.05016722408026756 0.23076923076923078 0.10033444816053512
6 0.2525083612040134 0.6036789297658863 0.26755852842809363 0.29264214046822745
6 0.6070234113712375 0.06521739130434782 0.24247491638795987 0.13043478260869565
6 0.9046822742474916 0.14381270903010032 0.18394648829431437 0.2508361204013378
6 0.16555183946488294 0.1454849498327759 0.24749163879598662 0.23076923076923078
6 0.6789297658862876 0.6454849498327759 0.23578595317725753 0.28929765886287623
6 0.10702341137123746 0.745819397993311 0.2140468227424749 0.2842809364548495
6 0.8411371237458194 0.4397993311036789 0.27759197324414714 0.23745819397993312
6 0.5351170568561873 0.8645484949832776 0.2608695652173913 0.2591973244147157
6 0.4397993311036789 0.19230769230769232 0.30267558528428096 0.2040133779264214