6 0.07692307692307693 0.959866220735786 0.15384615384615385 0.0802675585284281
2 0.4983277591973244 0.5016722408026756 0.38127090301003347 0.36454849498327757
6 0.4765886287625418 0.9732441471571907 0.22909698996655517 0.05351170568561873
6 0.9046822742474916 0.20066889632107024 0.18561872909698995 0.21237458193979933
6 0.2591973244147157 0.028428093645484948 0.23076923076923078 0.056856187290969896
5 0.03678929765886288 0.9096989966555183 0.07357859531772576 0.07357859531772576
6 0.2608695652173913 0.6187290969899666 0.22742474916387959 0.22408026755852842
6 0.07692307692307693 0.05852842809364549 0.15384615384615385 0.11538461538461539
6 0.5936454849498328 0.7474916387959866 0.2809364548494983 0.22909698996655517
6 0.2625418060200669 0.931438127090301 0.25418060200668896 0.1354515050167224
6 0.8411371237458194 0.06020066889632107 0.23578595317725753 0.11872909698996656
6 0.6755852842809364 0.24749163879598662 0.23411371237458195 0.22073578595317725
6 0.6471571906354515 0.8896321070234113 0.24581939799331104 0.22073578595317725
6 0.4698996655518395 0.15217391304347827 0.22240802675585283 0.23076923076923078
6 0.931438127090301 0.6053511705685619 0.13043478260869565 0.2508361204013378
6 0.8795986622073578 0.8862876254180602 0.225752508361204 0.22073578595317725
6 0.2525083612040134 0.7591973244147158 0.23244147157190637 0.21906354515050167
6 0.7608695652173914 0.39297658862876256 0.22240802675585283 0.22408026755852842
6 0.16387959866220736 0.42474916387959866 0.26755852842809363 0.23076923076923078
6 0.07859531772575251 0.6822742474916388 0.15551839464882944 0.25585284280936454
6 0.10367892976588629 0.21739130434782608 0.205685618729097 0.225752508361204