6 0.979933110367893 0.8160535117056856 0.038461538461538464 0.19230769230769232
6 0.021739130434782608 0.4214046822742475 0.043478260869565216 0.225752508361204
5 0.17391304347826086 0.9732441471571907 0.09698996655518395 0.05016722408026756
6 0.5150501672240803 0.9698996655518395 0.23578595317725753 0.06020066889632107
6 0.4882943143812709 0.9364548494983278 0.25585284280936454 0.12709030100334448
6 0.882943143812709 0.3712374581939799 0.22742474916387959 0.225752508361204
2 0.5016722408026756 0.49665551839464883 0.342809364548495 0.33444816053511706
6 0.6889632107023411 0.02508361204013378 0.24581939799331104 0.05016722408026756
6 0.11705685618729098 0.028428093645484948 0.22742474916387959 0.056856187290969896
6 0.9130434782608695 0.9665551839464883 0.16722408026755853 0.06688963210702341
6 0.06521739130434782 0.08361204013377926 0.13043478260869565 0.16722408026755853
6 0.2391304347826087 0.9247491638795987 0.25752508361204013 0.1505016722408027
6 0.931438127090301 0.5986622073578596 0.13043478260869565 0.2408026755852843
6 0.7391304347826086 0.9347826086956522 0.2391304347826087 0.13043478260869565
6 0.14381270903010032 0.697324414715719 0.23411371237458195 0.2157190635451505
6 0.8177257525083612 0.45652173913043476 0.22073578595317725 0.20903010033444816
6 0.06521739130434782 0.8779264214046822 0.13043478260869565 0.24414715719063546
6 0.8712374581939799 0.08361204013377926 0.24749163879598662 0.16555183946488294
6 0.32441471571906355 0.2976588628762542 0.2508361204013378 0.2040133779264214
6 0.6705685618729097 0.2491638795986622 0.25752508361204013 0.22909698996655517
6 0.19899665551839466 0.479933110367893 0.23578595317725753 0.23745819397993312
6 0.705685618729097 0.6605351170568562 0.21739130434782608 0.225752508361204
6 0.45484949832775917 0.11371237458193979 0.25585284280936454 0.22742474916387959
6 0.3494983277591973 0.7642140468227425 0.22742474916387959 0.23411371237458195
6 0.11204013377926421 0.2625418060200669 0.22408026755852842 0.23745819397993312