6 0.9866220735785953 0.5150501672240803 0.026755852842809364 0.24749163879598662
6 0.03511705685618729 0.9615384615384616 0.07023411371237458 0.07692307692307693
6 0.015050167224080268 0.725752508361204 0.030100334448160536 0.20735785953177258
6 0.6086956521739131 0.013377926421404682 0.2608695652173913 0.026755852842809364
6 0.04013377926421405 0.38127090301003347 0.0802675585284281 0.23411371237458195
6 0.6387959866220736 0.9782608695652174 0.2391304347826087 0.043478260869565216
6 0.8177257525083612 0.24749163879598662 0.2976588628762542 0.2709030100334448
6 0.8662207357859532 0.051839464882943144 0.24749163879598662 0.10367892976588629
2 0.49498327759197325 0.5167224080267558 0.40635451505016723 0.40468227424749165
6 0.6906354515050167 0.15551839464882944 0.23578595317725753 0.21739130434782608
6 0.46153846153846156 0.931438127090301 0.22742474916387959 0.13712374581939799
6 0.3076923076923077 0.06020066889632107 0.2408026755852843 0.12040133779264214
6 0.11872909698996656 0.5367892976588629 0.23076923076923078 0.225752508361204
6 0.8327759197324415 0.9080267558528428 0.23578595317725753 0.18227424749163879
6 0.10869565217391304 0.10367892976588629 0.21739130434782608 0.20735785953177258
6 0.40301003344481606 0.23076923076923078 0.205685618729097 0.23745819397993312
6 0.24247491638795987 0.362876254180602 0.24247491638795987 0.24581939799331104
6 0.7190635451505016 0.6822742474916388 0.22742474916387959 0.2408026755852843
6 0.9080267558528428 0.7391304347826086 0.17892976588628762 0.205685618729097
6 0.8528428093645485 0.47491638795986624 0.27759197324414714 0.23745819397993312