6 0.9816053511705686 0.8812709030100334 0.03511705685618729 0.22073578595317725
6 0.9832775919732442 0.5418060200668896 0.033444816053511704 0.2140468227424749
6 0.8695652173913043 0.020066889632107024 0.2608695652173913 0.04013377926421405
2 0.5016722408026756 0.5033444816053512 0.3528428093645485 0.33277591973244147
6 0.68561872909699 0.9498327759197325 0.24581939799331104 0.10033444816053512
6 0.4498327759197324 0.2391304347826087 0.21070234113712374 0.23076923076923078
6 0.3177257525083612 0.15384615384615385 0.26421404682274247 0.24247491638795987
6 0.12040133779264214 0.6488294314381271 0.2408026755852843 0.2408026755852843
6 0.5284280936454849 0.06688963210702341 0.27424749163879597 0.13377926421404682
6 0.09531772575250837 0.47324414715719065 0.18896321070234115 0.2508361204013378
6 0.07859531772575251 0.9080267558528428 0.15719063545150502 0.18227424749163879
6 0.4682274247491639 0.8010033444816054 0.2591973244147157 0.2591973244147157
6 0.8444816053511706 0.596989966555184 0.2608695652173913 0.2491638795986622
6 0.7040133779264214 0.8076923076923077 0.24749163879598662 0.23076923076923078
6 0.25585284280936454 0.7909698996655519 0.23411371237458195 0.23076923076923078
6 0.745819397993311 0.2157190635451505 0.2809364548494983 0.24581939799331104