6 0.7876254180602007 0.5183946488294314 0.20903010033444816 0.19899665551839466
6 0.01839464882943144 0.7658862876254181 0.03511705685618729 0.23745819397993312
6 0.06020066889632107 0.8979933110367893 0.12040133779264214 0.2040133779264214
6 0.9013377926421404 0.6939799331103679 0.19230769230769232 0.24247491638795987
6 0.4180602006688963 0.9866220735785953 0.2408026755852843 0.026755852842809364
6 0.02508361204013378 0.10535117056856187 0.05016722408026756 0.2040133779264214
2 0.49665551839464883 0.5117056856187291 0.30267558528428096 0.27759197324414714
6 0.14214046822742474 0.931438127090301 0.24581939799331104 0.13712374581939799
6 0.6086956521739131 0.3311036789297659 0.22073578595317725 0.20903010033444816
6 0.4180602006688963 0.7441471571906354 0.18561872909698995 0.19230769230769232
6 0.3411371237458194 0.7525083612040134 0.23076923076923078 0.2040133779264214
6 0.25752508361204013 0.9214046822742475 0.20066889632107024 0.15719063545150502
6 0.11204013377926421 0.6070234113712375 0.2140468227424749 0.21237458193979933
5 0.13879598662207357 0.2525083612040134 0.06020066889632107 0.06020066889632107
5 0.9280936454849499 0.08528428093645485 0.07190635451505016 0.06688963210702341
6 0.7023411371237458 0.5568561872909699 0.20066889632107024 0.22073578595317725
6 0.2591973244147157 0.26755852842809363 0.22240802675585283 0.28762541806020064
5 0.06856187290969899 0.29264214046822745 0.08193979933110368 0.07859531772575251
6 0.5117056856187291 0.7725752508361204 0.20066889632107024 0.21237458193979933
5 0.15384615384615385 0.4782608695652174 0.07859531772575251 0.0802675585284281
6 0.862876254180602 0.7591973244147158 0.2525083612040134 0.18394648829431437
6 0.9431438127090301 0.9080267558528428 0.10702341137123746 0.18227424749163879
6 0.5217391304347826 0.09364548494983277 0.18896321070234115 0.18729096989966554
6 0.7976588628762542 0.29431438127090304 0.20066889632107024 0.2491638795986622
6 0.9230769230769231 0.20903010033444816 0.15384615384615385 0.225752508361204
5 0.5033444816053512 0.391304347826087 0.06856187290969899 0.06521739130434782