6 0.9832775919732442 0.5585284280936454 0.033444816053511704 0.1939799331103679
6 0.7341137123745819 0.011705685618729096 0.24581939799331104 0.021739130434782608
6 0.9632107023411371 0.40635451505016723 0.07023411371237458 0.22408026755852842
2 0.5 0.5016722408026756 0.3612040133779264 0.38127090301003347
6 0.6939799331103679 0.9665551839464883 0.22240802675585283 0.06688963210702341
6 0.056856187290969896 0.6638795986622074 0.11371237458193979 0.2525083612040134
6 0.931438127090301 0.7424749163879598 0.13043478260869565 0.2408026755852843
6 0.3963210702341137 0.7759197324414716 0.22742474916387959 0.2157190635451505
6 0.9214046822742475 0.056856187290969896 0.1505016722408027 0.11204013377926421
6 0.19063545150501673 0.05852842809364549 0.2391304347826087 0.11538461538461539
6 0.5117056856187291 0.822742474916388 0.21906354515050167 0.23745819397993312
6 0.07190635451505016 0.17725752508361203 0.14381270903010032 0.22408026755852842
6 0.7775919732441472 0.8461538461538461 0.22240802675585283 0.2157190635451505
6 0.25585284280936454 0.9214046822742475 0.2391304347826087 0.15719063545150502
6 0.4080267558528428 0.18394648829431437 0.2391304347826087 0.24247491638795987
6 0.6304347826086957 0.10869565217391304 0.2591973244147157 0.21739130434782608
6 0.6923076923076923 0.30434782608695654 0.18561872909698995 0.17391304347826086
6 0.2625418060200669 0.2491638795986622 0.26421404682274247 0.23411371237458195
6 0.81438127090301 0.45819397993311034 0.2391304347826087 0.25585284280936454
6 0.10535117056856187 0.4080267558528428 0.21070234113712374 0.23076923076923078