6 0.8444816053511706 0.9866220735785953 0.21739130434782608 0.026755852842809364
6 0.5468227424749164 0.09364548494983277 0.225752508361204 0.18729096989966554
6 0.842809364548495 0.026755852842809364 0.2608695652173913 0.05351170568561873
6 0.9732441471571907 0.8244147157190636 0.05351170568561873 0.22909698996655517
6 0.7290969899665551 0.6003344481605352 0.20903010033444816 0.23745819397993312
2 0.49665551839464883 0.5033444816053512 0.2993311036789298 0.28762541806020064
6 0.8812709030100334 0.0903010033444816 0.21070234113712374 0.17391304347826086
6 0.0451505016722408 0.7441471571906354 0.08862876254180602 0.22073578595317725
6 0.8578595317725752 0.939799331103679 0.24581939799331104 0.11872909698996656
6 0.05351170568561873 0.13210702341137123 0.10702341137123746 0.19899665551839466
6 0.637123745819398 0.1020066889632107 0.225752508361204 0.20234113712374582
6 0.48327759197324416 0.2692307692307692 0.2959866220735786 0.205685618729097
6 0.07190635451505016 0.34448160535117056 0.14381270903010032 0.23076923076923078
6 0.1705685618729097 0.8578595317725752 0.23076923076923078 0.24247491638795987
6 0.4431438127090301 0.8528428093645485 0.21906354515050167 0.24581939799331104
6 0.22408026755852842 0.23745819397993312 0.23076923076923078 0.23076923076923078
6 0.6538461538461539 0.8377926421404682 0.2508361204013378 0.23076923076923078
6 0.2140468227424749 0.5066889632107023 0.2508361204013378 0.2525083612040134
6 0.8411371237458194 0.29431438127090304 0.23411371237458195 0.22909698996655517