6 0.9866220735785953 0.5066889632107023 0.026755852842809364 0.23076923076923078
6 0.3277591973244147 0.9832775919732442 0.2391304347826087 0.033444816053511704
2 0.5033444816053512 0.5 0.3528428093645485 0.35618729096989965
6 0.9581939799331104 0.8461538461538461 0.08361204013377926 0.27424749163879597
6 0.9431438127090301 0.05351170568561873 0.11371237458193979 0.10702341137123746
6 0.05852842809364549 0.5217391304347826 0.11705685618729098 0.2391304347826087
6 0.06688963210702341 0.31270903010033446 0.13210702341137123 0.225752508361204
6 0.21906354515050167 0.6036789297658863 0.2608695652173913 0.2591973244147157
6 0.5468227424749164 0.9297658862876255 0.2525083612040134 0.14046822742474915
6 0.903010033444816 0.24414715719063546 0.18896321070234115 0.26755852842809363
6 0.6806020066889632 0.8260869565217391 0.2391304347826087 0.2491638795986622
6 0.08361204013377926 0.7558528428093646 0.16722408026755853 0.2408026755852843
6 0.342809364548495 0.8010033444816054 0.24749163879598662 0.23745819397993312
6 0.26755852842809363 0.3745819397993311 0.23578595317725753 0.24247491638795987
6 0.4698996655518395 0.2391304347826087 0.25585284280936454 0.23076923076923078
6 0.8361204013377926 0.6622073578595318 0.2725752508361204 0.22909698996655517
6 0.7642140468227425 0.459866220735786 0.2391304347826087 0.26588628762541805
6 0.705685618729097 0.22240802675585283 0.2391304347826087 0.25585284280936454