6 0.06020066889632107 0.01839464882943144 0.12040133779264214 0.03678929765886288
6 0.9648829431438127 0.0802675585284281 0.06521739130434782 0.1588628762541806
2 0.49665551839464883 0.5033444816053512 0.34615384615384615 0.3712374581939799
6 0.2591973244147157 0.9765886287625418 0.24581939799331104 0.046822742474916385
6 0.9548494983277592 0.7809364548494984 0.08862876254180602 0.23411371237458195
6 0.8578595317725752 0.596989966555184 0.2725752508361204 0.23076923076923078
6 0.7709030100334449 0.9180602006688964 0.2709030100334448 0.16220735785953178
6 0.8561872909698997 0.205685618729097 0.2842809364548495 0.23411371237458195
6 0.1705685618729097 0.7775919732441472 0.20903010033444816 0.2508361204013378
6 0.07190635451505016 0.4096989966555184 0.14214046822742474 0.22073578595317725
6 0.5384615384615384 0.22408026755852842 0.27759197324414714 0.22909698996655517
6 0.7591973244147158 0.411371237458194 0.22073578595317725 0.23411371237458195