6 0.3595317725752508 0.15384615384615385 0.23076923076923078 0.20234113712374582
6 0.31605351170568563 0.7073578595317725 0.2508361204013378 0.18227424749163879
6 0.9765886287625418 0.919732441471572 0.04180602006688963 0.1605351170568562
6 0.1354515050167224 0.013377926421404682 0.21739130434782608 0.026755852842809364
6 0.11036789297658862 0.7140468227424749 0.20066889632107024 0.26755852842809363
6 0.3210702341137124 0.34782608695652173 0.2508361204013378 0.22408026755852842
6 0.3712374581939799 0.03177257525083612 0.29264214046822745 0.061872909698996656
6 0.1454849498327759 0.23745819397993312 0.23578595317725753 0.20903010033444816
2 0.5083612040133779 0.5016722408026756 0.3210702341137124 0.28762541806020064
6 0.26588628762541805 0.9515050167224081 0.24247491638795987 0.09698996655518395
6 0.45819397993311034 0.15217391304347827 0.22742474916387959 0.19899665551839466
6 0.06688963210702341 0.617056856187291 0.13210702341137123 0.2491638795986622
6 0.3277591973244147 0.7993311036789298 0.2608695652173913 0.1939799331103679
6 0.520066889632107 0.8846153846153846 0.2508361204013378 0.20903010033444816
6 0.09531772575250837 0.3394648829431438 0.19063545150501673 0.23745819397993312
6 0.8913043478260869 0.8043478260869565 0.2140468227424749 0.22073578595317725
6 0.48494983277591974 0.29431438127090304 0.21070234113712374 0.17391304347826086