6 0.6321070234113713 0.7842809364548495 0.28595317725752506 0.24581939799331104
6 0.9615384615384616 0.9264214046822743 0.07692307692307693 0.14715719063545152
6 0.9765886287625418 0.13210702341137123 0.0451505016722408 0.23411371237458195
6 0.6153846153846154 0.9715719063545151 0.23411371237458195 0.056856187290969896
6 0.04013377926421405 0.3093645484949833 0.0802675585284281 0.24414715719063546
2 0.49665551839464883 0.520066889632107 0.3595317725752508 0.3394648829431438
5 0.09698996655518395 0.8879598662207357 0.10033444816053512 0.09698996655518395
6 0.13879598662207357 0.05351170568561873 0.2508361204013378 0.10702341137123746
6 0.8478260869565217 0.07190635451505016 0.2508361204013378 0.14381270903010032
6 0.27591973244147155 0.8929765886287625 0.26421404682274247 0.21237458193979933
6 0.8896321070234113 0.4331103678929766 0.21739130434782608 0.2525083612040134
6 0.7608695652173914 0.6003344481605352 0.24581939799331104 0.23076923076923078
6 0.24749163879598662 0.617056856187291 0.24581939799331104 0.2809364548494983
6 0.20735785953177258 0.22742474916387959 0.2591973244147157 0.2408026755852843
6 0.8662207357859532 0.8294314381270903 0.25418060200668896 0.2809364548494983