6 0.13043478260869565 0.038461538461538464 0.21070234113712374 0.07692307692307693
6 0.49331103678929766 0.7474916387959866 0.23578595317725753 0.1939799331103679
6 0.05518394648829431 0.7157190635451505 0.11036789297658862 0.2709030100334448
6 0.020066889632107024 0.24414715719063546 0.038461538461538464 0.19063545150501673
6 0.07023411371237458 0.043478260869565216 0.13879598662207357 0.08528428093645485
6 0.9464882943143813 0.7859531772575251 0.10702341137123746 0.2491638795986622
6 0.7976588628762542 0.9816053511705686 0.20234113712374582 0.03511705685618729
6 0.3729096989966555 0.09866220735785954 0.2140468227424749 0.19230769230769232
2 0.5 0.49665551839464883 0.3712374581939799 0.3394648829431438
6 0.17391304347826086 0.5434782608695652 0.2591973244147157 0.2157190635451505
6 0.9381270903010034 0.30434782608695654 0.12374581939799331 0.25418060200668896
6 0.09364548494983277 0.4698996655518395 0.18561872909698995 0.20234113712374582
6 0.07023411371237458 0.919732441471572 0.14046822742474915 0.1605351170568562
6 0.6488294314381271 0.07859531772575251 0.1956521739130435 0.15551839464882944
6 0.4665551839464883 0.8277591973244147 0.22240802675585283 0.19063545150501673
6 0.8879598662207357 0.6287625418060201 0.19230769230769232 0.19230769230769232
6 0.4782608695652174 0.15551839464882944 0.2391304347826087 0.205685618729097
6 0.2491638795986622 0.9247491638795987 0.25752508361204013 0.1505016722408027
6 0.16722408026755853 0.1705685618729097 0.225752508361204 0.2040133779264214
6 0.705685618729097 0.6538461538461539 0.22240802675585283 0.21906354515050167
6 0.7658862876254181 0.2525083612040134 0.20903010033444816 0.2040133779264214
6 0.31438127090301005 0.2976588628762542 0.2391304347826087 0.2040133779264214
6 0.7909698996655519 0.8494983277591973 0.2591973244147157 0.22408026755852842
6 0.774247491638796 0.459866220735786 0.205685618729097 0.2157190635451505
6 0.25418060200668896 0.7424749163879598 0.24247491638795987 0.22909698996655517
6 0.9548494983277592 0.23076923076923078 0.08862876254180602 0.225752508361204