6 0.9749163879598662 0.1956521739130435 0.05016722408026756 0.24247491638795987
6 0.979933110367893 0.9163879598662207 0.038461538461538464 0.16555183946488294
5 0.6839464882943144 0.13712374581939799 0.08862876254180602 0.08361204013377926
5 0.6789297658862876 0.02508361204013378 0.08361204013377926 0.05016722408026756
6 0.046822742474916385 0.725752508361204 0.09364548494983277 0.205685618729097
6 0.7224080267558528 0.9698996655518395 0.29431438127090304 0.06020066889632107
2 0.5016722408026756 0.4916387959866221 0.391304347826087 0.3110367892976589
6 0.745819397993311 0.15551839464882944 0.24247491638795987 0.24581939799331104
6 0.11538461538461539 0.9531772575250836 0.20234113712374582 0.09364548494983277
6 0.31438127090301005 0.061872909698996656 0.19230769230769232 0.12374581939799331
6 0.06688963210702341 0.13210702341137123 0.13210702341137123 0.22073578595317725
6 0.18394648829431437 0.7859531772575251 0.22240802675585283 0.205685618729097
6 0.49665551839464883 0.22909698996655517 0.22742474916387959 0.19230769230769232
6 0.18729096989966554 0.5016722408026756 0.23076923076923078 0.19899665551839466
6 0.4280936454849498 0.7525083612040134 0.24247491638795987 0.24247491638795987
6 0.23745819397993312 0.27759197324414714 0.23578595317725753 0.2157190635451505
6 0.8729096989966555 0.7876254180602007 0.23076923076923078 0.23076923076923078
6 0.6638795986622074 0.705685618729097 0.22240802675585283 0.21906354515050167