6 0.9665551839464883 0.12207357859531773 0.06688963210702341 0.21906354515050167
6 0.4096989966555184 0.9866220735785953 0.23076923076923078 0.026755852842809364
6 0.2591973244147157 0.45652173913043476 0.24749163879598662 0.26755852842809363
6 0.2792642140468227 0.9849498327759197 0.2709030100334448 0.030100334448160536
6 0.8511705685618729 0.9130434782608695 0.2508361204013378 0.17391304347826086
6 0.8361204013377926 0.5033444816053512 0.24581939799331104 0.2525083612040134
6 0.016722408026755852 0.2842809364548495 0.033444816053511704 0.21906354515050167
6 0.3963210702341137 0.745819397993311 0.225752508361204 0.22408026755852842
2 0.5033444816053512 0.49665551839464883 0.28595317725752506 0.3110367892976589
6 0.7792642140468228 0.4096989966555184 0.18561872909698995 0.22073578595317725
5 0.979933110367893 0.5769230769230769 0.038461538461538464 0.08528428093645485
6 0.051839464882943144 0.9364548494983278 0.10367892976588629 0.12709030100334448
6 0.09197324414715718 0.6705685618729097 0.18227424749163879 0.2140468227424749
6 0.754180602006689 0.9464882943143813 0.26421404682274247 0.10702341137123746
5 0.6153846153846154 0.6638795986622074 0.0903010033444816 0.07859531772575251
5 0.09197324414715718 0.362876254180602 0.10702341137123746 0.09364548494983277
6 0.47157190635451507 0.8260869565217391 0.23076923076923078 0.2525083612040134
6 0.19063545150501673 0.49331103678929766 0.23076923076923078 0.22073578595317725
6 0.11204013377926421 0.10033444816053512 0.22408026755852842 0.20066889632107024
6 0.8478260869565217 0.07190635451505016 0.2591973244147157 0.14381270903010032
6 0.5903010033444817 0.05852842809364549 0.25752508361204013 0.11538461538461539
6 0.2709030100334448 0.11371237458193979 0.2140468227424749 0.225752508361204
6 0.7993311036789298 0.6304347826086957 0.25418060200668896 0.23411371237458195
6 0.10535117056856187 0.7926421404682275 0.21070234113712374 0.22909698996655517
6 0.6672240802675585 0.23578595317725753 0.24247491638795987 0.23411371237458195