6 0.882943143812709 0.7474916387959866 0.21739130434782608 0.11371237458193979
6 0.09531772575250837 0.9816053511705686 0.18561872909698995 0.03511705685618729
2 0.5016722408026756 0.5250836120401338 0.44648829431438125 0.40468227424749165
6 0.9515050167224081 0.45819397993311034 0.09197324414715718 0.22408026755852842
6 0.1488294314381271 0.10033444816053512 0.2976588628762542 0.20066889632107024
6 0.026755852842809364 0.42642140468227424 0.05351170568561873 0.2508361204013378
6 0.5083612040133779 0.02508361204013378 0.2608695652173913 0.05016722408026756
6 0.9464882943143813 0.06688963210702341 0.10702341137123746 0.13210702341137123
6 0.8745819397993311 0.6488294314381271 0.24581939799331104 0.2508361204013378
6 0.6387959866220736 0.9080267558528428 0.2157190635451505 0.18394648829431437
6 0.13879598662207357 0.34615384615384615 0.205685618729097 0.23745819397993312
6 0.8093645484949833 0.2408026755852843 0.2508361204013378 0.23411371237458195
6 0.9247491638795987 0.9080267558528428 0.1505016722408027 0.18394648829431437
6 0.6605351170568562 0.7859531772575251 0.26588628762541805 0.23745819397993312
6 0.5719063545150501 0.18394648829431437 0.25585284280936454 0.2591973244147157
6 0.17391304347826086 0.7207357859531772 0.2525083612040134 0.2508361204013378
6 0.3394648829431438 0.23578595317725753 0.23411371237458195 0.24581939799331104
6 0.40468227424749165 0.8093645484949833 0.24581939799331104 0.23076923076923078