6 0.09866220735785954 0.051839464882943144 0.19230769230769232 0.10033444816053512
2 0.5050167224080268 0.5016722408026756 0.2959866220735786 0.2809364548494983
6 0.030100334448160536 0.9230769230769231 0.06020066889632107 0.15384615384615385
5 0.6872909698996655 0.41471571906354515 0.1354515050167224 0.11872909698996656
6 0.2508361204013378 0.15719063545150502 0.28929765886287623 0.23745819397993312
6 0.5953177257525084 0.9782608695652174 0.24581939799331104 0.043478260869565216
6 0.6086956521739131 0.026755852842809364 0.2408026755852843 0.05351170568561873
6 0.2826086956521739 0.6003344481605352 0.2525083612040134 0.26588628762541805
6 0.8913043478260869 0.6989966555183946 0.2140468227424749 0.22909698996655517
6 0.27424749163879597 0.9147157190635451 0.22742474916387959 0.1705685618729097
6 0.8729096989966555 0.9130434782608695 0.23411371237458195 0.17391304347826086
6 0.5635451505016722 0.2625418060200669 0.23411371237458195 0.225752508361204
6 0.7608695652173914 0.11705685618729098 0.22408026755852842 0.22408026755852842
6 0.04180602006688963 0.20234113712374582 0.08361204013377926 0.21237458193979933