6 0.9581939799331104 0.10869565217391304 0.07859531772575251 0.21237458193979933
6 0.5785953177257525 0.3110367892976589 0.21070234113712374 0.1605351170568562
6 0.03177257525083612 0.05016722408026756 0.06354515050167224 0.10033444816053512
6 0.2842809364548495 0.5668896321070234 0.2725752508361204 0.23076923076923078
6 0.8327759197324415 0.9782608695652174 0.30267558528428096 0.043478260869565216
5 0.9046822742474916 0.048494983277591976 0.08193979933110368 0.07859531772575251
2 0.5016722408026756 0.5016722408026756 0.38127090301003347 0.31438127090301005
5 0.026755852842809364 0.8177257525083612 0.05351170568561873 0.08361204013377926
6 0.1354515050167224 0.4414715719063545 0.2709030100334448 0.26755852842809363
6 0.2809364548494983 0.10535117056856187 0.3712374581939799 0.20903010033444816
6 0.9130434782608695 0.2976588628762542 0.1705685618729097 0.26588628762541805
6 0.12709030100334448 0.9364548494983278 0.24749163879598662 0.12709030100334448
6 0.7474916387959866 0.12040133779264214 0.2976588628762542 0.2408026755852843
6 0.22073578595317725 0.7725752508361204 0.34615384615384615 0.24581939799331104
6 0.08193979933110368 0.2157190635451505 0.16387959866220736 0.28929765886287623
6 0.5 0.7424749163879598 0.3210702341137124 0.21237458193979933
6 0.47324414715719065 0.17224080267558528 0.28595317725752506 0.21906354515050167
6 0.8712374581939799 0.8545150501672241 0.2525083612040134 0.2491638795986622
6 0.8578595317725752 0.568561872909699 0.2725752508361204 0.26755852842809363