6 0.34448160535117056 0.6555183946488294 0.18227424749163879 0.20066889632107024
6 0.8729096989966555 0.03678929765886288 0.225752508361204 0.07357859531772576
6 0.802675585284281 0.5367892976588629 0.24749163879598662 0.22742474916387959
6 0.07525083612040134 0.9364548494983278 0.1505016722408027 0.12709030100334448
2 0.5016722408026756 0.49498327759197325 0.2792642140468227 0.3060200668896321
6 0.17224080267558528 0.36454849498327757 0.23578595317725753 0.23076923076923078
6 0.01839464882943144 0.6605351170568562 0.03511705685618729 0.2140468227424749
6 0.3963210702341137 0.9732441471571907 0.2508361204013378 0.05351170568561873
6 0.04013377926421405 0.8678929765886287 0.0802675585284281 0.22408026755852842
6 0.5836120401337793 0.06354515050167224 0.2508361204013378 0.12709030100334448
6 0.36622073578595316 0.05518394648829431 0.225752508361204 0.11036789297658862
6 0.4230769230769231 0.7374581939799331 0.25752508361204013 0.19899665551839466
6 0.8795986622073578 0.10535117056856187 0.23578595317725753 0.20903010033444816
6 0.16722408026755853 0.5785953177257525 0.22909698996655517 0.23578595317725753
6 0.774247491638796 0.6488294314381271 0.2408026755852843 0.21906354515050167
6 0.9046822742474916 0.7926421404682275 0.18561872909698995 0.23076923076923078
6 0.28762541806020064 0.38461538461538464 0.22240802675585283 0.22240802675585283
6 0.8779264214046822 0.32441471571906355 0.23076923076923078 0.24247491638795987
6 0.6187290969899666 0.8494983277591973 0.23745819397993312 0.23076923076923078
6 0.2040133779264214 0.14046822742474915 0.2491638795986622 0.23578595317725753
6 0.5434782608695652 0.19230769230769232 0.2792642140468227 0.25418060200668896
6 0.18561872909698995 0.802675585284281 0.2692307692307692 0.22742474916387959