6 0.030100334448160536 0.7006688963210702 0.06020066889632107 0.21906354515050167
6 0.6354515050167224 0.015050167224080268 0.1956521739130435 0.030100334448160536
5 0.9765886287625418 0.011705685618729096 0.046822742474916385 0.023411371237458192
2 0.5100334448160535 0.49498327759197325 0.4096989966555184 0.3612040133779264
6 0.9715719063545151 0.38127090301003347 0.056856187290969896 0.24581939799331104
6 0.05016722408026756 0.21739130434782608 0.10033444816053512 0.2525083612040134
6 0.9464882943143813 0.9013377926421404 0.10033444816053512 0.19732441471571907
6 0.431438127090301 0.038461538461538464 0.23578595317725753 0.07692307692307693
6 0.8595317725752508 0.05016722408026756 0.2140468227424749 0.10033444816053512
6 0.9080267558528428 0.6454849498327759 0.17892976588628762 0.22408026755852842
6 0.6287625418060201 0.9280936454849499 0.2809364548494983 0.14381270903010032
6 0.43645484949832775 0.7575250836120402 0.23411371237458195 0.24247491638795987
6 0.8411371237458194 0.4414715719063545 0.2591973244147157 0.21237458193979933
6 0.17558528428093645 0.11036789297658862 0.23244147157190637 0.22073578595317725
6 0.0802675585284281 0.8896321070234113 0.1605351170568562 0.22073578595317725
6 0.2792642140468227 0.8946488294314381 0.2525083612040134 0.20903010033444816
6 0.09698996655518395 0.5267558528428093 0.1939799331103679 0.205685618729097
6 0.22742474916387959 0.6655518394648829 0.22742474916387959 0.21237458193979933
6 0.802675585284281 0.8294314381270903 0.2391304347826087 0.22073578595317725
6 0.7157190635451505 0.6220735785953178 0.24749163879598662 0.23076923076923078
6 0.2625418060200669 0.36789297658862874 0.23076923076923078 0.23411371237458195
6 0.8645484949832776 0.2157190635451505 0.2508361204013378 0.22909698996655517