6 0.3010033444816054 0.9899665551839465 0.23578595317725753 0.020066889632107024
6 0.09531772575250837 0.2792642140468227 0.18561872909698995 0.21906354515050167
6 0.04180602006688963 0.2792642140468227 0.08361204013377926 0.24581939799331104
6 0.05351170568561873 0.9347826086956522 0.10702341137123746 0.13043478260869565
6 0.20735785953177258 0.028428093645484948 0.22073578595317725 0.056856187290969896
6 0.7307692307692307 0.9849498327759197 0.22408026755852842 0.030100334448160536
6 0.4280936454849498 0.16722408026755853 0.19732441471571907 0.3060200668896321
6 0.9615384615384616 0.7876254180602007 0.07190635451505016 0.2491638795986622
6 0.028428093645484948 0.7324414715719063 0.056856187290969896 0.24247491638795987
2 0.5033444816053512 0.5 0.3528428093645485 0.3612040133779264
6 0.5367892976588629 0.030100334448160536 0.2709030100334448 0.06020066889632107
6 0.9448160535117057 0.07357859531772576 0.10367892976588629 0.14715719063545152
6 0.5217391304347826 0.9548494983277592 0.25585284280936454 0.0903010033444816
6 0.2625418060200669 0.5903010033444817 0.225752508361204 0.24581939799331104
6 0.7424749163879598 0.07190635451505016 0.1939799331103679 0.14381270903010032
6 0.16220735785953178 0.8979933110367893 0.23578595317725753 0.19899665551839466
6 0.9230769230769231 0.24581939799331104 0.14715719063545152 0.2040133779264214
6 0.08695652173913043 0.4866220735785953 0.17391304347826086 0.21070234113712374
6 0.31605351170568563 0.2040133779264214 0.24749163879598662 0.2591973244147157
6 0.11538461538461539 0.10367892976588629 0.225752508361204 0.205685618729097
6 0.9180602006688964 0.5668896321070234 0.1588628762541806 0.2491638795986622
6 0.3729096989966555 0.8093645484949833 0.24247491638795987 0.21906354515050167
6 0.6086956521739131 0.802675585284281 0.23076923076923078 0.22909698996655517
6 0.8260869565217391 0.8695652173913043 0.23076923076923078 0.22073578595317725
6 0.15719063545150502 0.6822742474916388 0.2140468227424749 0.24247491638795987
6 0.7090301003344481 0.3093645484949833 0.23076923076923078 0.23745819397993312
6 0.7625418060200669 0.5301003344481605 0.225752508361204 0.24581939799331104