6 0.9632107023411371 0.9214046822742475 0.07023411371237458 0.15217391304347827
6 0.13210702341137123 0.011705685618729096 0.24414715719063546 0.023411371237458192
6 0.9715719063545151 0.7341137123745819 0.056856187290969896 0.2408026755852843
2 0.5100334448160535 0.5066889632107023 0.391304347826087 0.45819397993311034
6 0.705685618729097 0.7976588628762542 0.2608695652173913 0.26755852842809363
6 0.09866220735785954 0.6036789297658863 0.19732441471571907 0.24247491638795987
6 0.6555183946488294 0.19732441471571907 0.2608695652173913 0.2826086956521739
6 0.4431438127090301 0.08695652173913043 0.24247491638795987 0.17391304347826086
6 0.7759197324414716 0.5301003344481605 0.21906354515050167 0.22909698996655517
6 0.28762541806020064 0.6304347826086957 0.22073578595317725 0.20066889632107024
6 0.8879598662207357 0.10702341137123746 0.22073578595317725 0.21237458193979933
6 0.8946488294314381 0.3494983277591973 0.205685618729097 0.23745819397993312
6 0.3093645484949833 0.9063545150501672 0.24749163879598662 0.18729096989966554
6 0.26588628762541805 0.205685618729097 0.24581939799331104 0.23076923076923078
6 0.1939799331103679 0.42642140468227424 0.25585284280936454 0.22909698996655517
6 0.06521739130434782 0.8846153846153846 0.13043478260869565 0.22909698996655517
6 0.08695652173913043 0.1254180602006689 0.17391304347826086 0.2508361204013378