6 0.016722408026755852 0.38461538461538464 0.033444816053511704 0.21237458193979933
5 0.34615384615384615 0.3896321070234114 0.07023411371237458 0.0802675585284281
6 0.13377926421404682 0.3494983277591973 0.205685618729097 0.30267558528428096
2 0.5050167224080268 0.49665551839464883 0.41638795986622074 0.3695652173913043
6 0.9247491638795987 0.030100334448160536 0.1454849498327759 0.06020066889632107
6 0.31438127090301005 0.28595317725752506 0.2040133779264214 0.27424749163879597
6 0.9331103678929766 0.6906354515050167 0.13377926421404682 0.22408026755852842
6 0.782608695652174 0.07692307692307693 0.23411371237458195 0.15384615384615385
6 0.5719063545150501 0.8461538461538461 0.23076923076923078 0.27424749163879597
6 0.5334448160535117 0.22742474916387959 0.24581939799331104 0.22408026755852842
6 0.7809364548494984 0.774247491638796 0.2608695652173913 0.2525083612040134
6 0.36789297658862874 0.7725752508361204 0.23578595317725753 0.2625418060200669
6 0.08361204013377926 0.6020066889632107 0.16722408026755853 0.21237458193979933
6 0.11705685618729098 0.11204013377926421 0.23244147157190637 0.22408026755852842
6 0.8160535117056856 0.28762541806020064 0.26421404682274247 0.22909698996655517