6 0.9816053511705686 0.5334448160535117 0.03678929765886288 0.19732441471571907
6 0.9749163879598662 0.31270903010033446 0.05016722408026756 0.205685618729097
6 0.9632107023411371 0.9565217391304348 0.07023411371237458 0.08528428093645485
2 0.49665551839464883 0.49498327759197325 0.32441471571906355 0.3896321070234114
6 0.06521739130434782 0.046822742474916385 0.13043478260869565 0.09364548494983277
6 0.05351170568561873 0.5066889632107023 0.10702341137123746 0.225752508361204
6 0.1588628762541806 0.9163879598662207 0.22073578595317725 0.16555183946488294
6 0.2140468227424749 0.7859531772575251 0.21739130434782608 0.22408026755852842
6 0.8946488294314381 0.13712374581939799 0.20066889632107024 0.1956521739130435
6 0.6688963210702341 0.7240802675585284 0.22742474916387959 0.2625418060200669
6 0.4331103678929766 0.8294314381270903 0.2508361204013378 0.2525083612040134
6 0.07859531772575251 0.26588628762541805 0.15719063545150502 0.21237458193979933
6 0.3377926421404682 0.28762541806020064 0.225752508361204 0.22408026755852842
6 0.7341137123745819 0.362876254180602 0.22073578595317725 0.225752508361204
6 0.8612040133779264 0.6187290969899666 0.22742474916387959 0.22073578595317725
6 0.2140468227424749 0.12207357859531773 0.21739130434782608 0.21237458193979933
6 0.5635451505016722 0.18227424749163879 0.2391304347826087 0.21739130434782608