6 0.9230769230769231 0.011705685618729096 0.14715719063545152 0.023411371237458192
6 0.021739130434782608 0.17892976588628762 0.04180602006688963 0.23745819397993312
6 0.9715719063545151 0.45652173913043476 0.056856187290969896 0.2408026755852843
2 0.49665551839464883 0.5384615384615384 0.3494983277591973 0.3779264214046823
6 0.051839464882943144 0.6939799331103679 0.10367892976588629 0.24749163879598662
6 0.8210702341137124 0.49498327759197325 0.27424749163879597 0.26755852842809363
6 0.9347826086956522 0.6655518394648829 0.13043478260869565 0.24749163879598662
6 0.39464882943143814 0.9163879598662207 0.2959866220735786 0.16555183946488294
6 0.3210702341137124 0.36789297658862874 0.20903010033444816 0.26755852842809363
6 0.5317725752508361 0.2508361204013378 0.26421404682274247 0.2525083612040134
6 0.47157190635451507 0.7709030100334449 0.2591973244147157 0.19063545150501673
6 0.7591973244147158 0.1254180602006689 0.23076923076923078 0.21906354515050167
6 0.12709030100334448 0.3595317725752508 0.23076923076923078 0.25585284280936454
6 0.7073578595317725 0.7090301003344481 0.24749163879598662 0.2625418060200669
6 0.1354515050167224 0.8896321070234113 0.2709030100334448 0.22073578595317725
6 0.3779264214046823 0.12207357859531773 0.26755852842809363 0.2408026755852843
6 0.7157190635451505 0.35451505016722407 0.2525083612040134 0.24581939799331104