6 0.9531772575250836 0.794314381270903 0.09197324414715718 0.2508361204013378
6 0.7508361204013378 0.9732441471571907 0.23578595317725753 0.05351170568561873
2 0.5033444816053512 0.5351170568561873 0.34615384615384615 0.3494983277591973
6 0.05351170568561873 0.4916387959866221 0.10702341137123746 0.26588628762541805
6 0.617056856187291 0.04013377926421405 0.26588628762541805 0.0802675585284281
6 0.2709030100334448 0.07859531772575251 0.2591973244147157 0.15551839464882944
6 0.47157190635451507 0.15384615384615385 0.2391304347826087 0.2491638795986622
6 0.862876254180602 0.3494983277591973 0.2709030100334448 0.2809364548494983
6 0.8010033444816054 0.7842809364548495 0.2140468227424749 0.23411371237458195
6 0.7090301003344481 0.18227424749163879 0.24247491638795987 0.22408026755852842
6 0.24581939799331104 0.5635451505016722 0.24247491638795987 0.26755852842809363
6 0.6086956521739131 0.8645484949832776 0.2608695652173913 0.225752508361204
6 0.21070234113712374 0.822742474916388 0.2725752508361204 0.2525083612040134