2 0.5033444816053512 0.5033444816053512 0.3595317725752508 0.3779264214046823
6 0.9816053511705686 0.5535117056856187 0.03678929765886288 0.21739130434782608
5 0.48494983277591974 0.6638795986622074 0.07525083612040134 0.06020066889632107
6 0.03511705685618729 0.8561872909698997 0.07023411371237458 0.22742474916387959
6 0.9046822742474916 0.4414715719063545 0.18561872909698995 0.2508361204013378
6 0.2959866220735786 0.9698996655518395 0.23076923076923078 0.06020066889632107
6 0.05016722408026756 0.2625418060200669 0.10033444816053512 0.2625418060200669
6 0.8812709030100334 0.03177257525083612 0.23578595317725753 0.061872909698996656
6 0.7040133779264214 0.9381270903010034 0.2909698996655518 0.12374581939799331
6 0.45819397993311034 0.7658862876254181 0.2391304347826087 0.2491638795986622
6 0.39464882943143814 0.07357859531772576 0.2608695652173913 0.14715719063545152
6 0.2408026755852843 0.6505016722408027 0.2591973244147157 0.22073578595317725
6 0.20735785953177258 0.8411371237458194 0.27424749163879597 0.205685618729097
6 0.12207357859531773 0.09698996655518395 0.24414715719063546 0.1939799331103679
6 0.7424749163879598 0.3879598662207358 0.24247491638795987 0.22073578595317725
6 0.12040133779264214 0.4765886287625418 0.2408026755852843 0.23745819397993312
6 0.7959866220735786 0.782608695652174 0.23578595317725753 0.23076923076923078
6 0.38127090301003347 0.2591973244147157 0.2508361204013378 0.22073578595317725
6 0.7408026755852842 0.1605351170568562 0.2591973244147157 0.23745819397993312