6 0.03678929765886288 0.12040133779264214 0.07357859531772576 0.2408026755852843
6 0.06020066889632107 0.9665551839464883 0.11872909698996656 0.06688963210702341
2 0.5016722408026756 0.5033444816053512 0.33612040133779264 0.3528428093645485
6 0.9515050167224081 0.5635451505016722 0.09698996655518395 0.22408026755852842
6 0.29264214046822745 0.5936454849498328 0.2140468227424749 0.3110367892976589
5 0.15217391304347827 0.580267558528428 0.1354515050167224 0.1354515050167224
6 0.2709030100334448 0.959866220735786 0.24247491638795987 0.0802675585284281
6 0.8795986622073578 0.931438127090301 0.23411371237458195 0.1354515050167224
6 0.7926421404682275 0.07190635451505016 0.28762541806020064 0.14381270903010032
6 0.6688963210702341 0.8812709030100334 0.2157190635451505 0.225752508361204
6 0.9214046822742475 0.31270903010033446 0.1505016722408027 0.28929765886287623
6 0.5702341137123745 0.1354515050167224 0.23411371237458195 0.225752508361204
6 0.4431438127090301 0.8879598662207357 0.24247491638795987 0.22408026755852842
6 0.13210702341137123 0.7608695652173914 0.2140468227424749 0.22073578595317725
6 0.32608695652173914 0.30267558528428096 0.23578595317725753 0.23076923076923078
6 0.7357859531772575 0.27591973244147155 0.23411371237458195 0.23578595317725753
6 0.7625418060200669 0.5267558528428093 0.22073578595317725 0.2408026755852843
6 0.8612040133779264 0.7324414715719063 0.26755852842809363 0.2709030100334448