2 0.5033444816053512 0.49665551839464883 0.38127090301003347 0.342809364548495
6 0.5150501672240803 0.033444816053511704 0.22240802675585283 0.06521739130434782
6 0.051839464882943144 0.9364548494983278 0.10367892976588629 0.12709030100334448
6 0.06688963210702341 0.42642140468227424 0.13210702341137123 0.2591973244147157
6 0.9247491638795987 0.9080267558528428 0.1454849498327759 0.18394648829431437
6 0.09531772575250837 0.06688963210702341 0.18896321070234115 0.13210702341137123
6 0.7759197324414716 0.3394648829431438 0.20234113712374582 0.1956521739130435
6 0.38294314381270905 0.18394648829431437 0.21739130434782608 0.22073578595317725
6 0.6053511705685619 0.9080267558528428 0.1939799331103679 0.18227424749163879
6 0.7675585284280937 0.5919732441471572 0.20234113712374582 0.225752508361204
6 0.774247491638796 0.7993311036789298 0.23411371237458195 0.205685618729097
6 0.07859531772575251 0.6722408026755853 0.15719063545150502 0.20903010033444816
6 0.40635451505016723 0.9113712374581939 0.23076923076923078 0.17725752508361203
6 0.8344481605351171 0.12876254180602006 0.23578595317725753 0.23411371237458195
6 0.18896321070234115 0.8695652173913043 0.22240802675585283 0.2157190635451505
6 0.4080267558528428 0.7240802675585284 0.21070234113712374 0.2040133779264214
6 0.6020066889632107 0.1605351170568562 0.225752508361204 0.2157190635451505
6 0.23244147157190637 0.5217391304347826 0.225752508361204 0.2508361204013378
6 0.16220735785953178 0.26421404682274247 0.2525083612040134 0.2491638795986622
6 0.9147157190635451 0.47491638795986624 0.16722408026755853 0.24247491638795987