6 0.9448160535117057 0.32274247491638797 0.11036789297658862 0.2591973244147157
6 0.6471571906354515 0.9849498327759197 0.22408026755852842 0.030100334448160536
6 0.9615384615384616 0.10367892976588629 0.07692307692307693 0.20735785953177258
6 0.6739130434782609 0.02508361204013378 0.23578595317725753 0.05016722408026756
6 0.7658862876254181 0.3394648829431438 0.22742474916387959 0.2491638795986622
6 0.19063545150501673 0.9698996655518395 0.205685618729097 0.06020066889632107
6 0.05351170568561873 0.45819397993311034 0.10702341137123746 0.23411371237458195
6 0.7608695652173914 0.06688963210702341 0.22742474916387959 0.13210702341137123
2 0.49665551839464883 0.5133779264214047 0.36622073578595316 0.3494983277591973
5 0.5334448160535117 0.32274247491638797 0.08361204013377926 0.08361204013377926
6 0.9163879598662207 0.959866220735786 0.15384615384615385 0.0802675585284281
6 0.31438127090301005 0.03511705685618729 0.23411371237458195 0.07023411371237458
6 0.7675585284280937 0.6421404682274248 0.24247491638795987 0.2391304347826087
6 0.6739130434782609 0.2993311036789298 0.2140468227424749 0.205685618729097
6 0.9180602006688964 0.4531772575250836 0.1588628762541806 0.24581939799331104
6 0.1354515050167224 0.8913043478260869 0.24414715719063546 0.21739130434782608
6 0.13712374581939799 0.45819397993311034 0.24247491638795987 0.2408026755852843
6 0.4916387959866221 0.09866220735785954 0.2408026755852843 0.19732441471571907
6 0.9247491638795987 0.7692307692307693 0.1454849498327759 0.225752508361204
6 0.5066889632107023 0.8996655518394648 0.23745819397993312 0.20066889632107024
6 0.08862876254180602 0.6806020066889632 0.17725752508361203 0.23745819397993312
6 0.29431438127090304 0.7123745819397993 0.2608695652173913 0.2508361204013378
6 0.6622073578595318 0.7290969899665551 0.24749163879598662 0.23745819397993312
6 0.10367892976588629 0.21237458193979933 0.20735785953177258 0.23411371237458195