6 0.01839464882943144 0.8812709030100334 0.03511705685618729 0.21906354515050167
6 0.9715719063545151 0.38127090301003347 0.056856187290969896 0.21237458193979933
2 0.5016722408026756 0.5 0.34615384615384615 0.3612040133779264
6 0.9464882943143813 0.7959866220735786 0.10367892976588629 0.25752508361204013
6 0.18394648829431437 0.03678929765886288 0.2608695652173913 0.07357859531772576
6 0.225752508361204 0.9381270903010034 0.24414715719063546 0.12374581939799331
6 0.07023411371237458 0.3311036789297659 0.13879598662207357 0.23745819397993312
6 0.4080267558528428 0.0903010033444816 0.22909698996655517 0.1806020066889632
6 0.7658862876254181 0.931438127090301 0.2508361204013378 0.13712374581939799
6 0.7324414715719063 0.580267558528428 0.1806020066889632 0.2625418060200669
6 0.27424749163879597 0.6070234113712375 0.22073578595317725 0.25752508361204013
6 0.0802675585284281 0.6321070234113713 0.1605351170568562 0.22408026755852842
6 0.5836120401337793 0.21070234113712374 0.23411371237458195 0.25585284280936454
6 0.9046822742474916 0.5819397993311036 0.18394648829431437 0.24247491638795987
6 0.0802675585284281 0.11371237458193979 0.1605351170568562 0.22742474916387959
6 0.45652173913043476 0.7792642140468228 0.22073578595317725 0.22073578595317725
6 0.2591973244147157 0.3612040133779264 0.23411371237458195 0.23076923076923078