2 0.49331103678929766 0.5117056856187291 0.40301003344481606 0.39297658862876256
6 0.020066889632107024 0.9498327759197325 0.038461538461538464 0.10033444816053512
6 0.013377926421404682 0.07859531772575251 0.026755852842809364 0.15719063545150502
6 0.9381270903010034 0.479933110367893 0.12040133779264214 0.225752508361204
6 0.8712374581939799 0.016722408026755852 0.2508361204013378 0.033444816053511704
6 0.9498327759197325 0.705685618729097 0.09531772575250837 0.24247491638795987
6 0.9046822742474916 0.391304347826087 0.18561872909698995 0.2157190635451505
6 0.1354515050167224 0.030100334448160536 0.25585284280936454 0.06020066889632107
6 0.5284280936454849 0.959866220735786 0.2391304347826087 0.0802675585284281
6 0.5367892976588629 0.32608695652173914 0.24247491638795987 0.21906354515050167
6 0.14715719063545152 0.9414715719063546 0.22742474916387959 0.11538461538461539
6 0.9163879598662207 0.10702341137123746 0.1605351170568562 0.2140468227424749
6 0.35451505016722407 0.07525083612040134 0.23411371237458195 0.1505016722408027
6 0.7274247491638796 0.9113712374581939 0.22240802675585283 0.17725752508361203
6 0.9080267558528428 0.8946488294314381 0.17892976588628762 0.20903010033444816
6 0.5752508361204013 0.11872909698996656 0.2391304347826087 0.225752508361204
6 0.3394648829431438 0.8979933110367893 0.22742474916387959 0.2040133779264214
6 0.5317725752508361 0.8127090301003345 0.21906354515050167 0.20903010033444816
6 0.2408026755852843 0.6538461538461539 0.24247491638795987 0.24247491638795987
6 0.06856187290969899 0.7357859531772575 0.1354515050167224 0.2491638795986622
6 0.7842809364548495 0.5635451505016722 0.21739130434782608 0.23411371237458195
6 0.18729096989966554 0.20903010033444816 0.26421404682274247 0.22073578595317725
6 0.13210702341137123 0.4297658862876254 0.2591973244147157 0.23745819397993312
6 0.7625418060200669 0.2408026755852843 0.24247491638795987 0.23411371237458195