6 0.08193979933110368 0.07525083612040134 0.16387959866220736 0.1454849498327759
6 0.046822742474916385 0.28762541806020064 0.09364548494983277 0.2491638795986622
6 0.9364548494983278 0.07525083612040134 0.12040133779264214 0.1505016722408027
6 0.08361204013377926 0.013377926421404682 0.16722408026755853 0.026755852842809364
6 0.17558528428093645 0.10702341137123746 0.25585284280936454 0.1956521739130435
6 0.9431438127090301 0.8946488294314381 0.10869565217391304 0.20903010033444816
6 0.7040133779264214 0.3795986622073579 0.24749163879598662 0.2508361204013378
2 0.49665551839464883 0.5016722408026756 0.3210702341137124 0.2976588628762542
6 0.2959866220735786 0.9765886287625418 0.23076923076923078 0.046822742474916385
6 0.9113712374581939 0.4498327759197324 0.17224080267558528 0.2491638795986622
6 0.4397993311036789 0.1505016722408027 0.22240802675585283 0.26755852842809363
6 0.2525083612040134 0.2391304347826087 0.205685618729097 0.2157190635451505
6 0.21237458193979933 0.451505016722408 0.23578595317725753 0.22408026755852842
6 0.882943143812709 0.705685618729097 0.22240802675585283 0.2491638795986622
6 0.6688963210702341 0.13043478260869565 0.24581939799331104 0.24247491638795987
6 0.7725752508361204 0.8612040133779264 0.22742474916387959 0.22909698996655517
6 0.9280936454849499 0.15384615384615385 0.14214046822742474 0.18227424749163879