6 0.033444816053511704 0.7006688963210702 0.06688963210702341 0.27759197324414714
2 0.5066889632107023 0.5033444816053512 0.3311036789297659 0.31438127090301005
6 0.05852842809364549 0.051839464882943144 0.11705685618729098 0.10367892976588629
0 0.5050167224080268 0.5033444816053512 0.33444816053511706 0.3110367892976589
6 0.023411371237458192 0.3093645484949833 0.046822742474916385 0.23076923076923078
6 0.8327759197324415 0.9816053511705686 0.225752508361204 0.03511705685618729
6 0.19063545150501673 0.051839464882943144 0.2408026755852843 0.10367892976588629
6 0.15384615384615385 0.9481605351170569 0.24749163879598662 0.10367892976588629
6 0.9264214046822743 0.09364548494983277 0.14715719063545152 0.18729096989966554
6 0.23578595317725753 0.5936454849498328 0.2608695652173913 0.23411371237458195
6 0.7558528428093646 0.9046822742474916 0.27759197324414714 0.19063545150501673
6 0.15719063545150502 0.7157190635451505 0.2525083612040134 0.22073578595317725
6 0.9230769230769231 0.8377926421404682 0.14715719063545152 0.22073578595317725
6 0.5167224080267558 0.8478260869565217 0.21739130434782608 0.23076923076923078
6 0.7374581939799331 0.725752508361204 0.225752508361204 0.20066889632107024
6 0.38294314381270905 0.28762541806020064 0.23244147157190637 0.23411371237458195
6 0.16220735785953178 0.35785953177257523 0.2525083612040134 0.2491638795986622
6 0.6020066889632107 0.2140468227424749 0.2709030100334448 0.2408026755852843