6 0.9464882943143813 0.8093645484949833 0.10033444816053512 0.24581939799331104
6 0.10535117056856187 0.959866220735786 0.21070234113712374 0.0802675585284281
2 0.4983277591973244 0.5033444816053512 0.30267558528428096 0.3177257525083612
6 0.6070234113712375 0.9464882943143813 0.24749163879598662 0.10702341137123746
5 0.051839464882943144 0.18729096989966554 0.07525083612040134 0.07190635451505016
6 0.9431438127090301 0.43812709030100333 0.11371237458193979 0.24247491638795987
6 0.056856187290969896 0.5953177257525084 0.11371237458193979 0.21906354515050167
6 0.14046822742474915 0.06020066889632107 0.23578595317725753 0.11872909698996656
6 0.7976588628762542 0.8979933110367893 0.20735785953177258 0.2040133779264214
6 0.07023411371237458 0.8160535117056856 0.13879598662207357 0.20903010033444816
6 0.794314381270903 0.10033444816053512 0.2508361204013378 0.20066889632107024
6 0.49665551839464883 0.7575250836120402 0.2591973244147157 0.22073578595317725
6 0.08361204013377926 0.36789297658862874 0.16722408026755853 0.22408026755852842
6 0.2809364548494983 0.31438127090301005 0.21739130434782608 0.2157190635451505