6 0.020066889632107024 0.0451505016722408 0.038461538461538464 0.0903010033444816
2 0.4983277591973244 0.49498327759197325 0.39297658862876256 0.3712374581939799
6 0.9682274247491639 0.6705685618729097 0.06354515050167224 0.23411371237458195
6 0.7424749163879598 0.979933110367893 0.23578595317725753 0.038461538461538464
6 0.9381270903010034 0.23745819397993312 0.12040133779264214 0.225752508361204
6 0.1939799331103679 0.02508361204013378 0.2608695652173913 0.05016722408026756
6 0.8963210702341137 0.39464882943143814 0.20066889632107024 0.24581939799331104
6 0.9381270903010034 0.06688963210702341 0.11705685618729098 0.13377926421404682
6 0.45484949832775917 0.04180602006688963 0.2391304347826087 0.08361204013377926
6 0.05852842809364549 0.5 0.11705685618729098 0.2408026755852843
6 0.11538461538461539 0.939799331103679 0.23076923076923078 0.11872909698996656
6 0.3411371237458194 0.939799331103679 0.24749163879598662 0.11872909698996656
6 0.774247491638796 0.49331103678929766 0.23076923076923078 0.27591973244147155
6 0.5501672240802675 0.9130434782608695 0.22240802675585283 0.17391304347826086
6 0.6889632107023411 0.0903010033444816 0.2391304347826087 0.1806020066889632
6 0.36789297658862874 0.7441471571906354 0.23076923076923078 0.225752508361204
6 0.8913043478260869 0.8311036789297659 0.21070234113712374 0.25585284280936454
6 0.3210702341137124 0.1588628762541806 0.24414715719063546 0.22909698996655517
6 0.6806020066889632 0.7374581939799331 0.26755852842809363 0.2525083612040134
6 0.2157190635451505 0.36622073578595316 0.2591973244147157 0.2591973244147157
6 0.18896321070234115 0.6086956521739131 0.22742474916387959 0.2157190635451505
6 0.0802675585284281 0.205685618729097 0.1605351170568562 0.2525083612040134