6 0.9565217391304348 0.9682274247491639 0.08528428093645485 0.06354515050167224
6 0.2909698996655518 0.6270903010033445 0.19732441471571907 0.15719063545150502
6 0.959866220735786 0.23076923076923078 0.07525083612040134 0.2709030100334448
6 0.048494983277591976 0.9448160535117057 0.09698996655518395 0.11036789297658862
6 0.030100334448160536 0.7575250836120402 0.06020066889632107 0.24247491638795987
2 0.5083612040133779 0.49498327759197325 0.4397993311036789 0.3494983277591973
6 0.2591973244147157 0.03511705685618729 0.2842809364548495 0.07023411371237458
6 0.9531772575250836 0.5886287625418061 0.09197324414715718 0.2508361204013378
6 0.2909698996655518 0.2959866220735786 0.26755852842809363 0.26755852842809363
6 0.09866220735785954 0.2993311036789298 0.19732441471571907 0.2709030100334448
6 0.06020066889632107 0.1020066889632107 0.11872909698996656 0.20234113712374582
6 0.3076923076923077 0.9531772575250836 0.2976588628762542 0.09364548494983277
6 0.725752508361204 0.27591973244147155 0.2725752508361204 0.21739130434782608
6 0.49498327759197325 0.07190635451505016 0.2508361204013378 0.14381270903010032
6 0.10869565217391304 0.5702341137123745 0.21739130434782608 0.24414715719063546
6 0.8344481605351171 0.4431438127090301 0.2591973244147157 0.24247491638795987
6 0.4297658862876254 0.7859531772575251 0.24581939799331104 0.23745819397993312
6 0.8127090301003345 0.1020066889632107 0.2525083612040134 0.20234113712374582
6 0.8545150501672241 0.8795986622073578 0.2725752508361204 0.2408026755852843
6 0.1588628762541806 0.81438127090301 0.2408026755852843 0.2508361204013378