6 0.03511705685618729 0.36454849498327757 0.06856187290969899 0.22742474916387959
6 0.9615384615384616 0.11705685618729098 0.07692307692307693 0.23411371237458195
2 0.49665551839464883 0.5367892976588629 0.342809364548495 0.36454849498327757
6 0.9498327759197325 0.3879598662207358 0.09531772575250837 0.25752508361204013
6 0.6789297658862876 0.8528428093645485 0.24581939799331104 0.28929765886287623
6 0.9331103678929766 0.9364548494983278 0.12876254180602006 0.12709030100334448
6 0.8127090301003345 0.8528428093645485 0.2140468227424749 0.24581939799331104
6 0.8461538461538461 0.05852842809364549 0.2508361204013378 0.11538461538461539
6 0.23578595317725753 0.5953177257525084 0.2391304347826087 0.2525083612040134
6 0.14046822742474915 0.2391304347826087 0.24247491638795987 0.24247491638795987
6 0.38294314381270905 0.8394648829431438 0.2725752508361204 0.23411371237458195
6 0.13377926421404682 0.8795986622073578 0.24581939799331104 0.23745819397993312
6 0.451505016722408 0.10702341137123746 0.2408026755852843 0.2140468227424749
6 0.7859531772575251 0.617056856187291 0.2725752508361204 0.225752508361204
6 0.7909698996655519 0.3210702341137124 0.2508361204013378 0.2508361204013378