6 0.1454849498327759 0.3210702341137124 0.24247491638795987 0.21906354515050167
6 0.038461538461538464 0.5535117056856187 0.07692307692307693 0.3110367892976589
6 0.9665551839464883 0.16555183946488294 0.06688963210702341 0.2491638795986622
6 0.07692307692307693 0.903010033444816 0.15384615384615385 0.1939799331103679
6 0.11538461538461539 0.959866220735786 0.23076923076923078 0.0802675585284281
6 0.9464882943143813 0.7424749163879598 0.10367892976588629 0.27424749163879597
6 0.3779264214046823 0.030100334448160536 0.24581939799331104 0.06020066889632107
2 0.5033444816053512 0.4983277591973244 0.35451505016722407 0.35785953177257523
6 0.043478260869565216 0.18227424749163879 0.08528428093645485 0.27591973244147155
6 0.24414715719063546 0.6521739130434783 0.25585284280936454 0.24581939799331104
6 0.617056856187291 0.03678929765886288 0.2508361204013378 0.07357859531772576
6 0.3795986622073579 0.9581939799331104 0.23578595317725753 0.08361204013377926
6 0.8745819397993311 0.35785953177257523 0.24581939799331104 0.24247491638795987
6 0.6086956521739131 0.7759197324414716 0.23411371237458195 0.25585284280936454
6 0.7123745819397993 0.8879598662207357 0.2591973244147157 0.22408026755852842
6 0.12207357859531773 0.7090301003344481 0.22240802675585283 0.21237458193979933
6 0.21070234113712374 0.4080267558528428 0.23411371237458195 0.23745819397993312
6 0.3695652173913043 0.2525083612040134 0.24581939799331104 0.2408026755852843
6 0.8177257525083612 0.0802675585284281 0.24749163879598662 0.1588628762541806
6 0.7892976588628763 0.459866220735786 0.24581939799331104 0.23745819397993312
6 0.19063545150501673 0.10869565217391304 0.2608695652173913 0.21739130434782608
6 0.8076923076923077 0.6822742474916388 0.24749163879598662 0.22909698996655517
6 0.40301003344481606 0.8110367892976589 0.22742474916387959 0.22909698996655517