2 0.4882943143812709 0.49498327759197325 0.3595317725752508 0.3494983277591973
6 0.9448160535117057 0.011705685618729096 0.10367892976588629 0.023411371237458192
6 0.9765886287625418 0.903010033444816 0.0451505016722408 0.1939799331103679
6 0.9531772575250836 0.6053511705685619 0.08528428093645485 0.24581939799331104
6 0.04013377926421405 0.520066889632107 0.0802675585284281 0.23745819397993312
6 0.2391304347826087 0.043478260869565216 0.2608695652173913 0.08528428093645485
6 0.8060200668896321 0.3528428093645485 0.25585284280936454 0.225752508361204
6 0.7474916387959866 0.5986622073578596 0.21739130434782608 0.2508361204013378
6 0.45484949832775917 0.9347826086956522 0.25585284280936454 0.13043478260869565
6 0.26588628762541805 0.8327759197324415 0.22742474916387959 0.23411371237458195
6 0.2508361204013378 0.24414715719063546 0.2725752508361204 0.27759197324414714
6 0.5217391304347826 0.754180602006689 0.2725752508361204 0.24247491638795987
6 0.07859531772575251 0.09866220735785954 0.15719063545150502 0.19732441471571907
6 0.8812709030100334 0.11705685618729098 0.22240802675585283 0.23411371237458195
6 0.18394648829431437 0.5903010033444817 0.23578595317725753 0.22408026755852842
6 0.8110367892976589 0.8662207357859532 0.2959866220735786 0.26755852842809363