2 0.5083612040133779 0.49665551839464883 0.36789297658862874 0.33444816053511706
6 0.011705685618729096 0.09866220735785954 0.023411371237458192 0.19732441471571907
6 0.5384615384615384 0.7859531772575251 0.2608695652173913 0.19899665551839466
6 0.01839464882943144 0.8461538461538461 0.03511705685618729 0.19899665551839466
6 0.41471571906354515 0.17725752508361203 0.3177257525083612 0.2993311036789298
6 0.9147157190635451 0.016722408026755852 0.1705685618729097 0.033444816053511704
6 0.5468227424749164 0.8612040133779264 0.2809364548494983 0.1956521739130435
6 0.7959866220735786 0.6020066889632107 0.19732441471571907 0.205685618729097
6 0.7675585284280937 0.4397993311036789 0.23578595317725753 0.2408026755852843
6 0.17558528428093645 0.08862876254180602 0.22742474916387959 0.17725752508361203
6 0.8929765886287625 0.3963210702341137 0.20903010033444816 0.24749163879598662
6 0.12709030100334448 0.18227424749163879 0.24247491638795987 0.2157190635451505
6 0.11371237458193979 0.8695652173913043 0.205685618729097 0.24247491638795987
6 0.9180602006688964 0.15217391304347827 0.1588628762541806 0.23745819397993312
6 0.17892976588628762 0.3896321070234114 0.2408026755852843 0.23411371237458195
6 0.09364548494983277 0.6722408026755853 0.18561872909698995 0.23076923076923078
6 0.9096989966555183 0.7809364548494984 0.17558528428093645 0.24581939799331104