2 0.5033444816053512 0.49665551839464883 0.36789297658862874 0.3779264214046823
6 0.5919732441471572 0.02508361204013378 0.2408026755852843 0.05016722408026756
5 0.745819397993311 0.6672240802675585 0.14214046822742474 0.1354515050167224
6 0.939799331103679 0.12876254180602006 0.11371237458193979 0.24581939799331104
6 0.061872909698996656 0.11204013377926421 0.12374581939799331 0.22408026755852842
6 0.08193979933110368 0.6220735785953178 0.16387959866220736 0.23076923076923078
6 0.7341137123745819 0.8996655518394648 0.23076923076923078 0.20066889632107024
6 0.12040133779264214 0.38294314381270905 0.23578595317725753 0.225752508361204
6 0.3762541806020067 0.25585284280936454 0.23578595317725753 0.1806020066889632
6 0.7859531772575251 0.08361204013377926 0.22073578595317725 0.16722408026755853
6 0.3695652173913043 0.08361204013377926 0.24581939799331104 0.16555183946488294
6 0.9163879598662207 0.8846153846153846 0.1588628762541806 0.22909698996655517
6 0.7725752508361204 0.2826086956521739 0.22742474916387959 0.21906354515050167
6 0.9163879598662207 0.3745819397993311 0.1605351170568562 0.2525083612040134
6 0.2976588628762542 0.6872909698996655 0.2508361204013378 0.25585284280936454
6 0.08193979933110368 0.8812709030100334 0.16387959866220736 0.23745819397993312
6 0.46321070234113715 0.882943143812709 0.2525083612040134 0.23411371237458195