2 0.5016722408026756 0.5066889632107023 0.33612040133779264 0.35785953177257523
6 0.010033444816053512 0.20234113712374582 0.01839464882943144 0.205685618729097
6 0.02508361204013378 0.47491638795986624 0.05016722408026756 0.2391304347826087
6 0.02508361204013378 0.9113712374581939 0.05016722408026756 0.17725752508361203
6 0.09531772575250837 0.030100334448160536 0.19063545150501673 0.06020066889632107
6 0.10702341137123746 0.9682274247491639 0.17558528428093645 0.06354515050167224
6 0.6404682274247492 0.03678929765886288 0.24414715719063546 0.07357859531772576
6 0.5719063545150501 0.9665551839464883 0.2508361204013378 0.06688963210702341
6 0.34615384615384615 0.9565217391304348 0.2140468227424749 0.08528428093645485
6 0.9448160535117057 0.11371237458193979 0.10702341137123746 0.21906354515050167
6 0.2909698996655518 0.07023411371237458 0.225752508361204 0.14046822742474915
6 0.16722408026755853 0.8244147157190636 0.23578595317725753 0.22909698996655517
6 0.8862876254180602 0.9080267558528428 0.2157190635451505 0.18394648829431437
6 0.7926421404682275 0.49331103678929766 0.23076923076923078 0.20903010033444816
6 0.3093645484949833 0.2993311036789298 0.205685618729097 0.2525083612040134
6 0.2709030100334448 0.6237458193979933 0.22073578595317725 0.21237458193979933
6 0.9013377926421404 0.6822742474916388 0.19230769230769232 0.225752508361204
6 0.6806020066889632 0.7224080267558528 0.24581939799331104 0.22073578595317725
6 0.7107023411371237 0.15719063545150502 0.2508361204013378 0.20903010033444816
6 0.46153846153846156 0.1605351170568562 0.205685618729097 0.22909698996655517
6 0.8762541806020067 0.28595317725752506 0.22073578595317725 0.22909698996655517
6 0.44648829431438125 0.81438127090301 0.2408026755852843 0.21237458193979933
6 0.10535117056856187 0.2842809364548495 0.21070234113712374 0.23076923076923078