5 0.8177257525083612 0.7692307692307693 0.051839464882943144 0.07023411371237458
6 0.8645484949832776 0.02508361204013378 0.26421404682274247 0.05016722408026756
5 0.9431438127090301 0.38127090301003347 0.10702341137123746 0.10869565217391304
2 0.48494983277591974 0.4882943143812709 0.34615384615384615 0.32441471571906355
6 0.4280936454849498 0.08695652173913043 0.25418060200668896 0.17391304347826086
6 0.18561872909698995 0.05351170568561873 0.2508361204013378 0.10702341137123746
6 0.9347826086956522 0.6120401337792643 0.12709030100334448 0.22240802675585283
6 0.459866220735786 0.9414715719063546 0.2809364548494983 0.11705685618729098
6 0.9163879598662207 0.919732441471572 0.1605351170568562 0.1605351170568562
6 0.24414715719063546 0.5418060200668896 0.22240802675585283 0.27591973244147155
6 0.07859531772575251 0.459866220735786 0.15551839464882944 0.2508361204013378
6 0.6688963210702341 0.8862876254180602 0.2408026755852843 0.22240802675585283
6 0.28762541806020064 0.7959866220735786 0.2491638795986622 0.225752508361204
6 0.8043478260869565 0.4080267558528428 0.23745819397993312 0.225752508361204
6 0.6488294314381271 0.11538461538461539 0.2709030100334448 0.22909698996655517
6 0.10535117056856187 0.23244147157190637 0.21070234113712374 0.225752508361204
6 0.11371237458193979 0.9080267558528428 0.225752508361204 0.18394648829431437
6 0.7190635451505016 0.6086956521739131 0.25752508361204013 0.25418060200668896
5 0.14046822742474915 0.23411371237458195 0.09698996655518395 0.10869565217391304