2 0.5033444816053512 0.49665551839464883 0.34448160535117056 0.342809364548495
5 0.5618729096989966 0.03177257525083612 0.08193979933110368 0.061872909698996656
6 0.9515050167224081 0.9448160535117057 0.09197324414715718 0.11036789297658862
6 0.16722408026755853 0.9782608695652174 0.2709030100334448 0.043478260869565216
6 0.08193979933110368 0.026755852842809364 0.16387959866220736 0.05351170568561873
6 0.7023411371237458 0.05016722408026756 0.2140468227424749 0.10033444816053512
6 0.9481605351170569 0.28929765886287623 0.09698996655518395 0.22073578595317725
5 0.5100334448160535 0.07023411371237458 0.06354515050167224 0.06354515050167224
6 0.568561872909699 0.9381270903010034 0.2408026755852843 0.12374581939799331
6 0.4230769230769231 0.7474916387959866 0.24247491638795987 0.2040133779264214
6 0.8979933110367893 0.07692307692307693 0.19732441471571907 0.15384615384615385
6 0.12040133779264214 0.8494983277591973 0.23578595317725753 0.23411371237458195
6 0.07692307692307693 0.5418060200668896 0.15384615384615385 0.2508361204013378
6 0.26755852842809363 0.6705685618729097 0.225752508361204 0.25585284280936454
6 0.6605351170568562 0.7558528428093646 0.22742474916387959 0.22909698996655517
6 0.6187290969899666 0.2508361204013378 0.2157190635451505 0.22073578595317725
6 0.19063545150501673 0.3511705685618729 0.2792642140468227 0.205685618729097
6 0.09364548494983277 0.1705685618729097 0.18561872909698995 0.23076923076923078
6 0.8127090301003345 0.8913043478260869 0.2408026755852843 0.21739130434782608
6 0.8193979933110368 0.4096989966555184 0.22742474916387959 0.23745819397993312