6 0.9732441471571907 0.657190635451505 0.05351170568561873 0.23411371237458195
2 0.49498327759197325 0.5033444816053512 0.34448160535117056 0.3695652173913043
6 0.023411371237458192 0.40635451505016723 0.046822742474916385 0.23411371237458195
6 0.1939799331103679 0.048494983277591976 0.2508361204013378 0.09698996655518395
6 0.6538461538461539 0.20066889632107024 0.26421404682274247 0.2491638795986622
6 0.8277591973244147 0.9565217391304348 0.24581939799331104 0.08528428093645485
6 0.9080267558528428 0.5468227424749164 0.17892976588628762 0.24581939799331104
6 0.5468227424749164 0.9331103678929766 0.23411371237458195 0.13210702341137123
6 0.7408026755852842 0.5434782608695652 0.18561872909698995 0.2625418060200669
6 0.16387959866220736 0.8979933110367893 0.2608695652173913 0.2040133779264214
6 0.11204013377926421 0.5501672240802675 0.22408026755852842 0.23745819397993312
6 0.8461538461538461 0.33277591973244147 0.23411371237458195 0.23411371237458195
6 0.3411371237458194 0.2140468227424749 0.22240802675585283 0.22909698996655517
6 0.8127090301003345 0.782608695652174 0.23578595317725753 0.225752508361204
6 0.1020066889632107 0.225752508361204 0.20234113712374582 0.23745819397993312
6 0.2993311036789298 0.7240802675585284 0.23411371237458195 0.23076923076923078