6 0.046822742474916385 0.3411371237458194 0.09197324414715718 0.22073578595317725
6 0.10033444816053512 0.9866220735785953 0.20066889632107024 0.026755852842809364
6 0.9431438127090301 0.06688963210702341 0.11371237458193979 0.13377926421404682
6 0.016722408026755852 0.9214046822742475 0.033444816053511704 0.15719063545150502
6 0.7842809364548495 0.030100334448160536 0.23076923076923078 0.06020066889632107
6 0.4916387959866221 0.19063545150501673 0.1956521739130435 0.18729096989966554
2 0.5 0.4983277591973244 0.2959866220735786 0.2809364548494983
6 0.06354515050167224 0.5668896321070234 0.12709030100334448 0.2909698996655518
6 0.7608695652173914 0.5484949832775919 0.21070234113712374 0.3210702341137124
6 0.657190635451505 0.9347826086956522 0.21906354515050167 0.13043478260869565
6 0.8979933110367893 0.8929765886287625 0.19732441471571907 0.21237458193979933
6 0.14381270903010032 0.020066889632107024 0.22240802675585283 0.04013377926421405
6 0.27591973244147155 0.9632107023411371 0.23745819397993312 0.07357859531772576
6 0.5351170568561873 0.7140468227424749 0.2608695652173913 0.205685618729097
6 0.24414715719063546 0.34615384615384615 0.20066889632107024 0.20234113712374582
5 0.1354515050167224 0.9531772575250836 0.07190635451505016 0.07859531772575251
6 0.9080267558528428 0.6755852842809364 0.17892976588628762 0.2709030100334448
6 0.28762541806020064 0.5936454849498328 0.22073578595317725 0.22909698996655517
6 0.7240802675585284 0.0903010033444816 0.24247491638795987 0.17892976588628762
6 0.8745819397993311 0.36454849498327757 0.22240802675585283 0.20234113712374582
6 0.07525083612040134 0.16555183946488294 0.1505016722408027 0.22073578595317725
6 0.2725752508361204 0.0903010033444816 0.21739130434782608 0.17892976588628762
6 0.4682274247491639 0.8879598662207357 0.24749163879598662 0.20066889632107024
6 0.5518394648829431 0.22742474916387959 0.1956521739130435 0.21070234113712374
6 0.6538461538461539 0.2792642140468227 0.2391304347826087 0.2508361204013378
6 0.8913043478260869 0.1505016722408027 0.21739130434782608 0.18561872909698995
6 0.17224080267558528 0.31438127090301005 0.17725752508361203 0.1939799331103679