6 0.7642140468227425 0.6153846153846154 0.22742474916387959 0.17391304347826086
5 0.6220735785953178 0.6755852842809364 0.06688963210702341 0.06688963210702341
6 0.9581939799331104 0.8645484949832776 0.08361204013377926 0.21739130434782608
2 0.5 0.4983277591973244 0.40635451505016723 0.4180602006688963
6 0.08361204013377926 0.9698996655518395 0.16722408026755853 0.06020066889632107
6 0.2959866220735786 0.9481605351170569 0.2909698996655518 0.10367892976588629
5 0.14381270903010032 0.38294314381270905 0.09531772575250837 0.10033444816053512
6 0.056856187290969896 0.7441471571906354 0.11371237458193979 0.2525083612040134
6 0.8561872909698997 0.959866220735786 0.24749163879598662 0.0802675585284281
6 0.7558528428093646 0.09197324414715718 0.2508361204013378 0.18394648829431437
6 0.14214046822742474 0.07190635451505016 0.26421404682274247 0.14381270903010032
6 0.7023411371237458 0.3060200668896321 0.24247491638795987 0.19899665551839466
6 0.1020066889632107 0.22909698996655517 0.20234113712374582 0.21739130434782608
6 0.8327759197324415 0.8093645484949833 0.2525083612040134 0.23745819397993312
6 0.862876254180602 0.4531772575250836 0.26421404682274247 0.2408026755852843
6 0.15217391304347827 0.8645484949832776 0.29264214046822745 0.20903010033444816
6 0.9214046822742475 0.21739130434782608 0.1505016722408027 0.2525083612040134
6 0.5668896321070234 0.16722408026755853 0.26755852842809363 0.22408026755852842
6 0.06688963210702341 0.48327759197324416 0.13210702341137123 0.23411371237458195