6 0.6839464882943144 0.6187290969899666 0.17892976588628762 0.20066889632107024
6 0.17391304347826086 0.9163879598662207 0.225752508361204 0.16555183946488294
6 0.9548494983277592 0.9063545150501672 0.08361204013377926 0.18729096989966554
6 0.6505016722408027 0.03511705685618729 0.21070234113712374 0.06856187290969899
6 0.7491638795986622 0.5936454849498328 0.2709030100334448 0.24581939799331104
2 0.49665551839464883 0.49665551839464883 0.3277591973244147 0.2976588628762542
6 0.10033444816053512 0.939799331103679 0.20066889632107024 0.11872909698996656
6 0.8745819397993311 0.03177257525083612 0.23411371237458195 0.061872909698996656
6 0.8010033444816054 0.4297658862876254 0.24749163879598662 0.22073578595317725
6 0.06856187290969899 0.7759197324414716 0.1354515050167224 0.22408026755852842
6 0.9381270903010034 0.3311036789297659 0.12040133779264214 0.19899665551839466
6 0.20234113712374582 0.38127090301003347 0.2391304347826087 0.1956521739130435
6 0.12374581939799331 0.5702341137123745 0.225752508361204 0.2040133779264214
6 0.45484949832775917 0.7140468227424749 0.2157190635451505 0.18394648829431437
6 0.2591973244147157 0.7240802675585284 0.19732441471571907 0.20234113712374582