6 0.048494983277591976 0.11705685618729098 0.09698996655518395 0.20066889632107024
6 0.6889632107023411 0.020066889632107024 0.20234113712374582 0.04013377926421405
6 0.12709030100334448 0.4180602006688963 0.24414715719063546 0.2792642140468227
2 0.5 0.49665551839464883 0.3394648829431438 0.31438127090301005
6 0.6187290969899666 0.23411371237458195 0.25418060200668896 0.24247491638795987
6 0.22742474916387959 0.033444816053511704 0.2491638795986622 0.06521739130434782
6 0.9581939799331104 0.06521739130434782 0.07692307692307693 0.13043478260869565
6 0.6806020066889632 0.9448160535117057 0.2792642140468227 0.11036789297658862
6 0.41471571906354515 0.9481605351170569 0.23244147157190637 0.10367892976588629
6 0.11036789297658862 0.16220735785953178 0.2157190635451505 0.22240802675585283
6 0.07859531772575251 0.4816053511705686 0.15719063545150502 0.21237458193979933
6 0.7859531772575251 0.0802675585284281 0.2491638795986622 0.1588628762541806
6 0.8996655518394648 0.48494983277591974 0.1939799331103679 0.21237458193979933
6 0.568561872909699 0.13043478260869565 0.2140468227424749 0.23244147157190637
6 0.27591973244147155 0.8444816053511706 0.225752508361204 0.23578595317725753
6 0.8795986622073578 0.8963210702341137 0.21906354515050167 0.205685618729097
6 0.8779264214046822 0.677257525083612 0.23745819397993312 0.2508361204013378
6 0.1020066889632107 0.9046822742474916 0.2040133779264214 0.19063545150501673
6 0.8311036789297659 0.2625418060200669 0.22909698996655517 0.2508361204013378
6 0.451505016722408 0.7391304347826086 0.225752508361204 0.2391304347826087
6 0.3394648829431438 0.14046822742474915 0.24414715719063546 0.23076923076923078
6 0.26421404682274247 0.6204013377926422 0.22909698996655517 0.22240802675585283
6 0.6655518394648829 0.7725752508361204 0.23745819397993312 0.2391304347826087