6 0.9615384615384616 0.07023411371237458 0.07190635451505016 0.14046822742474915
6 0.15217391304347827 0.8076923076923077 0.20234113712374582 0.225752508361204
2 0.5033444816053512 0.5050167224080268 0.33612040133779264 0.33444816053511706
6 0.40468227424749165 0.9682274247491639 0.21070234113712374 0.06354515050167224
6 0.9113712374581939 0.9364548494983278 0.17224080267558528 0.12709030100334448
6 0.08528428093645485 0.3377926421404682 0.1705685618729097 0.20735785953177258
6 0.2826086956521739 0.06020066889632107 0.24414715719063546 0.12040133779264214
6 0.7240802675585284 0.05351170568561873 0.2709030100334448 0.10702341137123746
6 0.9130434782608695 0.3076923076923077 0.1705685618729097 0.17892976588628762
6 0.06521739130434782 0.9230769230769231 0.13043478260869565 0.15384615384615385
6 0.9247491638795987 0.47157190635451507 0.1454849498327759 0.20903010033444816
6 0.0802675585284281 0.08193979933110368 0.1605351170568562 0.16220735785953178
6 0.5167224080267558 0.09531772575250837 0.23076923076923078 0.19063545150501673
6 0.12207357859531773 0.6672240802675585 0.24414715719063546 0.1956521739130435
6 0.2408026755852843 0.2140468227424749 0.19732441471571907 0.18227424749163879
6 0.7140468227424749 0.8979933110367893 0.2508361204013378 0.2040133779264214
6 0.0802675585284281 0.46153846153846156 0.1605351170568562 0.22909698996655517
6 0.431438127090301 0.26755852842809363 0.23578595317725753 0.19899665551839466
6 0.9230769230769231 0.7591973244147158 0.14715719063545152 0.23411371237458195