6 0.4013377926421405 0.9866220735785953 0.22742474916387959 0.026755852842809364
2 0.49498327759197325 0.4983277591973244 0.4498327759197324 0.2976588628762542
6 0.06020066889632107 0.01839464882943144 0.11872909698996656 0.03678929765886288
6 0.026755852842809364 0.451505016722408 0.05351170568561873 0.22408026755852842
6 0.9565217391304348 0.048494983277591976 0.08193979933110368 0.09698996655518395
6 0.41471571906354515 0.026755852842809364 0.24749163879598662 0.05351170568561873
6 0.8127090301003345 0.9782608695652174 0.23076923076923078 0.043478260869565216
6 0.3110367892976589 0.6889632107023411 0.23411371237458195 0.23076923076923078
6 0.9448160535117057 0.42642140468227424 0.11036789297658862 0.26755852842809363
6 0.7775919732441472 0.05351170568561873 0.22742474916387959 0.10702341137123746
6 0.6020066889632107 0.9297658862876255 0.23578595317725753 0.14046822742474915
6 0.4682274247491639 0.7525083612040134 0.20903010033444816 0.2591973244147157
6 0.24247491638795987 0.9046822742474916 0.24749163879598662 0.19063545150501673
6 0.7725752508361204 0.39297658862876256 0.22742474916387959 0.2157190635451505
6 0.19732441471571907 0.0903010033444816 0.2391304347826087 0.17892976588628762
6 0.1020066889632107 0.745819397993311 0.20234113712374582 0.25585284280936454
6 0.8862876254180602 0.8377926421404682 0.22240802675585283 0.22073578595317725
6 0.20903010033444816 0.40468227424749165 0.25585284280936454 0.24749163879598662
6 0.3979933110367893 0.16722408026755853 0.22073578595317725 0.2491638795986622
6 0.6889632107023411 0.7508361204013378 0.24581939799331104 0.23411371237458195
6 0.6036789297658863 0.11371237458193979 0.23578595317725753 0.225752508361204
6 0.9080267558528428 0.18227424749163879 0.17892976588628762 0.23076923076923078
6 0.8712374581939799 0.6120401337792643 0.24247491638795987 0.22073578595317725