6 0.979933110367893 0.8545150501672241 0.038461538461538464 0.2040133779264214
6 0.021739130434782608 0.7909698996655519 0.043478260869565216 0.22909698996655517
6 0.23578595317725753 0.9866220735785953 0.23745819397993312 0.026755852842809364
6 0.931438127090301 0.9749163879598662 0.1354515050167224 0.05016722408026756
6 0.12709030100334448 0.03511705685618729 0.23076923076923078 0.06856187290969899
6 0.3494983277591973 0.028428093645484948 0.2508361204013378 0.056856187290969896
6 0.9448160535117057 0.10367892976588629 0.10702341137123746 0.205685618729097
2 0.4882943143812709 0.5 0.34448160535117056 0.3394648829431438
6 0.45484949832775917 0.931438127090301 0.24414715719063546 0.1354515050167224
6 0.6755852842809364 0.6839464882943144 0.22240802675585283 0.22909698996655517
6 0.08862876254180602 0.46321070234113715 0.17725752508361203 0.2508361204013378
6 0.7107023411371237 0.9147157190635451 0.2508361204013378 0.1705685618729097
6 0.11036789297658862 0.8946488294314381 0.22073578595317725 0.2040133779264214
6 0.10869565217391304 0.2792642140468227 0.21739130434782608 0.27759197324414714
6 0.7809364548494984 0.4682274247491639 0.22742474916387959 0.22073578595317725
6 0.6906354515050167 0.22909698996655517 0.2391304347826087 0.23745819397993312
6 0.2408026755852843 0.6672240802675585 0.22742474916387959 0.21237458193979933