6 0.015050167224080268 0.6822742474916388 0.030100334448160536 0.2140468227424749
6 0.9765886287625418 0.6906354515050167 0.046822742474916385 0.225752508361204
2 0.5066889632107023 0.49665551839464883 0.2976588628762542 0.31438127090301005
6 0.9381270903010034 0.9698996655518395 0.12374581939799331 0.06020066889632107
6 0.5317725752508361 0.9782608695652174 0.21906354515050167 0.04180602006688963
6 0.048494983277591976 0.16387959866220736 0.09698996655518395 0.22408026755852842
6 0.754180602006689 0.9548494983277592 0.20903010033444816 0.0903010033444816
5 0.9264214046822743 0.09531772575250837 0.11371237458193979 0.11371237458193979
5 0.20903010033444816 0.31605351170568563 0.11371237458193979 0.0903010033444816
6 0.30267558528428096 0.4080267558528428 0.23411371237458195 0.22073578595317725
6 0.7775919732441472 0.7307692307692307 0.2391304347826087 0.21906354515050167
6 0.1020066889632107 0.9214046822742475 0.20234113712374582 0.15719063545150502
6 0.33277591973244147 0.862876254180602 0.24414715719063546 0.22073578595317725
6 0.9163879598662207 0.2508361204013378 0.16387959866220736 0.20903010033444816
6 0.8812709030100334 0.520066889632107 0.22742474916387959 0.22408026755852842
6 0.0802675585284281 0.3879598662207358 0.1605351170568562 0.22073578595317725
6 0.5652173913043478 0.8060200668896321 0.25752508361204013 0.2625418060200669
6 0.31270903010033446 0.19899665551839466 0.2709030100334448 0.23745819397993312
6 0.31605351170568563 0.6672240802675585 0.22073578595317725 0.20903010033444816
6 0.7575250836120402 0.11705685618729098 0.24247491638795987 0.23411371237458195