6 0.9364548494983278 0.011705685618729096 0.12709030100334448 0.023411371237458192
4 0.46153846153846156 0.06856187290969899 0.3528428093645485 0.13712374581939799
6 0.08193979933110368 0.021739130434782608 0.16387959866220736 0.043478260869565216
6 0.2792642140468227 0.7625418060200669 0.2525083612040134 0.2040133779264214
6 0.3695652173913043 0.9832775919732442 0.22742474916387959 0.033444816053511704
6 0.6538461538461539 0.9732441471571907 0.22240802675585283 0.05351170568561873
6 0.056856187290969896 0.6672240802675585 0.11371237458193979 0.2842809364548495
6 0.725752508361204 0.06688963210702341 0.2140468227424749 0.13210702341137123
2 0.5033444816053512 0.49665551839464883 0.3695652173913043 0.3896321070234114
6 0.9180602006688964 0.9632107023411371 0.15719063545150502 0.07357859531772576
6 0.9464882943143813 0.32274247491638797 0.10702341137123746 0.21237458193979933
6 0.7157190635451505 0.15384615384615385 0.225752508361204 0.1956521739130435
6 0.2976588628762542 0.6555183946488294 0.2391304347826087 0.19899665551839466
6 0.18227424749163879 0.07859531772575251 0.22742474916387959 0.15551839464882944
6 0.13712374581939799 0.9180602006688964 0.23076923076923078 0.16220735785953178
6 0.9063545150501672 0.5936454849498328 0.1806020066889632 0.22909698996655517
6 0.7892976588628763 0.391304347826087 0.21739130434782608 0.22073578595317725
6 0.903010033444816 0.13712374581939799 0.18896321070234115 0.22909698996655517
6 0.08193979933110368 0.22073578595317725 0.16387959866220736 0.20903010033444816
6 0.20735785953177258 0.3896321070234114 0.2525083612040134 0.21906354515050167
6 0.5183946488294314 0.8093645484949833 0.24247491638795987 0.21237458193979933
6 0.7107023411371237 0.677257525083612 0.23411371237458195 0.23411371237458195