6 0.9732441471571907 0.9147157190635451 0.05351170568561873 0.1705685618729097
6 0.033444816053511704 0.637123745819398 0.06688963210702341 0.24581939799331104
2 0.5 0.4983277591973244 0.3612040133779264 0.41471571906354515
6 0.043478260869565216 0.8561872909698997 0.08528428093645485 0.23411371237458195
6 0.9414715719063546 0.16387959866220736 0.11705685618729098 0.3277591973244147
6 0.6822742474916388 0.9682274247491639 0.26421404682274247 0.06354515050167224
6 0.12040133779264214 0.959866220735786 0.23411371237458195 0.0802675585284281
6 0.9247491638795987 0.7525083612040134 0.1454849498327759 0.21906354515050167
6 0.3695652173913043 0.9180602006688964 0.2725752508361204 0.16220735785953178
6 0.08193979933110368 0.21906354515050167 0.16387959866220736 0.2625418060200669
6 0.5434782608695652 0.1939799331103679 0.22073578595317725 0.21739130434782608
6 0.20903010033444816 0.6270903010033445 0.2826086956521739 0.18394648829431437
6 0.8946488294314381 0.48327759197324416 0.205685618729097 0.2993311036789298
6 0.7474916387959866 0.32441471571906355 0.2391304347826087 0.2040133779264214
6 0.6889632107023411 0.7240802675585284 0.23411371237458195 0.2157190635451505
6 0.11872909698996656 0.459866220735786 0.23578595317725753 0.225752508361204
6 0.1939799331103679 0.8294314381270903 0.2508361204013378 0.225752508361204
6 0.2976588628762542 0.32608695652173914 0.24247491638795987 0.2408026755852843
6 0.7642140468227425 0.10702341137123746 0.2508361204013378 0.2140468227424749