6 0.9832775919732442 0.11204013377926421 0.033444816053511704 0.2040133779264214
6 0.24414715719063546 0.028428093645484948 0.26755852842809363 0.056856187290969896
6 0.02508361204013378 0.44481605351170567 0.05016722408026756 0.22909698996655517
6 0.9648829431438127 0.5083612040133779 0.07023411371237458 0.23411371237458195
6 0.24581939799331104 0.08695652173913043 0.26421404682274247 0.17391304347826086
2 0.5016722408026756 0.49665551839464883 0.3093645484949833 0.3110367892976589
6 0.04013377926421405 0.8093645484949833 0.0802675585284281 0.2140468227424749
6 0.08361204013377926 0.9498327759197325 0.16722408026755853 0.09364548494983277
6 0.8779264214046822 0.6521739130434783 0.21070234113712374 0.21906354515050167
6 0.25585284280936454 0.27759197324414714 0.21739130434782608 0.20903010033444816
6 0.842809364548495 0.4280936454849498 0.225752508361204 0.23076923076923078
6 0.7023411371237458 0.10702341137123746 0.22073578595317725 0.2140468227424749
6 0.19063545150501673 0.8394648829431438 0.22742474916387959 0.2391304347826087
6 0.07859531772575251 0.21070234113712374 0.15551839464882944 0.2408026755852843
6 0.31605351170568563 0.6588628762541806 0.23578595317725753 0.225752508361204
6 0.46321070234113715 0.23578595317725753 0.23076923076923078 0.24581939799331104