2 0.5050167224080268 0.5 0.4197324414715719 0.4214046822742475
6 0.023411371237458192 0.2826086956521739 0.046822742474916385 0.23411371237458195
6 0.9682274247491639 0.38461538461538464 0.06354515050167224 0.25585284280936454
6 0.08361204013377926 0.9715719063545151 0.16555183946488294 0.056856187290969896
6 0.8795986622073578 0.9464882943143813 0.23578595317725753 0.10702341137123746
6 0.24247491638795987 0.056856187290969896 0.23578595317725753 0.11204013377926421
6 0.07357859531772576 0.09197324414715718 0.14715719063545152 0.18394648829431437
6 0.26755852842809363 0.6755852842809364 0.24749163879598662 0.2709030100334448
6 0.0802675585284281 0.7441471571906354 0.1605351170568562 0.2157190635451505
6 0.7123745819397993 0.7508361204013378 0.2591973244147157 0.28929765886287623
6 0.8929765886287625 0.5953177257525084 0.20903010033444816 0.2491638795986622
6 0.560200668896321 0.882943143812709 0.2525083612040134 0.23411371237458195
6 0.7324414715719063 0.2525083612040134 0.26421404682274247 0.24247491638795987
6 0.25418060200668896 0.32274247491638797 0.2809364548494983 0.26755852842809363
6 0.2976588628762542 0.8662207357859532 0.25585284280936454 0.22909698996655517