6 0.9347826086956522 0.013377926421404682 0.13043478260869565 0.026755852842809364
6 0.5869565217391305 0.03177257525083612 0.30267558528428096 0.061872909698996656
6 0.745819397993311 0.2591973244147157 0.225752508361204 0.22073578595317725
6 0.07692307692307693 0.9214046822742475 0.15384615384615385 0.15719063545150502
2 0.5 0.5167224080267558 0.2993311036789298 0.3277591973244147
6 0.2591973244147157 0.9615384615384616 0.23076923076923078 0.07692307692307693
6 0.1020066889632107 0.6387959866220736 0.20234113712374582 0.22073578595317725
6 0.28595317725752506 0.11872909698996656 0.28929765886287623 0.22909698996655517
6 0.7006688963210702 0.9381270903010034 0.25752508361204013 0.12374581939799331
6 0.9280936454849499 0.717391304347826 0.13879598662207357 0.2391304347826087
6 0.6120401337792643 0.7290969899665551 0.25752508361204013 0.2157190635451505
6 0.8862876254180602 0.13043478260869565 0.22073578595317725 0.2608695652173913
6 0.4397993311036789 0.8879598662207357 0.2391304347826087 0.22408026755852842
6 0.5468227424749164 0.18227424749163879 0.22742474916387959 0.225752508361204
6 0.18729096989966554 0.36789297658862874 0.24247491638795987 0.2391304347826087