5 0.7508361204013378 0.6739130434782609 0.046822742474916385 0.051839464882943144
6 0.8311036789297659 0.06688963210702341 0.23411371237458195 0.13210702341137123
6 0.048494983277591976 0.27591973244147155 0.09698996655518395 0.2709030100334448
6 0.15384615384615385 0.979933110367893 0.1939799331103679 0.038461538461538464
5 0.22240802675585283 0.6789297658862876 0.07190635451505016 0.0802675585284281
2 0.5033444816053512 0.5033444816053512 0.3494983277591973 0.38294314381270905
6 0.24749163879598662 0.03177257525083612 0.24581939799331104 0.061872909698996656
5 0.03678929765886288 0.7608695652173914 0.07357859531772576 0.08361204013377926
5 0.14214046822742474 0.5468227424749164 0.08361204013377926 0.0802675585284281
6 0.9230769230769231 0.9498327759197325 0.14715719063545152 0.10033444816053512
6 0.9130434782608695 0.056856187290969896 0.16722408026755853 0.11204013377926421
6 0.26421404682274247 0.540133779264214 0.20066889632107024 0.23076923076923078
6 0.5785953177257525 0.9531772575250836 0.225752508361204 0.09364548494983277
6 0.9431438127090301 0.7876254180602007 0.11371237458193979 0.22073578595317725
6 0.46153846153846156 0.822742474916388 0.1956521739130435 0.22909698996655517
6 0.6204013377926422 0.061872909698996656 0.19063545150501673 0.12374581939799331
6 0.9063545150501672 0.29431438127090304 0.1806020066889632 0.2157190635451505
6 0.7408026755852842 0.9096989966555183 0.26421404682274247 0.17892976588628762
6 0.13377926421404682 0.8595317725752508 0.20066889632107024 0.2040133779264214
6 0.6204013377926422 0.745819397993311 0.28595317725752506 0.21906354515050167
6 0.3060200668896321 0.9147157190635451 0.21070234113712374 0.1705685618729097
6 0.38127090301003347 0.24414715719063546 0.22240802675585283 0.205685618729097
6 0.8578595317725752 0.5903010033444817 0.23578595317725753 0.225752508361204
6 0.1354515050167224 0.35618729096989965 0.2391304347826087 0.22073578595317725
6 0.745819397993311 0.40468227424749165 0.20903010033444816 0.2040133779264214
6 0.6722408026755853 0.20903010033444816 0.22240802675585283 0.2157190635451505