6 0.9765886287625418 0.822742474916388 0.046822742474916385 0.24247491638795987
6 0.6404682274247492 0.9832775919732442 0.2709030100334448 0.033444816053511704
6 0.7976588628762542 0.31605351170568563 0.22240802675585283 0.22909698996655517
6 0.8712374581939799 0.011705685618729096 0.22240802675585283 0.021739130434782608
6 0.015050167224080268 0.9264214046822743 0.030100334448160536 0.14715719063545152
6 0.34615384615384615 0.2525083612040134 0.2608695652173913 0.2491638795986622
6 0.7023411371237458 0.9749163879598662 0.26755852842809363 0.05016722408026756
6 0.6839464882943144 0.2792642140468227 0.23076923076923078 0.2842809364548495
6 0.030100334448160536 0.28595317725752506 0.06020066889632107 0.22909698996655517
6 0.9214046822742475 0.979933110367893 0.1505016722408027 0.038461538461538464
2 0.49665551839464883 0.5033444816053512 0.34615384615384615 0.33612040133779264
6 0.8996655518394648 0.931438127090301 0.1956521739130435 0.13712374581939799
6 0.9431438127090301 0.2491638795986622 0.11371237458193979 0.2408026755852843
6 0.882943143812709 0.12709030100334448 0.22240802675585283 0.17725752508361203
6 0.5133779264214047 0.038461538461538464 0.2608695652173913 0.07692307692307693
6 0.479933110367893 0.18729096989966554 0.20066889632107024 0.23745819397993312
6 0.2842809364548495 0.13043478260869565 0.23076923076923078 0.23411371237458195
6 0.7491638795986622 0.5568561872909699 0.21739130434782608 0.24247491638795987
6 0.8193979933110368 0.7508361204013378 0.22742474916387959 0.20234113712374582
6 0.11872909698996656 0.08528428093645485 0.23745819397993312 0.1705685618729097
6 0.40301003344481606 0.8578595317725752 0.22742474916387959 0.23076923076923078
6 0.8979933110367893 0.47324414715719065 0.19732441471571907 0.2508361204013378
6 0.5351170568561873 0.8846153846153846 0.22240802675585283 0.22073578595317725
6 0.07357859531772576 0.7123745819397993 0.14715719063545152 0.23411371237458195
6 0.17725752508361203 0.8712374581939799 0.23578595317725753 0.23411371237458195
6 0.25418060200668896 0.6555183946488294 0.23076923076923078 0.225752508361204
6 0.11371237458193979 0.4782608695652174 0.22742474916387959 0.25585284280936454