6 0.8578595317725752 0.5033444816053512 0.22073578595317725 0.2591973244147157
6 0.06354515050167224 0.9765886287625418 0.12709030100334448 0.046822742474916385
6 0.0451505016722408 0.07859531772575251 0.0903010033444816 0.15551839464882944
5 0.20234113712374582 0.14715719063545152 0.056856187290969896 0.06354515050167224
6 0.026755852842809364 0.6454849498327759 0.05351170568561873 0.2625418060200669
6 0.4665551839464883 0.8996655518394648 0.21739130434782608 0.1956521739130435
6 0.9515050167224081 0.023411371237458192 0.09698996655518395 0.046822742474916385
6 0.27424749163879597 0.9581939799331104 0.22742474916387959 0.08361204013377926
6 0.4180602006688963 0.9464882943143813 0.26421404682274247 0.10702341137123746
2 0.5033444816053512 0.5033444816053512 0.3394648829431438 0.3110367892976589
6 0.06688963210702341 0.33444816053511706 0.13210702341137123 0.25585284280936454
6 0.8394648829431438 0.7207357859531772 0.2508361204013378 0.21906354515050167
6 0.17391304347826086 0.6137123745819398 0.2525083612040134 0.24581939799331104
6 0.6354515050167224 0.8277591973244147 0.24581939799331104 0.2625418060200669
6 0.580267558528428 0.16387959866220736 0.2508361204013378 0.22408026755852842
6 0.7090301003344481 0.33277591973244147 0.24247491638795987 0.22073578595317725
6 0.24247491638795987 0.5752508361204013 0.23076923076923078 0.22909698996655517
5 0.31605351170568563 0.6187290969899666 0.07692307692307693 0.06521739130434782