2 0.5016722408026756 0.4882943143812709 0.431438127090301 0.38294314381270905
6 0.01839464882943144 0.8678929765886287 0.03511705685618729 0.2040133779264214
6 0.34782608695652173 0.016722408026755852 0.23578595317725753 0.033444816053511704
6 0.08361204013377926 0.9715719063545151 0.16555183946488294 0.056856187290969896
6 0.705685618729097 0.36789297658862874 0.23411371237458195 0.25585284280936454
6 0.6672240802675585 0.05351170568561873 0.23411371237458195 0.10702341137123746
6 0.07357859531772576 0.24247491638795987 0.14715719063545152 0.23076923076923078
6 0.24749163879598662 0.6086956521739131 0.2391304347826087 0.2491638795986622
6 0.06856187290969899 0.6471571906354515 0.1354515050167224 0.22073578595317725
6 0.939799331103679 0.5434782608695652 0.11705685618729098 0.20903010033444816
6 0.6036789297658863 0.8929765886287625 0.21070234113712374 0.20903010033444816
6 0.9063545150501672 0.0903010033444816 0.18561872909698995 0.1806020066889632
6 0.3779264214046823 0.8327759197324415 0.2608695652173913 0.2591973244147157
6 0.12876254180602006 0.42474916387959866 0.22742474916387959 0.23076923076923078
6 0.48494983277591974 0.1705685618729097 0.20234113712374582 0.20903010033444816
6 0.3076923076923077 0.2709030100334448 0.2591973244147157 0.23076923076923078
6 0.8578595317725752 0.3177257525083612 0.24247491638795987 0.22742474916387959
6 0.7591973244147158 0.6605351170568562 0.25585284280936454 0.2408026755852843