2 0.5050167224080268 0.5 0.35618729096989965 0.411371237458194
6 0.9765886287625418 0.362876254180602 0.0451505016722408 0.23745819397993312
6 0.8846153846153846 0.08528428093645485 0.225752508361204 0.1705685618729097
6 0.5986622073578596 0.046822742474916385 0.2809364548494983 0.09364548494983277
6 0.046822742474916385 0.27424749163879597 0.09364548494983277 0.27759197324414714
6 0.8913043478260869 0.979933110367893 0.2140468227424749 0.038461538461538464
6 0.9515050167224081 0.8678929765886287 0.09197324414715718 0.2591973244147157
6 0.09197324414715718 0.7859531772575251 0.18227424749163879 0.28595317725752506
6 0.12709030100334448 0.08862876254180602 0.2525083612040134 0.17725752508361203
6 0.5903010033444817 0.19899665551839466 0.25752508361204013 0.2591973244147157
6 0.34615384615384615 0.0903010033444816 0.24581939799331104 0.1806020066889632
6 0.20234113712374582 0.9113712374581939 0.26421404682274247 0.17725752508361203
6 0.6889632107023411 0.9180602006688964 0.27759197324414714 0.16220735785953178
6 0.7976588628762542 0.205685618729097 0.23411371237458195 0.23411371237458195
6 0.6672240802675585 0.7290969899665551 0.225752508361204 0.2157190635451505
6 0.2140468227424749 0.3394648829431438 0.24581939799331104 0.2408026755852843
6 0.8210702341137124 0.5351170568561873 0.2525083612040134 0.24247491638795987
6 0.3076923076923077 0.7140468227424749 0.2809364548494983 0.2709030100334448