6 0.09197324414715718 0.5050167224080268 0.18227424749163879 0.3060200668896321
6 0.8411371237458194 0.9765886287625418 0.25585284280936454 0.046822742474916385
6 0.10869565217391304 0.3879598662207358 0.20903010033444816 0.20903010033444816
2 0.5016722408026756 0.5250836120401338 0.342809364548495 0.3745819397993311
6 0.9515050167224081 0.8879598662207357 0.09698996655518395 0.22408026755852842
6 0.6070234113712375 0.9698996655518395 0.24749163879598662 0.06020066889632107
6 0.9147157190635451 0.043478260869565216 0.1705685618729097 0.08695652173913043
6 0.07190635451505016 0.08862876254180602 0.14214046822742474 0.17725752508361203
6 0.27424749163879597 0.5250836120401338 0.20066889632107024 0.22909698996655517
6 0.7775919732441472 0.24749163879598662 0.26755852842809363 0.23745819397993312
6 0.5836120401337793 0.13043478260869565 0.225752508361204 0.22073578595317725
6 0.10869565217391304 0.9096989966555183 0.21739130434782608 0.17892976588628762
6 0.8127090301003345 0.4765886287625418 0.2591973244147157 0.23745819397993312
6 0.5117056856187291 0.8311036789297659 0.27424749163879597 0.2625418060200669