6 0.5150501672240803 0.028428093645484948 0.2408026755852843 0.056856187290969896
6 0.9147157190635451 0.6304347826086957 0.1705685618729097 0.22742474916387959
2 0.5 0.520066889632107 0.2993311036789298 0.2993311036789298
5 0.39297658862876256 0.36622073578595316 0.08193979933110368 0.08361204013377926
6 0.882943143812709 0.5050167224080268 0.22240802675585283 0.20234113712374582
6 0.4498327759197324 0.939799331103679 0.21739130434782608 0.11872909698996656
6 0.06354515050167224 0.4414715719063545 0.12709030100334448 0.22073578595317725
6 0.41638795986622074 0.15384615384615385 0.21906354515050167 0.2591973244147157
6 0.18394648829431437 0.21237458193979933 0.2391304347826087 0.20903010033444816
6 0.23745819397993312 0.5936454849498328 0.2591973244147157 0.27424749163879597
6 0.3010033444816054 0.8294314381270903 0.225752508361204 0.19899665551839466
6 0.09364548494983277 0.8762541806020067 0.18729096989966554 0.24749163879598662
6 0.9046822742474916 0.27591973244147155 0.18561872909698995 0.23076923076923078
6 0.6588628762541806 0.3076923076923077 0.23076923076923078 0.22909698996655517
6 0.6404682274247492 0.7140468227424749 0.24247491638795987 0.20903010033444816
6 0.8160535117056856 0.8361204013377926 0.24749163879598662 0.23411371237458195