6 0.8160535117056856 0.11705685618729098 0.21906354515050167 0.21906354515050167
6 0.07692307692307693 0.9732441471571907 0.15384615384615385 0.05351170568561873
6 0.3277591973244147 0.2809364548494983 0.21070234113712374 0.2040133779264214
6 0.038461538461538464 0.919732441471572 0.07692307692307693 0.1605351170568562
6 0.5066889632107023 0.9816053511705686 0.25752508361204013 0.03511705685618729
6 0.9615384615384616 0.1588628762541806 0.07190635451505016 0.2408026755852843
2 0.5 0.49665551839464883 0.3210702341137124 0.3093645484949833
6 0.2725752508361204 0.9464882943143813 0.25752508361204013 0.10702341137123746
6 0.225752508361204 0.03177257525083612 0.2591973244147157 0.061872909698996656
6 0.29431438127090304 0.8795986622073578 0.23411371237458195 0.2157190635451505
6 0.9464882943143813 0.39297658862876256 0.10702341137123746 0.25585284280936454
6 0.08193979933110368 0.7307692307692307 0.16387959866220736 0.21906354515050167
6 0.47157190635451507 0.07692307692307693 0.22073578595317725 0.15384615384615385
6 0.08528428093645485 0.6020066889632107 0.1705685618729097 0.2408026755852843
6 0.9264214046822743 0.822742474916388 0.14214046822742474 0.22408026755852842
6 0.26421404682274247 0.35785953177257523 0.20066889632107024 0.21739130434782608
6 0.7391304347826086 0.9214046822742475 0.23411371237458195 0.15719063545150502
6 0.4698996655518395 0.7775919732441472 0.20066889632107024 0.2625418060200669
6 0.5719063545150501 0.24749163879598662 0.2508361204013378 0.2157190635451505
6 0.7792642140468228 0.4816053511705686 0.2591973244147157 0.23745819397993312
6 0.81438127090301 0.21237458193979933 0.22742474916387959 0.2157190635451505
6 0.6906354515050167 0.725752508361204 0.225752508361204 0.23411371237458195
6 0.08361204013377926 0.36454849498327757 0.16722408026755853 0.23411371237458195