6 0.19063545150501673 0.011705685618729096 0.23411371237458195 0.021739130434782608
6 0.9765886287625418 0.28595317725752506 0.0451505016722408 0.1956521739130435
6 0.028428093645484948 0.3394648829431438 0.056856187290969896 0.23076923076923078
6 0.0451505016722408 0.03678929765886288 0.0903010033444816 0.07357859531772576
6 0.9548494983277592 0.09197324414715718 0.08862876254180602 0.18394648829431437
2 0.5016722408026756 0.4916387959866221 0.2909698996655518 0.2959866220735786
6 0.05351170568561873 0.9448160535117057 0.10702341137123746 0.11036789297658862
6 0.11036789297658862 0.7107023411371237 0.22073578595317725 0.21739130434782608
6 0.411371237458194 0.03678929765886288 0.23411371237458195 0.07357859531772576
6 0.8612040133779264 0.04013377926421405 0.22240802675585283 0.0802675585284281
6 0.42474916387959866 0.9464882943143813 0.23411371237458195 0.10702341137123746
6 0.7876254180602007 0.9531772575250836 0.19732441471571907 0.09364548494983277
6 0.06521739130434782 0.19899665551839466 0.13043478260869565 0.20903010033444816
6 0.12207357859531773 0.822742474916388 0.21070234113712374 0.20234113712374582
6 0.6321070234113713 0.06688963210702341 0.23578595317725753 0.13377926421404682
6 0.12876254180602006 0.4280936454849498 0.22073578595317725 0.1939799331103679
6 0.842809364548495 0.17725752508361203 0.24247491638795987 0.18729096989966554
6 0.27424749163879597 0.5568561872909699 0.20903010033444816 0.225752508361204
6 0.32441471571906355 0.34448160535117056 0.23411371237458195 0.20903010033444816
6 0.9046822742474916 0.8361204013377926 0.18394648829431437 0.21906354515050167
6 0.6103678929765887 0.8043478260869565 0.2157190635451505 0.24247491638795987
6 0.7324414715719063 0.5652173913043478 0.225752508361204 0.22073578595317725
6 0.36622073578595316 0.7625418060200669 0.22240802675585283 0.21237458193979933
6 0.7591973244147158 0.3595317725752508 0.225752508361204 0.20234113712374582