6 0.01839464882943144 0.5334448160535117 0.03511705685618729 0.2826086956521739
6 0.9749163879598662 0.07859531772575251 0.05016722408026756 0.15551839464882944
6 0.11538461538461539 0.9782608695652174 0.23076923076923078 0.043478260869565216
2 0.5 0.5050167224080268 0.3494983277591973 0.34448160535117056
6 0.7224080267558528 0.033444816053511704 0.26421404682274247 0.06521739130434782
6 0.056856187290969896 0.8327759197324415 0.11371237458193979 0.2809364548494983
6 0.7290969899665551 0.9431438127090301 0.26421404682274247 0.11371237458193979
6 0.205685618729097 0.07190635451505016 0.24414715719063546 0.14381270903010032
6 0.08862876254180602 0.25752508361204013 0.17725752508361203 0.27424749163879597
6 0.9230769230769231 0.6220735785953178 0.14715719063545152 0.2591973244147157
6 0.33277591973244147 0.6655518394648829 0.27424749163879597 0.21237458193979933
6 0.9013377926421404 0.26588628762541805 0.19732441471571907 0.2709030100334448
6 0.20066889632107024 0.8394648829431438 0.22742474916387959 0.2709030100334448
6 0.7341137123745819 0.5785953177257525 0.25418060200668896 0.2491638795986622
6 0.43812709030100333 0.9063545150501672 0.2525083612040134 0.18729096989966554
6 0.13377926421404682 0.5167224080267558 0.2608695652173913 0.27759197324414714
6 0.637123745819398 0.7993311036789298 0.24247491638795987 0.225752508361204
6 0.41304347826086957 0.11371237458193979 0.2608695652173913 0.22742474916387959
6 0.560200668896321 0.26421404682274247 0.27424749163879597 0.2040133779264214