2 0.5033444816053512 0.5167224080267558 0.3595317725752508 0.40468227424749165
6 0.9849498327759197 0.931438127090301 0.030100334448160536 0.13043478260869565
6 0.23076923076923078 0.011705685618729096 0.22240802675585283 0.021739130434782608
6 0.8862876254180602 0.011705685618729096 0.22742474916387959 0.023411371237458192
6 0.04013377926421405 0.8327759197324415 0.0802675585284281 0.20066889632107024
6 0.20234113712374582 0.9682274247491639 0.23076923076923078 0.06354515050167224
6 0.7842809364548495 0.9464882943143813 0.2709030100334448 0.10702341137123746
6 0.7491638795986622 0.6505016722408027 0.19732441471571907 0.20903010033444816
6 0.931438127090301 0.7642140468227425 0.13043478260869565 0.23411371237458195
6 0.12207357859531773 0.7157190635451505 0.20066889632107024 0.2040133779264214
6 0.17224080267558528 0.25585284280936454 0.25585284280936454 0.2040133779264214
6 0.09531772575250837 0.49331103678929766 0.19063545150501673 0.23076923076923078
6 0.09531772575250837 0.0903010033444816 0.18896321070234115 0.17892976588628762
6 0.33444816053511706 0.7424749163879598 0.225752508361204 0.22909698996655517
6 0.568561872909699 0.8394648829431438 0.26421404682274247 0.21906354515050167
6 0.6956521739130435 0.18561872909698995 0.20903010033444816 0.22909698996655517
6 0.4866220735785953 0.2157190635451505 0.22240802675585283 0.21237458193979933
6 0.3076923076923077 0.41638795986622074 0.20234113712374582 0.20903010033444816