6 0.03678929765886288 0.6956521739130435 0.07357859531772576 0.22742474916387959
6 0.9531772575250836 0.31605351170568563 0.08862876254180602 0.22909698996655517
6 0.6421404682274248 0.705685618729097 0.20735785953177258 0.19063545150501673
6 0.6488294314381271 0.013377926421404682 0.20735785953177258 0.026755852842809364
6 0.03511705685618729 0.10702341137123746 0.07023411371237458 0.2140468227424749
6 0.9163879598662207 0.10367892976588629 0.16722408026755853 0.205685618729097
6 0.056856187290969896 0.8595317725752508 0.11371237458193979 0.22073578595317725
6 0.7224080267558528 0.5735785953177257 0.22742474916387959 0.17892976588628762
2 0.5033444816053512 0.49665551839464883 0.31605351170568563 0.3177257525083612
6 0.3110367892976589 0.24749163879598662 0.24581939799331104 0.21237458193979933
6 0.10367892976588629 0.2809364548494983 0.20735785953177258 0.23578595317725753
6 0.225752508361204 0.4431438127090301 0.2391304347826087 0.2525083612040134
6 0.1605351170568562 0.9548494983277592 0.23244147157190637 0.08862876254180602
6 0.8210702341137124 0.4180602006688963 0.24749163879598662 0.2491638795986622
6 0.5568561872909699 0.7357859531772575 0.19732441471571907 0.2040133779264214
6 0.2140468227424749 0.04013377926421405 0.2608695652173913 0.0802675585284281
6 0.9280936454849499 0.8461538461538461 0.13879598662207357 0.225752508361204
6 0.06688963210702341 0.4866220735785953 0.13210702341137123 0.2040133779264214
6 0.5367892976588629 0.9280936454849499 0.26421404682274247 0.14381270903010032
6 0.7525083612040134 0.07859531772575251 0.19063545150501673 0.15551839464882944
6 0.3795986622073579 0.7692307692307693 0.2709030100334448 0.23745819397993312
6 0.8210702341137124 0.725752508361204 0.205685618729097 0.21237458193979933
6 0.5217391304347826 0.21070234113712374 0.225752508361204 0.22408026755852842