6 0.9849498327759197 0.7658862876254181 0.030100334448160536 0.20735785953177258
2 0.5 0.49665551839464883 0.35618729096989965 0.3612040133779264
6 0.9632107023411371 0.959866220735786 0.07023411371237458 0.0802675585284281
6 0.01839464882943144 0.5418060200668896 0.03511705685618729 0.21237458193979933
6 0.3511705685618729 0.9698996655518395 0.225752508361204 0.06020066889632107
6 0.11371237458193979 0.9698996655518395 0.22742474916387959 0.06020066889632107
6 0.9297658862876255 0.09197324414715718 0.13879598662207357 0.18394648829431437
5 0.39464882943143814 0.7157190635451505 0.07190635451505016 0.07190635451505016
6 0.2809364548494983 0.794314381270903 0.21070234113712374 0.24247491638795987
6 0.822742474916388 0.21739130434782608 0.24749163879598662 0.20903010033444816
6 0.49498327759197325 0.8361204013377926 0.22240802675585283 0.22909698996655517
6 0.7658862876254181 0.8946488294314381 0.21070234113712374 0.20903010033444816
6 0.8327759197324415 0.560200668896321 0.2591973244147157 0.22408026755852842
6 0.9046822742474916 0.3779264214046823 0.18394648829431437 0.22073578595317725
6 0.6672240802675585 0.7040133779264214 0.2591973244147157 0.22909698996655517
6 0.560200668896321 0.17725752508361203 0.22742474916387959 0.24581939799331104
6 0.3494983277591973 0.21237458193979933 0.21739130434782608 0.23076923076923078
6 0.1588628762541806 0.617056856187291 0.2408026755852843 0.2157190635451505