6 0.7959866220735786 0.580267558528428 0.18561872909698995 0.17391304347826086
6 0.9381270903010034 0.9832775919732442 0.11705685618729098 0.033444816053511704
6 0.021739130434782608 0.33444816053511706 0.043478260869565216 0.205685618729097
6 0.7642140468227425 0.9381270903010034 0.23076923076923078 0.12374581939799331
6 0.9364548494983278 0.27759197324414714 0.12207357859531773 0.19899665551839466
6 0.6287625418060201 0.27591973244147155 0.205685618729097 0.2157190635451505
2 0.5 0.5033444816053512 0.33444816053511706 0.342809364548495
6 0.3528428093645485 0.9648829431438127 0.25585284280936454 0.06856187290969899
6 0.9280936454849499 0.9096989966555183 0.13879598662207357 0.17391304347826086
6 0.8846153846153846 0.09531772575250837 0.21739130434782608 0.19063545150501673
6 0.7240802675585284 0.6321070234113713 0.20903010033444816 0.21906354515050167
6 0.2408026755852843 0.08862876254180602 0.24247491638795987 0.17725752508361203
6 0.6722408026755853 0.09364548494983277 0.22240802675585283 0.18729096989966554
6 0.7408026755852842 0.27591973244147155 0.20234113712374582 0.20903010033444816
6 0.1020066889632107 0.4414715719063545 0.20234113712374582 0.18394648829431437
6 0.24247491638795987 0.8528428093645485 0.19732441471571907 0.1956521739130435
6 0.08695652173913043 0.7307692307692307 0.17391304347826086 0.21070234113712374
6 0.6354515050167224 0.9080267558528428 0.24581939799331104 0.18227424749163879
6 0.4882943143812709 0.7625418060200669 0.20903010033444816 0.19230769230769232
6 0.9147157190635451 0.4498327759197324 0.16722408026755853 0.2040133779264214
6 0.08528428093645485 0.11872909698996656 0.1705685618729097 0.21739130434782608
6 0.8979933110367893 0.7190635451505016 0.19732441471571907 0.22073578595317725
6 0.32608695652173914 0.2842809364548495 0.2525083612040134 0.225752508361204
6 0.2909698996655518 0.6605351170568562 0.225752508361204 0.205685618729097
5 0.13377926421404682 0.5886287625418061 0.06020066889632107 0.061872909698996656