6 0.979933110367893 0.043478260869565216 0.038461538461538464 0.08695652173913043
6 0.1939799331103679 0.7859531772575251 0.27759197324414714 0.21906354515050167
6 0.2157190635451505 0.5936454849498328 0.225752508361204 0.21237458193979933
6 0.05016722408026756 0.6304347826086957 0.10033444816053512 0.23411371237458195
6 0.459866220735786 0.016722408026755852 0.23076923076923078 0.033444816053511704
2 0.49665551839464883 0.49665551839464883 0.3394648829431438 0.35785953177257523
6 0.26588628762541805 0.9481605351170569 0.26421404682274247 0.10367892976588629
6 0.6086956521739131 0.9498327759197325 0.27424749163879597 0.10033444816053512
6 0.6789297658862876 0.046822742474916385 0.2391304347826087 0.09364548494983277
6 0.8812709030100334 0.07859531772575251 0.21070234113712374 0.15551839464882944
6 0.13879598662207357 0.4882943143812709 0.22240802675585283 0.20903010033444816
6 0.22073578595317725 0.06521739130434782 0.24749163879598662 0.13043478260869565
6 0.8612040133779264 0.9130434782608695 0.2391304347826087 0.17391304347826086
6 0.09698996655518395 0.18896321070234115 0.1939799331103679 0.2157190635451505
6 0.8946488294314381 0.2959866220735786 0.205685618729097 0.2625418060200669
6 0.26421404682274247 0.2993311036789298 0.2391304347826087 0.22073578595317725
6 0.6872909698996655 0.7959866220735786 0.24749163879598662 0.22073578595317725
6 0.903010033444816 0.7240802675585284 0.18896321070234115 0.22909698996655517
6 0.6672240802675585 0.27424749163879597 0.26421404682274247 0.22408026755852842
6 0.7491638795986622 0.5836120401337793 0.23411371237458195 0.23076923076923078
6 0.44481605351170567 0.7709030100334449 0.2508361204013378 0.23076923076923078