6 0.1806020066889632 0.38127090301003347 0.2508361204013378 0.1939799331103679
6 0.05351170568561873 0.9665551839464883 0.10702341137123746 0.06688963210702341
6 0.046822742474916385 0.03511705685618729 0.09364548494983277 0.06856187290969899
2 0.5 0.5 0.3277591973244147 0.3612040133779264
5 0.030100334448160536 0.4916387959866221 0.06020066889632107 0.08528428093645485
6 0.048494983277591976 0.754180602006689 0.09698996655518395 0.225752508361204
6 0.18729096989966554 0.8177257525083612 0.23578595317725753 0.19899665551839466
6 0.41638795986622074 0.028428093645484948 0.24414715719063546 0.056856187290969896
6 0.7324414715719063 0.1605351170568562 0.2140468227424749 0.23411371237458195
6 0.9013377926421404 0.07692307692307693 0.19732441471571907 0.15384615384615385
6 0.19230769230769232 0.048494983277591976 0.23076923076923078 0.09698996655518395
6 0.42642140468227424 0.9096989966555183 0.28595317725752506 0.17892976588628762
6 0.8311036789297659 0.9013377926421404 0.2508361204013378 0.19732441471571907
6 0.16387959866220736 0.9080267558528428 0.22742474916387959 0.18394648829431437
6 0.12040133779264214 0.560200668896321 0.19230769230769232 0.23411371237458195
6 0.9013377926421404 0.4197324414715719 0.19230769230769232 0.2508361204013378
6 0.0903010033444816 0.34782608695652173 0.1806020066889632 0.205685618729097
6 0.8411371237458194 0.23076923076923078 0.21070234113712374 0.2040133779264214
6 0.9331103678929766 0.6555183946488294 0.12876254180602006 0.225752508361204
6 0.2792642140468227 0.5334448160535117 0.16387959866220736 0.205685618729097
6 0.7809364548494984 0.5484949832775919 0.205685618729097 0.19899665551839466
6 0.2591973244147157 0.20066889632107024 0.20234113712374582 0.2040133779264214
6 0.540133779264214 0.7525083612040134 0.20234113712374582 0.17892976588628762
6 0.7491638795986622 0.7357859531772575 0.2591973244147157 0.20903010033444816
6 0.09364548494983277 0.15719063545150502 0.18561872909698995 0.22073578595317725
6 0.3511705685618729 0.7324414715719063 0.20234113712374582 0.22073578595317725
6 0.7190635451505016 0.36789297658862874 0.21070234113712374 0.21237458193979933
6 0.4531772575250836 0.21906354515050167 0.225752508361204 0.22408026755852842