6 0.015050167224080268 0.6939799331103679 0.030100334448160536 0.22408026755852842
6 0.15719063545150502 0.020066889632107024 0.24247491638795987 0.038461538461538464
2 0.5083612040133779 0.5033444816053512 0.29431438127090304 0.29431438127090304
6 0.04013377926421405 0.0802675585284281 0.0802675585284281 0.1588628762541806
6 0.6555183946488294 0.9632107023411371 0.22742474916387959 0.07357859531772576
6 0.2909698996655518 0.05852842809364549 0.22742474916387959 0.11538461538461539
6 0.4414715719063545 0.959866220735786 0.205685618729097 0.0802675585284281
6 0.9515050167224081 0.68561872909699 0.09197324414715718 0.23745819397993312
6 0.7491638795986622 0.08361204013377926 0.20234113712374582 0.16555183946488294
6 0.2842809364548495 0.4080267558528428 0.23578595317725753 0.225752508361204
6 0.8327759197324415 0.9080267558528428 0.20066889632107024 0.18394648829431437
6 0.19063545150501673 0.5334448160535117 0.2140468227424749 0.21906354515050167
6 0.42642140468227424 0.23578595317725753 0.2140468227424749 0.21906354515050167
6 0.8678929765886287 0.24749163879598662 0.20903010033444816 0.22909698996655517
6 0.7909698996655519 0.7040133779264214 0.22240802675585283 0.205685618729097
6 0.14214046822742474 0.22742474916387959 0.23076923076923078 0.205685618729097
6 0.29431438127090304 0.8177257525083612 0.22240802675585283 0.22909698996655517
6 0.5652173913043478 0.725752508361204 0.24247491638795987 0.20066889632107024