6 0.09531772575250837 0.5551839464882943 0.19063545150501673 0.2408026755852843
2 0.49665551839464883 0.5016722408026756 0.39297658862876256 0.38127090301003347
6 0.03511705685618729 0.3528428093645485 0.07023411371237458 0.26421404682274247
6 0.05852842809364549 0.6354515050167224 0.11705685618729098 0.2391304347826087
6 0.5585284280936454 0.021739130434782608 0.26755852842809363 0.043478260869565216
6 0.5468227424749164 0.9665551839464883 0.27759197324414714 0.06688963210702341
6 0.22909698996655517 0.9431438127090301 0.29431438127090304 0.11371237458193979
6 0.9464882943143813 0.1705685618729097 0.10033444816053512 0.2157190635451505
6 0.26755852842809363 0.6806020066889632 0.24247491638795987 0.28762541806020064
6 0.8595317725752508 0.06354515050167224 0.23076923076923078 0.12709030100334448
6 0.3963210702341137 0.1956521739130435 0.2391304347826087 0.2491638795986622
6 0.8946488294314381 0.8946488294314381 0.205685618729097 0.20903010033444816
6 0.8344481605351171 0.3795986622073579 0.2525083612040134 0.23411371237458195
6 0.5066889632107023 0.8093645484949833 0.2525083612040134 0.2408026755852843
6 0.1956521739130435 0.32441471571906355 0.2525083612040134 0.2525083612040134
6 0.8645484949832776 0.6270903010033445 0.2508361204013378 0.24581939799331104