6 0.9698996655518395 0.5167224080267558 0.06020066889632107 0.23745819397993312
6 0.5301003344481605 0.9832775919732442 0.24581939799331104 0.033444816053511704
6 0.026755852842809364 0.8311036789297659 0.05351170568561873 0.32274247491638797
6 0.9214046822742475 0.540133779264214 0.14715719063545152 0.26588628762541805
2 0.4983277591973244 0.49498327759197325 0.3294314381270903 0.33444816053511706
6 0.3963210702341137 0.9548494983277592 0.23578595317725753 0.0903010033444816
6 0.046822742474916385 0.12709030100334448 0.09197324414715718 0.2491638795986622
6 0.7775919732441472 0.8294314381270903 0.2391304347826087 0.2157190635451505
6 0.9347826086956522 0.24749163879598662 0.1254180602006689 0.2525083612040134
6 0.17391304347826086 0.06020066889632107 0.24247491638795987 0.11872909698996656
6 0.6806020066889632 0.6538461538461539 0.22240802675585283 0.22408026755852842
6 0.745819397993311 0.0903010033444816 0.23076923076923078 0.1806020066889632
6 0.3210702341137124 0.3076923076923077 0.22073578595317725 0.2408026755852843
6 0.7892976588628763 0.39297658862876256 0.2391304347826087 0.2491638795986622
6 0.23411371237458195 0.5451505016722408 0.24247491638795987 0.24247491638795987
6 0.16722408026755853 0.7658862876254181 0.26421404682274247 0.225752508361204