6 0.8160535117056856 0.3528428093645485 0.21070234113712374 0.24247491638795987
6 0.9765886287625418 0.16387959866220736 0.0451505016722408 0.22909698996655517
6 0.6588628762541806 0.030100334448160536 0.24749163879598662 0.06020066889632107
6 0.021739130434782608 0.38127090301003347 0.043478260869565216 0.22408026755852842
6 0.6354515050167224 0.07190635451505016 0.26755852842809363 0.14381270903010032
6 0.36622073578595316 0.11872909698996656 0.26755852842809363 0.22408026755852842
6 0.6187290969899666 0.9849498327759197 0.26755852842809363 0.030100334448160536
2 0.5016722408026756 0.5033444816053512 0.3294314381270903 0.33612040133779264
6 0.9331103678929766 0.6989966555183946 0.12876254180602006 0.26755852842809363
6 0.40301003344481606 0.8327759197324415 0.2391304347826087 0.2625418060200669
6 0.8729096989966555 0.4431438127090301 0.23076923076923078 0.2040133779264214
6 0.8812709030100334 0.8946488294314381 0.23411371237458195 0.20903010033444816
6 0.22909698996655517 0.7006688963210702 0.23076923076923078 0.23745819397993312
6 0.5535117056856187 0.774247491638796 0.27424749163879597 0.2491638795986622
6 0.12040133779264214 0.14715719063545152 0.2408026755852843 0.23411371237458195
6 0.07357859531772576 0.5769230769230769 0.14715719063545152 0.2508361204013378
6 0.7775919732441472 0.6404682274247492 0.24581939799331104 0.22408026755852842
6 0.23578595317725753 0.49498327759197325 0.23411371237458195 0.21237458193979933