6 0.010033444816053512 0.33444816053511706 0.01839464882943144 0.2040133779264214
6 0.1605351170568562 0.9882943143812709 0.21070234113712374 0.021739130434782608
6 0.7040133779264214 0.27759197324414714 0.225752508361204 0.225752508361204
6 0.028428093645484948 0.08862876254180602 0.056856187290969896 0.17725752508361203
6 0.9548494983277592 0.4531772575250836 0.08361204013377926 0.2508361204013378
6 0.2625418060200669 0.09197324414715718 0.23076923076923078 0.18394648829431437
5 0.7508361204013378 0.033444816053511704 0.10367892976588629 0.06521739130434782
6 0.4698996655518395 0.9782608695652174 0.22742474916387959 0.043478260869565216
2 0.49331103678929766 0.5016722408026756 0.3862876254180602 0.35785953177257523
6 0.08528428093645485 0.5635451505016722 0.1705685618729097 0.24414715719063546
6 0.2625418060200669 0.2959866220735786 0.225752508361204 0.22909698996655517
6 0.15384615384615385 0.5986622073578596 0.20066889632107024 0.1956521739130435
6 0.7424749163879598 0.9515050167224081 0.24749163879598662 0.09698996655518395
6 0.4096989966555184 0.09364548494983277 0.20234113712374582 0.18729096989966554
6 0.903010033444816 0.07357859531772576 0.18729096989966554 0.14715719063545152
6 0.5785953177257525 0.11872909698996656 0.2408026755852843 0.23745819397993312
6 0.7842809364548495 0.5384615384615384 0.23076923076923078 0.23411371237458195
6 0.9214046822742475 0.8762541806020067 0.1505016722408027 0.22073578595317725
6 0.14046822742474915 0.32274247491638797 0.225752508361204 0.23745819397993312
6 0.2993311036789298 0.7224080267558528 0.23411371237458195 0.24247491638795987
6 0.8913043478260869 0.6605351170568562 0.20903010033444816 0.21906354515050167
6 0.5317725752508361 0.7658862876254181 0.225752508361204 0.20903010033444816
6 0.8561872909698997 0.2709030100334448 0.25585284280936454 0.2508361204013378
6 0.11036789297658862 0.8177257525083612 0.22073578595317725 0.23745819397993312