6 0.021739130434782608 0.2976588628762542 0.04180602006688963 0.225752508361204
6 0.01839464882943144 0.5167224080267558 0.03511705685618729 0.22408026755852842
2 0.49665551839464883 0.49665551839464883 0.34448160535117056 0.38294314381270905
6 0.9565217391304348 0.13210702341137123 0.08193979933110368 0.26421404682274247
6 0.18561872909698995 0.9732441471571907 0.23244147157190637 0.05351170568561873
5 0.4882943143812709 0.16387959866220736 0.10033444816053512 0.0903010033444816
6 0.2959866220735786 0.05852842809364549 0.2591973244147157 0.11538461538461539
6 0.07859531772575251 0.061872909698996656 0.15719063545150502 0.12374581939799331
6 0.697324414715719 0.06856187290969899 0.24581939799331104 0.13712374581939799
6 0.1688963210702341 0.40468227424749165 0.2391304347826087 0.21906354515050167
6 0.07859531772575251 0.7240802675585284 0.15551839464882944 0.24247491638795987
6 0.8193979933110368 0.451505016722408 0.22742474916387959 0.23745819397993312
6 0.38294314381270905 0.3093645484949833 0.21739130434782608 0.2040133779264214
6 0.882943143812709 0.7525083612040134 0.22742474916387959 0.24247491638795987
6 0.19063545150501673 0.18896321070234115 0.23578595317725753 0.22408026755852842
6 0.2508361204013378 0.560200668896321 0.21070234113712374 0.22073578595317725
6 0.36454849498327757 0.7290969899665551 0.2993311036789298 0.225752508361204
6 0.8160535117056856 0.205685618729097 0.2508361204013378 0.2525083612040134
6 0.5719063545150501 0.8879598662207357 0.22742474916387959 0.22408026755852842