6 0.9096989966555183 0.3595317725752508 0.17558528428093645 0.2625418060200669
2 0.5033444816053512 0.49665551839464883 0.342809364548495 0.3110367892976589
6 0.7759197324414716 0.5836120401337793 0.24247491638795987 0.22408026755852842
6 0.8110367892976589 0.043478260869565216 0.2608695652173913 0.08528428093645485
6 0.14214046822742474 0.1505016722408027 0.2826086956521739 0.2993311036789298
6 0.822742474916388 0.6939799331103679 0.24247491638795987 0.22073578595317725
6 0.8193979933110368 0.8979933110367893 0.20066889632107024 0.2040133779264214
6 0.24749163879598662 0.40635451505016723 0.22240802675585283 0.23411371237458195
6 0.580267558528428 0.8779264214046822 0.26755852842809363 0.2408026755852843
6 0.10535117056856187 0.5267558528428093 0.21070234113712374 0.2508361204013378
6 0.7692307692307693 0.21237458193979933 0.26755852842809363 0.23745819397993312
6 0.3076923076923077 0.8812709030100334 0.24247491638795987 0.225752508361204
6 0.10033444816053512 0.862876254180602 0.20066889632107024 0.2709030100334448