6 0.030100334448160536 0.5117056856187291 0.06020066889632107 0.2391304347826087
6 0.7675585284280937 0.8595317725752508 0.24247491638795987 0.23076923076923078
6 0.9247491638795987 0.011705685618729096 0.1454849498327759 0.021739130434782608
6 0.033444816053511704 0.7224080267558528 0.06688963210702341 0.2157190635451505
6 0.32274247491638797 0.9849498327759197 0.2040133779264214 0.030100334448160536
6 0.043478260869565216 0.033444816053511704 0.08528428093645485 0.06521739130434782
6 0.27424749163879597 0.5719063545150501 0.20234113712374582 0.24581939799331104
2 0.5 0.49498327759197325 0.3494983277591973 0.2959866220735786
5 0.12374581939799331 0.5083612040133779 0.1354515050167224 0.13043478260869565
5 0.3411371237458194 0.9431438127090301 0.08528428093645485 0.07525083612040134
6 0.09698996655518395 0.8896321070234113 0.1939799331103679 0.22073578595317725
6 0.2976588628762542 0.0451505016722408 0.22240802675585283 0.0903010033444816
5 0.3996655518394649 0.8862876254180602 0.07859531772575251 0.07859531772575251
6 0.20903010033444816 0.8896321070234113 0.20234113712374582 0.2157190635451505
6 0.5535117056856187 0.06020066889632107 0.22408026755852842 0.12040133779264214
6 0.18227424749163879 0.6672240802675585 0.23076923076923078 0.20234113712374582
6 0.5334448160535117 0.9264214046822743 0.24414715719063546 0.14715719063545152
6 0.8093645484949833 0.08695652173913043 0.23076923076923078 0.17391304347826086
6 0.14381270903010032 0.12876254180602006 0.21739130434782608 0.205685618729097
6 0.7842809364548495 0.45484949832775917 0.20066889632107024 0.24247491638795987
6 0.3411371237458194 0.24247491638795987 0.23578595317725753 0.20903010033444816
6 0.8963210702341137 0.8762541806020067 0.20234113712374582 0.2040133779264214
6 0.6688963210702341 0.677257525083612 0.23411371237458195 0.225752508361204
6 0.9046822742474916 0.2809364548494983 0.18394648829431437 0.22073578595317725
6 0.09364548494983277 0.3210702341137124 0.18561872909698995 0.22408026755852842
6 0.6304347826086957 0.25752508361204013 0.2391304347826087 0.22909698996655517