6 0.8578595317725752 0.010033444816053512 0.24414715719063546 0.01839464882943144
2 0.5033444816053512 0.49498327759197325 0.32441471571906355 0.3394648829431438
6 0.9698996655518395 0.4882943143812709 0.06020066889632107 0.23411371237458195
6 0.36454849498327757 0.9698996655518395 0.28762541806020064 0.06020066889632107
6 0.05351170568561873 0.8093645484949833 0.10702341137123746 0.2508361204013378
6 0.9364548494983278 0.23578595317725753 0.12207357859531773 0.2625418060200669
6 0.07190635451505016 0.46321070234113715 0.14381270903010032 0.2826086956521739
6 0.7759197324414716 0.9364548494983278 0.24247491638795987 0.12709030100334448
6 0.5535117056856187 0.15384615384615385 0.2709030100334448 0.2408026755852843
6 0.6521739130434783 0.7341137123745819 0.20735785953177258 0.27424749163879597
6 0.26755852842809363 0.6538461538461539 0.23076923076923078 0.19230769230769232
6 0.2157190635451505 0.33277591973244147 0.20903010033444816 0.20903010033444816
6 0.8712374581939799 0.6354515050167224 0.24247491638795987 0.23411371237458195
6 0.7842809364548495 0.28595317725752506 0.23411371237458195 0.22909698996655517
6 0.23745819397993312 0.11872909698996656 0.31438127090301005 0.23745819397993312
6 0.2842809364548495 0.8695652173913043 0.23411371237458195 0.22909698996655517