6 0.2993311036789298 0.9882943143812709 0.2391304347826087 0.021739130434782608
6 0.5117056856187291 0.9882943143812709 0.225752508361204 0.021739130434782608
6 0.8545150501672241 0.9882943143812709 0.22073578595317725 0.021739130434782608
6 0.030100334448160536 0.5117056856187291 0.06020066889632107 0.24749163879598662
2 0.5016722408026756 0.5033444816053512 0.3862876254180602 0.3963210702341137
6 0.9581939799331104 0.6755852842809364 0.08361204013377926 0.25418060200668896
6 0.23076923076923078 0.8093645484949833 0.2608695652173913 0.2591973244147157
6 0.6538461538461539 0.08862876254180602 0.205685618729097 0.17725752508361203
6 0.2976588628762542 0.06354515050167224 0.2608695652173913 0.12709030100334448
6 0.061872909698996656 0.7307692307692307 0.12374581939799331 0.2508361204013378
6 0.6187290969899666 0.8110367892976589 0.25752508361204013 0.23411371237458195
6 0.6789297658862876 0.9147157190635451 0.22742474916387959 0.1705685618729097
6 0.8361204013377926 0.4665551839464883 0.25585284280936454 0.2826086956521739
6 0.34615384615384615 0.7073578595317725 0.24247491638795987 0.23076923076923078
6 0.07525083612040134 0.18729096989966554 0.1505016722408027 0.23076923076923078
6 0.8913043478260869 0.8812709030100334 0.21070234113712374 0.20903010033444816
6 0.3896321070234114 0.20234113712374582 0.24581939799331104 0.21739130434782608
6 0.13210702341137123 0.4080267558528428 0.2591973244147157 0.2525083612040134
6 0.8595317725752508 0.13043478260869565 0.26421404682274247 0.2591973244147157