6 0.9698996655518395 0.6705685618729097 0.06020066889632107 0.21906354515050167
6 0.657190635451505 0.020066889632107024 0.28595317725752506 0.038461538461538464
6 0.3377926421404682 0.020066889632107024 0.2608695652173913 0.04013377926421405
6 0.038461538461538464 0.8612040133779264 0.07692307692307693 0.23745819397993312
6 0.043478260869565216 0.49665551839464883 0.08528428093645485 0.21237458193979933
6 0.391304347826087 0.7408026755852842 0.24581939799331104 0.26588628762541805
6 0.6086956521739131 0.9448160535117057 0.3394648829431438 0.11036789297658862
6 0.14046822742474915 0.9180602006688964 0.2709030100334448 0.16220735785953178
6 0.6070234113712375 0.7424749163879598 0.2525083612040134 0.2408026755852843
6 0.09866220735785954 0.1020066889632107 0.19732441471571907 0.20234113712374582
6 0.8862876254180602 0.939799331103679 0.22240802675585283 0.11872909698996656
6 0.2959866220735786 0.14715719063545152 0.2140468227424749 0.21739130434782608
2 0.4899665551839465 0.49665551839464883 0.44648829431438125 0.4214046822742475
6 0.9264214046822743 0.4682274247491639 0.14214046822742474 0.19899665551839466
6 0.13879598662207357 0.35451505016722407 0.2725752508361204 0.205685618729097
6 0.7859531772575251 0.5719063545150501 0.21739130434782608 0.2525083612040134
6 0.14214046822742474 0.677257525083612 0.26755852842809363 0.21237458193979933
6 0.7073578595317725 0.13712374581939799 0.24749163879598662 0.2408026755852843
6 0.8946488294314381 0.23745819397993312 0.205685618729097 0.26588628762541805