6 0.560200668896321 0.8076923076923077 0.20066889632107024 0.23745819397993312
6 0.7374581939799331 0.49498327759197325 0.20735785953177258 0.19063545150501673
6 0.9581939799331104 0.07357859531772576 0.07692307692307693 0.14715719063545152
6 0.9013377926421404 0.9782608695652174 0.19230769230769232 0.043478260869565216
6 0.056856187290969896 0.6053511705685619 0.11204013377926421 0.1588628762541806
6 0.6989966555183946 0.959866220735786 0.19230769230769232 0.0802675585284281
2 0.49665551839464883 0.49498327759197325 0.3595317725752508 0.3394648829431438
5 0.6956521739130435 0.822742474916388 0.1354515050167224 0.11872909698996656
6 0.03678929765886288 0.7809364548494984 0.07357859531772576 0.22408026755852842
6 0.7491638795986622 0.6488294314381271 0.24749163879598662 0.2408026755852843
6 0.10535117056856187 0.03511705685618729 0.21070234113712374 0.07023411371237458
6 0.4866220735785953 0.9214046822742475 0.21070234113712374 0.15719063545150502
6 0.7491638795986622 0.056856187290969896 0.23244147157190637 0.11204013377926421
6 0.29431438127090304 0.07190635451505016 0.22742474916387959 0.14381270903010032
6 0.10367892976588629 0.1705685618729097 0.20735785953177258 0.2157190635451505
6 0.5167224080267558 0.0802675585284281 0.2391304347826087 0.1588628762541806
6 0.18227424749163879 0.2692307692307692 0.24247491638795987 0.1956521739130435
6 0.903010033444816 0.8394648829431438 0.18896321070234115 0.2525083612040134
6 0.18227424749163879 0.5033444816053512 0.19230769230769232 0.2709030100334448
6 0.14214046822742474 0.8896321070234113 0.205685618729097 0.22073578595317725
6 0.8812709030100334 0.21906354515050167 0.23411371237458195 0.2625418060200669
6 0.30434782608695654 0.6538461538461539 0.2140468227424749 0.21906354515050167
6 0.9096989966555183 0.479933110367893 0.1705685618729097 0.2625418060200669
5 0.051839464882943144 0.4665551839464883 0.10367892976588629 0.1505016722408027