6 0.8277591973244147 0.18227424749163879 0.2993311036789298 0.2709030100334448
6 0.9581939799331104 0.3177257525083612 0.07859531772575251 0.3110367892976589
6 0.7274247491638796 0.9715719063545151 0.2692307692307692 0.056856187290969896
5 0.10869565217391304 0.9849498327759197 0.09698996655518395 0.030100334448160536
6 0.5451505016722408 0.9632107023411371 0.26755852842809363 0.07357859531772576
2 0.5 0.5033444816053512 0.3177257525083612 0.3093645484949833
6 0.5919732441471572 0.026755852842809364 0.28762541806020064 0.05351170568561873
6 0.25585284280936454 0.4096989966555184 0.2725752508361204 0.27424749163879597
6 0.06521739130434782 0.6655518394648829 0.13043478260869565 0.24581939799331104
6 0.2842809364548495 0.2625418060200669 0.2842809364548495 0.24247491638795987
6 0.7725752508361204 0.25752508361204013 0.2391304347826087 0.21906354515050167