6 0.021739130434782608 0.36622073578595316 0.043478260869565216 0.2157190635451505
2 0.5 0.5016722408026756 0.34448160535117056 0.33612040133779264
6 0.9732441471571907 0.8946488294314381 0.05351170568561873 0.20903010033444816
6 0.030100334448160536 0.10367892976588629 0.06020066889632107 0.205685618729097
6 0.596989966555184 0.043478260869565216 0.22742474916387959 0.08695652173913043
6 0.9297658862876255 0.32274247491638797 0.13879598662207357 0.2508361204013378
6 0.9247491638795987 0.10367892976588629 0.1505016722408027 0.205685618729097
6 0.09197324414715718 0.842809364548495 0.18227424749163879 0.2525083612040134
6 0.2725752508361204 0.8812709030100334 0.21070234113712374 0.23745819397993312
6 0.17892976588628762 0.32608695652173914 0.24749163879598662 0.22408026755852842
6 0.8193979933110368 0.822742474916388 0.2725752508361204 0.24749163879598662
6 0.7625418060200669 0.5852842809364549 0.2525083612040134 0.22408026755852842
6 0.7190635451505016 0.3076923076923077 0.2508361204013378 0.23411371237458195
6 0.46488294314381273 0.7709030100334449 0.26421404682274247 0.24247491638795987
6 0.2040133779264214 0.5735785953177257 0.2709030100334448 0.24581939799331104