6 0.9481605351170569 0.7976588628762542 0.09698996655518395 0.21906354515050167
6 0.9832775919732442 0.09866220735785954 0.033444816053511704 0.19732441471571907
6 0.38127090301003347 0.011705685618729096 0.26755852842809363 0.023411371237458192
5 0.3779264214046823 0.9581939799331104 0.1454849498327759 0.08361204013377926
2 0.49665551839464883 0.5033444816053512 0.3862876254180602 0.39297658862876256
5 0.7591973244147158 0.1605351170568562 0.10367892976588629 0.0903010033444816
6 0.07190635451505016 0.08361204013377926 0.14381270903010032 0.16555183946488294
6 0.7575250836120402 0.4882943143812709 0.23076923076923078 0.27759197324414714
6 0.3210702341137124 0.6989966555183946 0.22073578595317725 0.1956521739130435
6 0.7993311036789298 0.06354515050167224 0.24581939799331104 0.12709030100334448
6 0.8812709030100334 0.6421404682274248 0.22742474916387959 0.2508361204013378
6 0.6053511705685619 0.22408026755852842 0.27759197324414714 0.23411371237458195
6 0.5117056856187291 0.8712374581939799 0.2608695652173913 0.25585284280936454
6 0.8846153846153846 0.23076923076923078 0.225752508361204 0.2491638795986622
6 0.12374581939799331 0.3979933110367893 0.24749163879598662 0.25585284280936454
6 0.15719063545150502 0.6204013377926422 0.2709030100334448 0.23411371237458195
6 0.7023411371237458 0.774247491638796 0.25585284280936454 0.2591973244147157
6 0.14381270903010032 0.8678929765886287 0.2842809364548495 0.2591973244147157