6 0.03177257525083612 0.9515050167224081 0.06354515050167224 0.09698996655518395
6 0.39297658862876256 0.32274247491638797 0.23578595317725753 0.205685618729097
6 0.03177257525083612 0.7842809364548495 0.06354515050167224 0.2508361204013378
6 0.2508361204013378 0.5501672240802675 0.20903010033444816 0.225752508361204
5 0.09531772575250837 0.8812709030100334 0.10033444816053512 0.09364548494983277
2 0.5016722408026756 0.5133779264214047 0.33612040133779264 0.33444816053511706
6 0.9414715719063546 0.09866220735785954 0.11036789297658862 0.19230769230769232
6 0.21237458193979933 0.6471571906354515 0.26421404682274247 0.22073578595317725
5 0.33277591973244147 0.2826086956521739 0.08193979933110368 0.07525083612040134
6 0.8444816053511706 0.9498327759197325 0.23411371237458195 0.10033444816053512
6 0.9331103678929766 0.6438127090301003 0.12876254180602006 0.24247491638795987
6 0.9464882943143813 0.8712374581939799 0.10367892976588629 0.21237458193979933
6 0.225752508361204 0.9180602006688964 0.2391304347826087 0.16220735785953178
6 0.1588628762541806 0.30434782608695654 0.23411371237458195 0.22408026755852842
6 0.08361204013377926 0.40301003344481606 0.16722408026755853 0.23745819397993312
6 0.5183946488294314 0.09197324414715718 0.22073578595317725 0.18394648829431437
6 0.09531772575250837 0.09197324414715718 0.19063545150501673 0.18394648829431437
6 0.29264214046822745 0.09698996655518395 0.21739130434782608 0.1939799331103679
6 0.5986622073578596 0.8913043478260869 0.22073578595317725 0.21739130434782608
6 0.5652173913043478 0.7625418060200669 0.24247491638795987 0.2157190635451505
6 0.794314381270903 0.7876254180602007 0.22240802675585283 0.22073578595317725
6 0.9046822742474916 0.42474916387959866 0.18394648829431437 0.225752508361204
6 0.7608695652173914 0.13043478260869565 0.25418060200668896 0.2525083612040134
6 0.717391304347826 0.36622073578595316 0.2140468227424749 0.20903010033444816