2 0.38127090301003347 0.30434782608695654 0.26755852842809363 0.26755852842809363
6 0.013377926421404682 0.6906354515050167 0.026755852842809364 0.21739130434782608
6 0.033444816053511704 0.20903010033444816 0.06688963210702341 0.225752508361204
6 0.6020066889632107 0.06856187290969899 0.23076923076923078 0.13712374581939799
6 0.8160535117056856 0.7842809364548495 0.20735785953177258 0.205685618729097
6 0.5117056856187291 0.38127090301003347 0.2608695652173913 0.18394648829431437
6 0.9464882943143813 0.9515050167224081 0.10702341137123746 0.09698996655518395
6 0.04013377926421405 0.4498327759197324 0.0802675585284281 0.25752508361204013
5 0.20903010033444816 0.3210702341137124 0.11036789297658862 0.1020066889632107
6 0.8896321070234113 0.023411371237458192 0.21739130434782608 0.046822742474916385
6 0.782608695652174 0.959866220735786 0.2408026755852843 0.0802675585284281
6 0.7023411371237458 0.08361204013377926 0.22240802675585283 0.16555183946488294
2 0.5 0.6070234113712375 0.3210702341137124 0.3210702341137124
6 0.0903010033444816 0.20234113712374582 0.1806020066889632 0.24581939799331104
6 0.9096989966555183 0.7993311036789298 0.17558528428093645 0.22408026755852842
6 0.23244147157190637 0.9280936454849499 0.24247491638795987 0.14381270903010032
6 0.3695652173913043 0.061872909698996656 0.24414715719063546 0.12374581939799331
6 0.6053511705685619 0.8929765886287625 0.2391304347826087 0.21237458193979933
6 0.21237458193979933 0.49498327759197325 0.27424749163879597 0.2391304347826087
6 0.919732441471572 0.35785953177257523 0.15551839464882944 0.22742474916387959
6 0.8913043478260869 0.15217391304347827 0.2140468227424749 0.225752508361204
6 0.08193979933110368 0.8578595317725752 0.16387959866220736 0.24581939799331104
6 0.28929765886287623 0.7692307692307693 0.25585284280936454 0.23076923076923078
6 0.7391304347826086 0.3177257525083612 0.2391304347826087 0.225752508361204
6 0.7675585284280937 0.580267558528428 0.22073578595317725 0.21906354515050167