2 0.5 0.5050167224080268 0.33444816053511706 0.3277591973244147
6 0.030100334448160536 0.11872909698996656 0.06020066889632107 0.23745819397993312
6 0.06856187290969899 0.5936454849498328 0.1354515050167224 0.2408026755852843
6 0.3963210702341137 0.07357859531772576 0.23076923076923078 0.14715719063545152
5 0.7775919732441472 0.6471571906354515 0.11036789297658862 0.10535117056856187
6 0.6070234113712375 0.04180602006688963 0.19732441471571907 0.08361204013377926
6 0.06521739130434782 0.7474916387959866 0.13043478260869565 0.24247491638795987
6 0.8662207357859532 0.046822742474916385 0.225752508361204 0.09364548494983277
6 0.9280936454849499 0.28929765886287623 0.1354515050167224 0.2157190635451505
6 0.4096989966555184 0.9280936454849499 0.225752508361204 0.14381270903010032
6 0.7140468227424749 0.931438127090301 0.23578595317725753 0.1354515050167224
6 0.17725752508361203 0.16722408026755853 0.2709030100334448 0.1956521739130435
6 0.21906354515050167 0.3862876254180602 0.22742474916387959 0.21906354515050167
6 0.7424749163879598 0.7775919732441472 0.225752508361204 0.1956521739130435
6 0.9046822742474916 0.8929765886287625 0.18394648829431437 0.21237458193979933
6 0.411371237458194 0.20234113712374582 0.24581939799331104 0.21237458193979933
6 0.2608695652173913 0.745819397993311 0.2608695652173913 0.26755852842809363
6 0.7157190635451505 0.16722408026755853 0.22073578595317725 0.205685618729097
6 0.5100334448160535 0.7575250836120402 0.24247491638795987 0.22073578595317725
6 0.9632107023411371 0.6655518394648829 0.07357859531772576 0.22742474916387959