6 0.9498327759197325 0.05016722408026756 0.09364548494983277 0.10033444816053512
6 0.9698996655518395 0.32608695652173914 0.06020066889632107 0.23411371237458195
5 0.8695652173913043 0.47491638795986624 0.13377926421404682 0.1254180602006689
2 0.5033444816053512 0.5284280936454849 0.3277591973244147 0.342809364548495
6 0.2408026755852843 0.048494983277591976 0.22742474916387959 0.09698996655518395
6 0.7341137123745819 0.9682274247491639 0.23076923076923078 0.06354515050167224
6 0.9498327759197325 0.5585284280936454 0.09531772575250837 0.23411371237458195
6 0.7391304347826086 0.04180602006688963 0.22742474916387959 0.08361204013377926
6 0.07023411371237458 0.06354515050167224 0.13879598662207357 0.12709030100334448
6 0.3010033444816054 0.6421404682274248 0.22073578595317725 0.23076923076923078
6 0.061872909698996656 0.8394648829431438 0.12374581939799331 0.22742474916387959
6 0.8996655518394648 0.8913043478260869 0.1939799331103679 0.21739130434782608
6 0.8311036789297659 0.25752508361204013 0.22742474916387959 0.25585284280936454
6 0.3394648829431438 0.362876254180602 0.22742474916387959 0.2491638795986622
6 0.5785953177257525 0.25752508361204013 0.2525083612040134 0.22909698996655517
6 0.14715719063545152 0.23244147157190637 0.24581939799331104 0.22408026755852842
6 0.09866220735785954 0.5819397993311036 0.19732441471571907 0.22073578595317725
6 0.6036789297658863 0.7658862876254181 0.21070234113712374 0.2157190635451505
6 0.3060200668896321 0.8729096989966555 0.26755852842809363 0.24247491638795987
6 0.8060200668896321 0.6622073578595318 0.23411371237458195 0.22408026755852842