2 0.5033444816053512 0.5083612040133779 0.46488294314381273 0.39297658862876256
6 0.9732441471571907 0.20234113712374582 0.05351170568561873 0.23411371237458195
6 0.7859531772575251 0.9782608695652174 0.2140468227424749 0.04180602006688963
6 0.020066889632107024 0.5083612040133779 0.038461538461538464 0.21906354515050167
6 0.07692307692307693 0.9715719063545151 0.15384615384615385 0.056856187290969896
6 0.7575250836120402 0.3377926421404682 0.21906354515050167 0.24581939799331104
6 0.7658862876254181 0.931438127090301 0.24247491638795987 0.13712374581939799
6 0.5334448160535117 0.9715719063545151 0.23411371237458195 0.056856187290969896
6 0.05351170568561873 0.07859531772575251 0.10702341137123746 0.15551839464882944
6 0.36622073578595316 0.15384615384615385 0.24247491638795987 0.2491638795986622
6 0.12709030100334448 0.9297658862876255 0.24247491638795987 0.14046822742474915
6 0.8578595317725752 0.38127090301003347 0.24247491638795987 0.21237458193979933
6 0.5903010033444817 0.061872909698996656 0.2508361204013378 0.12374581939799331
6 0.5351170568561873 0.7859531772575251 0.21906354515050167 0.21906354515050167
6 0.4665551839464883 0.20903010033444816 0.25585284280936454 0.19899665551839466
6 0.6705685618729097 0.774247491638796 0.19732441471571907 0.22073578595317725
6 0.9046822742474916 0.8344481605351171 0.18394648829431437 0.23745819397993312
6 0.13043478260869565 0.5652173913043478 0.23411371237458195 0.24247491638795987
6 0.10367892976588629 0.3394648829431438 0.20735785953177258 0.24581939799331104