6 0.42474916387959866 0.010033444816053512 0.2391304347826087 0.01839464882943144
6 0.015050167224080268 0.4431438127090301 0.030100334448160536 0.22408026755852842
6 0.19899665551839466 0.9866220735785953 0.23076923076923078 0.026755852842809364
2 0.5 0.49665551839464883 0.33444816053511706 0.3277591973244147
6 0.6622073578595318 0.02508361204013378 0.2408026755852843 0.05016722408026756
6 0.16722408026755853 0.8411371237458194 0.2709030100334448 0.22909698996655517
6 0.07525083612040134 0.8929765886287625 0.1505016722408027 0.21237458193979933
6 0.9364548494983278 0.7725752508361204 0.12207357859531773 0.21237458193979933
6 0.7525083612040134 0.35451505016722407 0.29431438127090304 0.2842809364548495
6 0.39464882943143814 0.9130434782608695 0.25418060200668896 0.17391304347826086
6 0.43645484949832775 0.20234113712374582 0.23411371237458195 0.22408026755852842
6 0.07859531772575251 0.26421404682274247 0.15719063545150502 0.20903010033444816
6 0.26755852842809363 0.35451505016722407 0.2709030100334448 0.2408026755852843
6 0.8695652173913043 0.14046822742474915 0.2508361204013378 0.22073578595317725
6 0.20066889632107024 0.10702341137123746 0.25418060200668896 0.2140468227424749
6 0.7625418060200669 0.8177257525083612 0.24247491638795987 0.22909698996655517
6 0.9230769230769231 0.560200668896321 0.14715719063545152 0.225752508361204