6 0.3879598662207358 0.011705685618729096 0.2709030100334448 0.021739130434782608
6 0.2709030100334448 0.34782608695652173 0.18561872909698995 0.3060200668896321
6 0.011705685618729096 0.23076923076923078 0.023411371237458192 0.2140468227424749
6 0.20234113712374582 0.3963210702341137 0.19732441471571907 0.2040133779264214
6 0.2909698996655518 0.2826086956521739 0.16387959866220736 0.1688963210702341
2 0.5 0.5033444816053512 0.3494983277591973 0.3394648829431438
6 0.9280936454849499 0.04180602006688963 0.1354515050167224 0.08361204013377926
6 0.10702341137123746 0.9381270903010034 0.2140468227424749 0.12374581939799331
6 0.657190635451505 0.8612040133779264 0.28595317725752506 0.21906354515050167
6 0.391304347826087 0.8946488294314381 0.25585284280936454 0.20903010033444816
6 0.2525083612040134 0.08361204013377926 0.2909698996655518 0.16722408026755853
6 0.8762541806020067 0.717391304347826 0.22073578595317725 0.20066889632107024
6 0.225752508361204 0.68561872909699 0.2725752508361204 0.2525083612040134
6 0.862876254180602 0.49331103678929766 0.2709030100334448 0.24247491638795987
6 0.7123745819397993 0.2909698996655518 0.2591973244147157 0.2408026755852843