6 0.7909698996655519 0.10702341137123746 0.22742474916387959 0.205685618729097
6 0.2157190635451505 0.033444816053511704 0.20066889632107024 0.06521739130434782
6 0.8361204013377926 0.03511705685618729 0.21739130434782608 0.06856187290969899
2 0.49498327759197325 0.5 0.3394648829431438 0.35618729096989965
6 0.4280936454849498 0.9464882943143813 0.24749163879598662 0.10702341137123746
6 0.9280936454849499 0.6471571906354515 0.1354515050167224 0.22073578595317725
6 0.9264214046822743 0.19732441471571907 0.14214046822742474 0.20234113712374582
6 0.06521739130434782 0.5618729096989966 0.13043478260869565 0.18729096989966554
6 0.6588628762541806 0.931438127090301 0.225752508361204 0.13712374581939799
6 0.7725752508361204 0.4297658862876254 0.22742474916387959 0.22073578595317725
6 0.9130434782608695 0.8846153846153846 0.16722408026755853 0.22909698996655517
6 0.08862876254180602 0.8913043478260869 0.17725752508361203 0.21739130434782608
6 0.6120401337792643 0.7474916387959866 0.25752508361204013 0.23076923076923078