6 0.011705685618729096 0.6906354515050167 0.021739130434782608 0.24247491638795987
6 0.6638795986622074 0.725752508361204 0.205685618729097 0.17391304347826086
6 0.7374581939799331 0.6622073578595318 0.3311036789297659 0.28929765886287623
6 0.939799331103679 0.15384615384615385 0.12040133779264214 0.3076923076923077
6 0.9230769230769231 0.9615384615384616 0.14715719063545152 0.07692307692307693
2 0.5050167224080268 0.5016722408026756 0.39464882943143814 0.3862876254180602
6 0.051839464882943144 0.8862876254180602 0.10367892976588629 0.225752508361204
6 0.22240802675585283 0.5033444816053512 0.22240802675585283 0.2809364548494983
6 0.4531772575250836 0.06688963210702341 0.2608695652173913 0.13377926421404682
6 0.9331103678929766 0.8093645484949833 0.12876254180602006 0.26755852842809363
6 0.07859531772575251 0.45652173913043476 0.15551839464882944 0.2625418060200669
6 0.7842809364548495 0.0903010033444816 0.2608695652173913 0.17892976588628762
6 0.7441471571906354 0.8946488294314381 0.28929765886287623 0.20903010033444816
6 0.17892976588628762 0.7642140468227425 0.29264214046822745 0.2625418060200669
6 0.11705685618729098 0.12040133779264214 0.22742474916387959 0.2408026755852843
6 0.2976588628762542 0.23578595317725753 0.27424749163879597 0.2842809364548495
6 0.8595317725752508 0.42642140468227424 0.27424749163879597 0.2625418060200669