6 0.9866220735785953 0.1505016722408027 0.026755852842809364 0.2140468227424749
6 0.5735785953177257 0.9715719063545151 0.1956521739130435 0.056856187290969896
6 0.9264214046822743 0.04180602006688963 0.14214046822742474 0.08361204013377926
6 0.8712374581939799 0.14214046822742474 0.19230769230769232 0.1939799331103679
2 0.5083612040133779 0.5050167224080268 0.36789297658862874 0.3110367892976589
6 0.021739130434782608 0.7123745819397993 0.04180602006688963 0.205685618729097
6 0.05351170568561873 0.4080267558528428 0.10702341137123746 0.22073578595317725
6 0.9464882943143813 0.8862876254180602 0.10702341137123746 0.21906354515050167
6 0.11036789297658862 0.9682274247491639 0.22073578595317725 0.06354515050167224
6 0.931438127090301 0.5367892976588629 0.13043478260869565 0.2809364548494983
6 0.8461538461538461 0.23745819397993312 0.23578595317725753 0.2040133779264214
6 0.7207357859531772 0.07023411371237458 0.22073578595317725 0.14046822742474915
6 0.3612040133779264 0.7608695652173914 0.23244147157190637 0.2157190635451505
6 0.5652173913043478 0.9013377926421404 0.23076923076923078 0.1939799331103679
6 0.20903010033444816 0.07190635451505016 0.22240802675585283 0.14381270903010032
6 0.81438127090301 0.9247491638795987 0.22408026755852842 0.1505016722408027
6 0.13377926421404682 0.7441471571906354 0.23578595317725753 0.24247491638795987
6 0.6337792642140468 0.26421404682274247 0.22240802675585283 0.20903010033444816
6 0.1488294314381271 0.5217391304347826 0.2140468227424749 0.21237458193979933
6 0.39464882943143814 0.11872909698996656 0.22742474916387959 0.23745819397993312
6 0.3093645484949833 0.6638795986622074 0.22909698996655517 0.22742474916387959