6 0.9498327759197325 0.8060200668896321 0.10033444816053512 0.25585284280936454
6 0.9732441471571907 0.5903010033444817 0.05351170568561873 0.22408026755852842
6 0.05016722408026756 0.9464882943143813 0.10033444816053512 0.10702341137123746
5 0.7508361204013378 0.19732441471571907 0.14715719063545152 0.13043478260869565
6 0.03678929765886288 0.4782608695652174 0.07357859531772576 0.25418060200668896
6 0.3896321070234114 0.32274247491638797 0.23411371237458195 0.2508361204013378
2 0.5033444816053512 0.5234113712374582 0.26588628762541805 0.2525083612040134
6 0.9448160535117057 0.12374581939799331 0.11036789297658862 0.23745819397993312
5 0.8879598662207357 0.04013377926421405 0.09698996655518395 0.0802675585284281
5 0.6120401337792643 0.08862876254180602 0.09698996655518395 0.09364548494983277
6 0.21237458193979933 0.048494983277591976 0.24414715719063546 0.09698996655518395
6 0.8979933110367893 0.9247491638795987 0.19732441471571907 0.1505016722408027
6 0.11705685618729098 0.7959866220735786 0.22742474916387959 0.2525083612040134
6 0.2826086956521739 0.2140468227424749 0.23578595317725753 0.23745819397993312
6 0.6220735785953178 0.8311036789297659 0.2725752508361204 0.26755852842809363
6 0.8712374581939799 0.32608695652173914 0.24247491638795987 0.2408026755852843
6 0.08695652173913043 0.16555183946488294 0.17391304347826086 0.23076923076923078
6 0.20234113712374582 0.5050167224080268 0.2591973244147157 0.2625418060200669
6 0.6036789297658863 0.26755852842809363 0.225752508361204 0.2491638795986622
6 0.7474916387959866 0.6254180602006689 0.25585284280936454 0.23745819397993312
6 0.411371237458194 0.7140468227424749 0.25585284280936454 0.23745819397993312