6 0.33277591973244147 0.016722408026755852 0.22742474916387959 0.033444816053511704
6 0.05351170568561873 0.03511705685618729 0.10702341137123746 0.06856187290969899
2 0.49665551839464883 0.4983277591973244 0.34615384615384615 0.34615384615384615
6 0.9515050167224081 0.3729096989966555 0.09698996655518395 0.22408026755852842
6 0.6220735785953178 0.07525083612040134 0.25418060200668896 0.1505016722408027
6 0.68561872909699 0.2525083612040134 0.24581939799331104 0.21906354515050167
6 0.8361204013377926 0.07692307692307693 0.20066889632107024 0.15384615384615385
6 0.8160535117056856 0.2842809364548495 0.21070234113712374 0.19899665551839466
6 0.4214046822742475 0.12374581939799331 0.20903010033444816 0.2040133779264214
6 0.17558528428093645 0.09698996655518395 0.21070234113712374 0.1939799331103679
6 0.33277591973244147 0.9080267558528428 0.23076923076923078 0.18394648829431437
6 0.8361204013377926 0.5468227424749164 0.205685618729097 0.20234113712374582
6 0.8812709030100334 0.7424749163879598 0.23411371237458195 0.20234113712374582
6 0.5384615384615384 0.754180602006689 0.22742474916387959 0.2157190635451505
6 0.0903010033444816 0.362876254180602 0.1806020066889632 0.21237458193979933
6 0.28595317725752506 0.32274247491638797 0.22742474916387959 0.23411371237458195
6 0.7157190635451505 0.882943143812709 0.22742474916387959 0.22909698996655517