6 0.011705685618729096 0.27424749163879597 0.023411371237458192 0.2140468227424749
6 0.9782608695652174 0.7909698996655519 0.04180602006688963 0.17224080267558528
6 0.11872909698996656 0.011705685618729096 0.23578595317725753 0.021739130434782608
2 0.5083612040133779 0.5016722408026756 0.35618729096989965 0.3210702341137124
6 0.2976588628762542 0.9832775919732442 0.23411371237458195 0.033444816053511704
6 0.030100334448160536 0.6321070234113713 0.06020066889632107 0.24581939799331104
6 0.9548494983277592 0.9515050167224081 0.08361204013377926 0.09698996655518395
6 0.6270903010033445 0.043478260869565216 0.23578595317725753 0.08528428093645485
6 0.391304347826087 0.033444816053511704 0.225752508361204 0.06521739130434782
6 0.051839464882943144 0.8595317725752508 0.10367892976588629 0.24247491638795987
6 0.7993311036789298 0.931438127090301 0.2391304347826087 0.1354515050167224
6 0.8795986622073578 0.06688963210702341 0.23411371237458195 0.13377926421404682
6 0.7290969899665551 0.6538461538461539 0.20903010033444816 0.23076923076923078
6 0.27759197324414714 0.7892976588628763 0.25585284280936454 0.2408026755852843
6 0.27591973244147155 0.3394648829431438 0.23076923076923078 0.2157190635451505
6 0.6270903010033445 0.8578595317725752 0.23578595317725753 0.2157190635451505
6 0.48494983277591974 0.16555183946488294 0.23076923076923078 0.225752508361204
6 0.23411371237458195 0.11538461538461539 0.2391304347826087 0.23076923076923078
6 0.08862876254180602 0.4180602006688963 0.17725752508361203 0.20735785953177258
6 0.2391304347826087 0.560200668896321 0.23411371237458195 0.22073578595317725
6 0.7642140468227425 0.20735785953177258 0.21739130434782608 0.205685618729097
6 0.8645484949832776 0.4866220735785953 0.2391304347826087 0.21906354515050167