6 0.9882943143812709 0.568561872909699 0.021739130434782608 0.17892976588628762
6 0.9615384615384616 0.06688963210702341 0.07190635451505016 0.13210702341137123
3 0.5133779264214047 0.49498327759197325 0.4882943143812709 0.6204013377926422
6 0.9297658862876255 0.4230769230769231 0.13377926421404682 0.17391304347826086
6 0.18896321070234115 0.46488294314381273 0.21739130434782608 0.26421404682274247
5 0.6755852842809364 0.0451505016722408 0.07859531772575251 0.0802675585284281
6 0.5284280936454849 0.8327759197324415 0.3093645484949833 0.23076923076923078
6 0.08695652173913043 0.41471571906354515 0.17391304347826086 0.26755852842809363
6 0.6555183946488294 0.903010033444816 0.225752508361204 0.1939799331103679
6 0.5267558528428093 0.07525083612040134 0.22408026755852842 0.1505016722408027
6 0.8076923076923077 0.6989966555183946 0.20234113712374582 0.21237458193979933
6 0.931438127090301 0.23745819397993312 0.13043478260869565 0.24581939799331104
6 0.7692307692307693 0.39464882943143814 0.21070234113712374 0.22909698996655517
6 0.862876254180602 0.9080267558528428 0.2525083612040134 0.18227424749163879
6 0.20066889632107024 0.705685618729097 0.24581939799331104 0.23745819397993312
6 0.7508361204013378 0.18227424749163879 0.2709030100334448 0.23076923076923078
6 0.44648829431438125 0.17391304347826086 0.3210702341137124 0.18729096989966554