6 0.34615384615384615 0.011705685618729096 0.22073578595317725 0.021739130434782608
6 0.9816053511705686 0.822742474916388 0.03511705685618729 0.1956521739130435
6 0.016722408026755852 0.12709030100334448 0.033444816053511704 0.18896321070234115
6 0.9715719063545151 0.4331103678929766 0.056856187290969896 0.20903010033444816
3 0.5033444816053512 0.5033444816053512 0.49498327759197325 0.5100334448160535
6 0.03511705685618729 0.43478260869565216 0.06856187290969899 0.23745819397993312
6 0.03511705685618729 0.8946488294314381 0.06856187290969899 0.20903010033444816
5 0.7792642140468228 0.8545150501672241 0.0903010033444816 0.06020066889632107
6 0.677257525083612 0.9565217391304348 0.24247491638795987 0.08528428093645485
6 0.9247491638795987 0.046822742474916385 0.13879598662207357 0.09364548494983277
6 0.725752508361204 0.7374581939799331 0.23076923076923078 0.17224080267558528
6 0.3896321070234114 0.9464882943143813 0.22742474916387959 0.10702341137123746
6 0.8896321070234113 0.8913043478260869 0.20066889632107024 0.21237458193979933
6 0.9297658862876255 0.6287625418060201 0.13879598662207357 0.2157190635451505
6 0.39464882943143814 0.18394648829431437 0.20066889632107024 0.18729096989966554
6 0.13712374581939799 0.07023411371237458 0.2591973244147157 0.14046822742474915
6 0.6103678929765887 0.8327759197324415 0.25585284280936454 0.2040133779264214
6 0.7508361204013378 0.0903010033444816 0.225752508361204 0.1806020066889632
6 0.8461538461538461 0.2842809364548495 0.23578595317725753 0.22073578595317725
6 0.13377926421404682 0.774247491638796 0.2391304347826087 0.23745819397993312
6 0.15217391304347827 0.5317725752508361 0.2525083612040134 0.23745819397993312
6 0.24749163879598662 0.26421404682274247 0.2508361204013378 0.22073578595317725
5 0.8996655518394648 0.8695652173913043 0.09364548494983277 0.09531772575250837