3 0.5133779264214047 0.4397993311036789 0.5501672240802675 0.7391304347826086
6 0.0451505016722408 0.15384615384615385 0.08862876254180602 0.28762541806020064
6 0.9046822742474916 0.9832775919732442 0.18394648829431437 0.033444816053511704
6 0.7140468227424749 0.9698996655518395 0.22408026755852842 0.06020066889632107
6 0.8862876254180602 0.7140468227424749 0.2157190635451505 0.19063545150501673
6 0.3294314381270903 0.8327759197324415 0.28595317725752506 0.23745819397993312
6 0.637123745819398 0.09531772575250837 0.25752508361204013 0.19063545150501673
6 0.06354515050167224 0.931438127090301 0.12709030100334448 0.13043478260869565
6 0.19063545150501673 0.24749163879598662 0.2591973244147157 0.205685618729097
6 0.657190635451505 0.8010033444816054 0.24749163879598662 0.20903010033444816
6 0.9381270903010034 0.33444816053511706 0.12374581939799331 0.2408026755852843
6 0.38461538461538464 0.14214046822742474 0.21906354515050167 0.2525083612040134
6 0.1806020066889632 0.07692307692307693 0.23411371237458195 0.15384615384615385
6 0.8913043478260869 0.8812709030100334 0.2140468227424749 0.18227424749163879
6 0.07859531772575251 0.4180602006688963 0.15719063545150502 0.2491638795986622
6 0.5016722408026756 0.9264214046822743 0.2391304347826087 0.14715719063545152
6 0.8795986622073578 0.520066889632107 0.23076923076923078 0.225752508361204
6 0.8745819397993311 0.10702341137123746 0.24414715719063546 0.2140468227424749
6 0.09531772575250837 0.7357859531772575 0.19063545150501673 0.24749163879598662