6 0.9816053511705686 0.9297658862876255 0.03511705685618729 0.14046822742474915
6 0.9749163879598662 0.10869565217391304 0.05016722408026756 0.21739130434782608
6 0.3996655518394649 0.7508361204013378 0.2725752508361204 0.28929765886287623
6 0.01839464882943144 0.14046822742474915 0.03511705685618729 0.24247491638795987
6 0.225752508361204 0.9816053511705686 0.22240802675585283 0.03511705685618729
6 0.9515050167224081 0.7357859531772575 0.09197324414715718 0.27591973244147155
3 0.5117056856187291 0.48494983277591974 0.5936454849498328 0.5234113712374582
6 0.07357859531772576 0.939799331103679 0.14715719063545152 0.11872909698996656
6 0.8043478260869565 0.6688963210702341 0.25752508361204013 0.28762541806020064
6 0.23578595317725753 0.7123745819397993 0.2725752508361204 0.2508361204013378
6 0.8578595317725752 0.07023411371237458 0.24581939799331104 0.14046822742474915
6 0.7090301003344481 0.1956521739130435 0.24247491638795987 0.23076923076923078
6 0.7709030100334449 0.8979933110367893 0.2976588628762542 0.2040133779264214
6 0.28762541806020064 0.08361204013377926 0.2809364548494983 0.16555183946488294
6 0.9063545150501672 0.4280936454849498 0.1806020066889632 0.2525083612040134
6 0.1454849498327759 0.479933110367893 0.23578595317725753 0.23076923076923078
6 0.16722408026755853 0.23244147157190637 0.26421404682274247 0.24581939799331104
5 0.5317725752508361 0.18561872909698995 0.08862876254180602 0.07525083612040134