6 0.015050167224080268 0.3294314381270903 0.030100334448160536 0.22408026755852842
6 0.9782608695652174 0.6839464882943144 0.04180602006688963 0.2408026755852843
3 0.5066889632107023 0.5050167224080268 0.49665551839464883 0.5100334448160535
6 0.038461538461538464 0.12207357859531773 0.07692307692307693 0.23076923076923078
6 0.34448160535117056 0.026755852842809364 0.23411371237458195 0.05351170568561873
6 0.6404682274247492 0.9431438127090301 0.20234113712374582 0.11371237458193979
6 0.6187290969899666 0.051839464882943144 0.2140468227424749 0.10367892976588629
6 0.07525083612040134 0.6989966555183946 0.1505016722408027 0.21906354515050167
6 0.13879598662207357 0.3896321070234114 0.22742474916387959 0.2408026755852843
6 0.1020066889632107 0.9113712374581939 0.20234113712374582 0.17725752508361203
6 0.8979933110367893 0.8528428093645485 0.19732441471571907 0.21237458193979933
6 0.2491638795986622 0.6872909698996655 0.24749163879598662 0.22408026755852842
6 0.4882943143812709 0.8411371237458194 0.2391304347826087 0.21906354515050167
6 0.2909698996655518 0.8745819397993311 0.21070234113712374 0.205685618729097
6 0.7408026755852842 0.2391304347826087 0.19732441471571907 0.23076923076923078
6 0.45819397993311034 0.1354515050167224 0.22742474916387959 0.1939799331103679
6 0.8996655518394648 0.33444816053511706 0.1956521739130435 0.2408026755852843
6 0.9046822742474916 0.11371237458193979 0.18394648829431437 0.2157190635451505
6 0.2157190635451505 0.15384615384615385 0.24749163879598662 0.23745819397993312
5 0.1688963210702341 0.3979933110367893 0.08528428093645485 0.09197324414715718