6 0.34782608695652173 0.2809364548494983 0.20903010033444816 0.2040133779264214
3 0.49498327759197325 0.5066889632107023 0.43478260869565216 0.42474916387959866
6 0.7892976588628763 0.3193979933110368 0.21070234113712374 0.24247491638795987
6 0.35785953177257523 0.015050167224080268 0.28929765886287623 0.030100334448160536
6 0.6036789297658863 0.02508361204013378 0.2140468227424749 0.05016722408026756
6 0.7090301003344481 0.07692307692307693 0.22073578595317725 0.15384615384615385
6 0.9698996655518395 0.8160535117056856 0.06020066889632107 0.225752508361204
6 0.3879598662207358 0.9648829431438127 0.22073578595317725 0.06856187290969899
6 0.2692307692307692 0.362876254180602 0.21070234113712374 0.22909698996655517
6 0.6889632107023411 0.25418060200668896 0.2608695652173913 0.205685618729097
6 0.8311036789297659 0.9531772575250836 0.205685618729097 0.09364548494983277
6 0.3411371237458194 0.9130434782608695 0.23411371237458195 0.17391304347826086
6 0.939799331103679 0.2608695652173913 0.11371237458193979 0.24581939799331104
6 0.0802675585284281 0.09364548494983277 0.1605351170568562 0.18729096989966554
6 0.18394648829431437 0.18561872909698995 0.23578595317725753 0.2408026755852843
6 0.9230769230769231 0.4866220735785953 0.14715719063545152 0.23411371237458195
6 0.08361204013377926 0.9080267558528428 0.16722408026755853 0.18394648829431437
6 0.10535117056856187 0.705685618729097 0.21070234113712374 0.22073578595317725
6 0.45652173913043476 0.11036789297658862 0.24247491638795987 0.2157190635451505