3 0.5367892976588629 0.5016722408026756 0.46321070234113715 0.48327759197324416
6 0.3394648829431438 0.9431438127090301 0.3093645484949833 0.11371237458193979
5 0.6822742474916388 0.7441471571906354 0.061872909698996656 0.07357859531772576
6 0.06354515050167224 0.6204013377926422 0.12709030100334448 0.18394648829431437
6 0.9414715719063546 0.4498327759197324 0.11204013377926421 0.22240802675585283
6 0.8127090301003345 0.06521739130434782 0.2792642140468227 0.13043478260869565
6 0.6555183946488294 0.8963210702341137 0.22909698996655517 0.205685618729097
6 0.8779264214046822 0.657190635451505 0.2408026755852843 0.2625418060200669
6 0.8862876254180602 0.8929765886287625 0.22742474916387959 0.20735785953177258
6 0.3779264214046823 0.7909698996655519 0.26755852842809363 0.25418060200668896
6 0.16722408026755853 0.8177257525083612 0.2157190635451505 0.23076923076923078
6 0.6304347826086957 0.1454849498327759 0.25418060200668896 0.25418060200668896
6 0.3311036789297659 0.22742474916387959 0.2625418060200669 0.2391304347826087
6 0.10367892976588629 0.3394648829431438 0.20735785953177258 0.2608695652173913