6 0.03511705685618729 0.2040133779264214 0.06856187290969899 0.2625418060200669
6 0.9832775919732442 0.0802675585284281 0.033444816053511704 0.15384615384615385
6 0.8779264214046822 0.015050167224080268 0.21906354515050167 0.030100334448160536
3 0.5083612040133779 0.5083612040133779 0.5501672240802675 0.5869565217391305
6 0.637123745819398 0.1705685618729097 0.23076923076923078 0.26421404682274247
6 0.7023411371237458 0.02508361204013378 0.24749163879598662 0.05016722408026756
6 0.479933110367893 0.9765886287625418 0.23411371237458195 0.046822742474916385
6 0.431438127090301 0.09531772575250837 0.22742474916387959 0.19063545150501673
6 0.10033444816053512 0.08193979933110368 0.20066889632107024 0.16220735785953178
6 0.8160535117056856 0.9565217391304348 0.23578595317725753 0.08528428093645485
6 0.09531772575250837 0.939799331103679 0.18896321070234115 0.11872909698996656
6 0.056856187290969896 0.49665551839464883 0.11371237458193979 0.24581939799331104
6 0.9331103678929766 0.8996655518394648 0.13377926421404682 0.20066889632107024
6 0.40468227424749165 0.2140468227424749 0.26421404682274247 0.19899665551839466
6 0.2391304347826087 0.11204013377926421 0.205685618729097 0.22408026755852842
6 0.2826086956521739 0.9096989966555183 0.23578595317725753 0.17892976588628762
6 0.8394648829431438 0.637123745819398 0.2391304347826087 0.2491638795986622
6 0.9113712374581939 0.4431438127090301 0.17224080267558528 0.24749163879598662
6 0.8193979933110368 0.17725752508361203 0.2725752508361204 0.26755852842809363
6 0.17892976588628762 0.3695652173913043 0.2591973244147157 0.2525083612040134
6 0.6605351170568562 0.8879598662207357 0.2508361204013378 0.22408026755852842
6 0.10702341137123746 0.7140468227424749 0.2140468227424749 0.2625418060200669