6 0.9448160535117057 0.021739130434782608 0.11036789297658862 0.043478260869565216
6 0.47157190635451507 0.8244147157190636 0.3060200668896321 0.1956521739130435
3 0.5033444816053512 0.520066889632107 0.5535117056856187 0.6120401337792643
6 0.41471571906354515 0.9765886287625418 0.21739130434782608 0.046822742474916385
6 0.31270903010033446 0.9347826086956522 0.24749163879598662 0.13043478260869565
6 0.10367892976588629 0.03678929765886288 0.20735785953177258 0.07357859531772576
6 0.051839464882943144 0.6822742474916388 0.10367892976588629 0.24247491638795987
6 0.2809364548494983 0.12374581939799331 0.23411371237458195 0.24749163879598662
6 0.13377926421404682 0.16387959866220736 0.26755852842809363 0.20234113712374582
6 0.1020066889632107 0.8929765886287625 0.20234113712374582 0.21237458193979933
6 0.6120401337792643 0.0802675585284281 0.24749163879598662 0.1588628762541806
6 0.9180602006688964 0.21906354515050167 0.1588628762541806 0.2508361204013378
6 0.9063545150501672 0.9113712374581939 0.1806020066889632 0.17725752508361203
6 0.8210702341137124 0.7274247491638796 0.22073578595317725 0.225752508361204
6 0.7090301003344481 0.9080267558528428 0.22073578595317725 0.18227424749163879
6 0.903010033444816 0.520066889632107 0.18896321070234115 0.24749163879598662
6 0.7157190635451505 0.24414715719063546 0.24247491638795987 0.22909698996655517
6 0.25418060200668896 0.36454849498327757 0.2709030100334448 0.22742474916387959
5 0.2591973244147157 0.6237458193979933 0.08361204013377926 0.09531772575250837