6 0.5133779264214047 0.9899665551839465 0.25418060200668896 0.020066889632107024
6 0.25418060200668896 0.3963210702341137 0.2140468227424749 0.2809364548494983
3 0.5016722408026756 0.5050167224080268 0.4916387959866221 0.560200668896321
6 0.038461538461538464 0.24581939799331104 0.07692307692307693 0.2842809364548495
6 0.9247491638795987 0.43645484949832775 0.1505016722408027 0.2508361204013378
6 0.9163879598662207 0.9581939799331104 0.1605351170568562 0.08361204013377926
5 0.10367892976588629 0.39464882943143814 0.07525083612040134 0.06856187290969899
6 0.38127090301003347 0.05852842809364549 0.27424749163879597 0.11538461538461539
6 0.44816053511705684 0.8193979933110368 0.27424749163879597 0.2508361204013378
6 0.13210702341137123 0.07190635451505016 0.26421404682274247 0.14381270903010032
6 0.903010033444816 0.10367892976588629 0.18896321070234115 0.205685618729097
6 0.5033444816053512 0.1605351170568562 0.26588628762541805 0.22909698996655517
6 0.06521739130434782 0.8528428093645485 0.13043478260869565 0.29431438127090304
6 0.8812709030100334 0.7040133779264214 0.23076923076923078 0.25585284280936454
6 0.6003344481605352 0.8812709030100334 0.2508361204013378 0.22909698996655517
6 0.8110367892976589 0.4882943143812709 0.23411371237458195 0.2976588628762542
6 0.205685618729097 0.20903010033444816 0.2842809364548495 0.23076923076923078
6 0.6839464882943144 0.11371237458193979 0.27424749163879597 0.225752508361204