6 0.5301003344481605 0.013377926421404682 0.21070234113712374 0.026755852842809364
6 0.020066889632107024 0.637123745819398 0.038461538461538464 0.22073578595317725
2 0.4983277591973244 0.5050167224080268 0.4197324414715719 0.4280936454849498
6 0.939799331103679 0.04180602006688963 0.12040133779264214 0.08361204013377926
6 0.07692307692307693 0.9765886287625418 0.15384615384615385 0.046822742474916385
6 0.7658862876254181 0.06020066889632107 0.22742474916387959 0.12040133779264214
6 0.6204013377926422 0.2525083612040134 0.24749163879598662 0.20234113712374582
6 0.6906354515050167 0.08528428093645485 0.24749163879598662 0.1705685618729097
6 0.47491638795986624 0.05852842809364549 0.23411371237458195 0.11538461538461539
5 0.38294314381270905 0.19899665551839466 0.06688963210702341 0.07190635451505016
6 0.7341137123745819 0.3110367892976589 0.225752508361204 0.23745819397993312
5 0.7474916387959866 0.6237458193979933 0.10033444816053512 0.0903010033444816
6 0.8996655518394648 0.7842809364548495 0.1956521739130435 0.21237458193979933
6 0.26588628762541805 0.8327759197324415 0.22073578595317725 0.20903010033444816
6 0.8996655518394648 0.9364548494983278 0.1956521739130435 0.12709030100334448
6 0.2625418060200669 0.9264214046822743 0.24581939799331104 0.14715719063545152
6 0.14046822742474915 0.07525083612040134 0.2608695652173913 0.1505016722408027
6 0.8913043478260869 0.6287625418060201 0.2140468227424749 0.22073578595317725
6 0.11705685618729098 0.5919732441471572 0.22240802675585283 0.2157190635451505
6 0.08361204013377926 0.8361204013377926 0.16722408026755853 0.24749163879598662