6 0.07525083612040134 0.06521739130434782 0.1505016722408027 0.13043478260869565
3 0.5033444816053512 0.5117056856187291 0.42474916387959866 0.5384615384615384
5 0.4096989966555184 0.20735785953177258 0.07525083612040134 0.06856187290969899
6 0.8110367892976589 0.49665551839464883 0.24581939799331104 0.23411371237458195
6 0.7207357859531772 0.03511705685618729 0.22408026755852842 0.07023411371237458
6 0.25585284280936454 0.9531772575250836 0.21739130434782608 0.09364548494983277
6 0.06020066889632107 0.7591973244147158 0.11872909698996656 0.225752508361204
6 0.8494983277591973 0.13712374581939799 0.23411371237458195 0.23411371237458195
6 0.8712374581939799 0.5903010033444817 0.24581939799331104 0.23745819397993312
6 0.09197324414715718 0.9214046822742475 0.18227424749163879 0.15719063545150502
6 0.10367892976588629 0.13712374581939799 0.205685618729097 0.23411371237458195
6 0.29264214046822745 0.09531772575250837 0.2140468227424749 0.19063545150501673
6 0.5234113712374582 0.8979933110367893 0.25752508361204013 0.2040133779264214
6 0.7324414715719063 0.782608695652174 0.24749163879598662 0.24247491638795987
6 0.9130434782608695 0.8444816053511706 0.1705685618729097 0.27759197324414714
6 0.18227424749163879 0.5250836120401338 0.2525083612040134 0.27424749163879597
6 0.5133779264214047 0.10702341137123746 0.23745819397993312 0.2140468227424749
6 0.2391304347826087 0.2792642140468227 0.2508361204013378 0.23411371237458195
6 0.2792642140468227 0.7976588628762542 0.24247491638795987 0.24581939799331104
6 0.8678929765886287 0.28595317725752506 0.2525083612040134 0.22073578595317725