6 0.020066889632107024 0.7157190635451505 0.038461538461538464 0.225752508361204
6 0.9782608695652174 0.4214046822742475 0.04180602006688963 0.20903010033444816
6 0.8093645484949833 0.011705685618729096 0.2391304347826087 0.021739130434782608
6 0.01839464882943144 0.12374581939799331 0.03511705685618729 0.1939799331103679
6 0.21070234113712374 0.7525083612040134 0.2959866220735786 0.3277591973244147
3 0.49665551839464883 0.5250836120401338 0.4916387959866221 0.4882943143812709
6 0.7073578595317725 0.9481605351170569 0.2508361204013378 0.10367892976588629
6 0.12207357859531773 0.10702341137123746 0.21070234113712374 0.2140468227424749
6 0.4297658862876254 0.931438127090301 0.24581939799331104 0.13712374581939799
6 0.9163879598662207 0.9046822742474916 0.16387959866220736 0.19063545150501673
6 0.07859531772575251 0.8946488294314381 0.15551839464882944 0.20903010033444816
6 0.9180602006688964 0.07859531772575251 0.15551839464882944 0.15551839464882944
6 0.8729096989966555 0.24581939799331104 0.22073578595317725 0.2040133779264214
6 0.12374581939799331 0.6153846153846154 0.24247491638795987 0.21906354515050167
6 0.8327759197324415 0.6421404682274248 0.23578595317725753 0.21906354515050167
6 0.3411371237458194 0.1020066889632107 0.25585284280936454 0.20234113712374582
6 0.09364548494983277 0.4280936454849498 0.18561872909698995 0.225752508361204
6 0.822742474916388 0.4397993311036789 0.2140468227424749 0.2040133779264214
6 0.6789297658862876 0.1605351170568562 0.23578595317725753 0.21906354515050167
6 0.7123745819397993 0.7959866220735786 0.2525083612040134 0.2157190635451505