6 0.7725752508361204 0.011705685618729096 0.22073578595317725 0.023411371237458192
3 0.49331103678929766 0.45484949832775917 0.5250836120401338 0.6755852842809364
6 0.40635451505016723 0.12876254180602006 0.23578595317725753 0.22909698996655517
6 0.7709030100334449 0.3595317725752508 0.23076923076923078 0.21237458193979933
6 0.0451505016722408 0.802675585284281 0.08862876254180602 0.24581939799331104
6 0.5551839464882943 0.9665551839464883 0.23411371237458195 0.06688963210702341
6 0.6287625418060201 0.8595317725752508 0.2608695652173913 0.22073578595317725
6 0.939799331103679 0.2959866220735786 0.11371237458193979 0.2508361204013378
6 0.3377926421404682 0.9548494983277592 0.225752508361204 0.08862876254180602
6 0.2959866220735786 0.1020066889632107 0.225752508361204 0.20234113712374582
6 0.822742474916388 0.44648829431438125 0.23578595317725753 0.23076923076923078
6 0.07190635451505016 0.1020066889632107 0.14381270903010032 0.20234113712374582
6 0.7157190635451505 0.08193979933110368 0.23578595317725753 0.16220735785953178
6 0.9163879598662207 0.09197324414715718 0.1605351170568562 0.18394648829431437
6 0.7658862876254181 0.8846153846153846 0.2391304347826087 0.23076923076923078
6 0.9247491638795987 0.7926421404682275 0.1454849498327759 0.2625418060200669
6 0.10367892976588629 0.32441471571906355 0.205685618729097 0.24247491638795987
6 0.20735785953177258 0.7759197324414716 0.2525083612040134 0.23076923076923078
6 0.10869565217391304 0.5668896321070234 0.21739130434782608 0.225752508361204