6 0.0802675585284281 0.1354515050167224 0.1605351170568562 0.2525083612040134
6 0.9665551839464883 0.9464882943143813 0.06020066889632107 0.10702341137123746
6 0.9163879598662207 0.19063545150501673 0.1605351170568562 0.22909698996655517
6 0.22240802675585283 0.9899665551839465 0.23578595317725753 0.020066889632107024
6 0.05852842809364549 0.5083612040133779 0.11705685618729098 0.24581939799331104
3 0.5083612040133779 0.5033444816053512 0.42474916387959866 0.4899665551839465
6 0.5284280936454849 0.14381270903010032 0.22073578595317725 0.22909698996655517
6 0.1705685618729097 0.03177257525083612 0.23076923076923078 0.061872909698996656
6 0.1020066889632107 0.4297658862876254 0.20234113712374582 0.24247491638795987
6 0.20735785953177258 0.6204013377926422 0.23076923076923078 0.22909698996655517
6 0.6187290969899666 0.026755852842809364 0.26755852842809363 0.05351170568561873
6 0.8712374581939799 0.2993311036789298 0.24247491638795987 0.2408026755852843
6 0.6220735785953178 0.14046822742474915 0.22240802675585283 0.2157190635451505
6 0.14381270903010032 0.7123745819397993 0.22742474916387959 0.23411371237458195
6 0.16555183946488294 0.20903010033444816 0.225752508361204 0.23076923076923078
6 0.45484949832775917 0.931438127090301 0.25585284280936454 0.1354515050167224
6 0.09531772575250837 0.903010033444816 0.19063545150501673 0.1939799331103679
6 0.6923076923076923 0.9347826086956522 0.24749163879598662 0.13043478260869565
6 0.7424749163879598 0.7759197324414716 0.23578595317725753 0.2157190635451505
6 0.8193979933110368 0.5903010033444817 0.26588628762541805 0.1956521739130435
6 0.34448160535117056 0.8076923076923077 0.2391304347826087 0.23076923076923078
6 0.9515050167224081 0.7157190635451505 0.09698996655518395 0.20735785953177258
6 0.9698996655518395 0.5016722408026756 0.06020066889632107 0.20234113712374582
6 0.2608695652173913 0.15551839464882944 0.24414715719063546 0.23244147157190637
6 0.7642140468227425 0.35618729096989965 0.225752508361204 0.25752508361204013