6 0.020066889632107024 0.9431438127090301 0.038461538461538464 0.11371237458193979
6 0.07859531772575251 0.9866220735785953 0.15719063545150502 0.026755852842809364
6 0.9515050167224081 0.3193979933110368 0.09698996655518395 0.2525083612040134
6 0.2709030100334448 0.8344481605351171 0.2591973244147157 0.2157190635451505
6 0.7307692307692307 0.8929765886287625 0.2842809364548495 0.205685618729097
6 0.6806020066889632 0.013377926421404682 0.24414715719063546 0.026755852842809364
6 0.07859531772575251 0.023411371237458192 0.15551839464882944 0.046822742474916385
3 0.5083612040133779 0.4899665551839465 0.6103678929765887 0.5451505016722408
6 0.06688963210702341 0.2692307692307692 0.13210702341137123 0.3712374581939799
6 0.9130434782608695 0.9381270903010034 0.17391304347826086 0.12374581939799331
5 0.19732441471571907 0.38127090301003347 0.10702341137123746 0.10535117056856187
6 0.6789297658862876 0.9548494983277592 0.23578595317725753 0.0903010033444816
6 0.23411371237458195 0.3076923076923077 0.22073578595317725 0.25585284280936454
6 0.07190635451505016 0.7658862876254181 0.14381270903010032 0.2508361204013378
6 0.8612040133779264 0.3394648829431438 0.24581939799331104 0.23076923076923078
6 0.47157190635451507 0.07190635451505016 0.2408026755852843 0.14381270903010032
6 0.2391304347826087 0.9130434782608695 0.2508361204013378 0.17391304347826086
6 0.9214046822742475 0.5769230769230769 0.15384615384615385 0.25585284280936454
6 0.48494983277591974 0.9046822742474916 0.225752508361204 0.19063545150501673
6 0.22240802675585283 0.08862876254180602 0.26755852842809363 0.17725752508361203
6 0.7675585284280937 0.6889632107023411 0.22073578595317725 0.2157190635451505
6 0.6605351170568562 0.17892976588628762 0.24581939799331104 0.2491638795986622
6 0.8729096989966555 0.11204013377926421 0.24749163879598662 0.22408026755852842
6 0.11036789297658862 0.5384615384615384 0.22073578595317725 0.2408026755852843