6 0.3294314381270903 0.774247491638796 0.23076923076923078 0.20903010033444816
6 0.9297658862876255 0.4331103678929766 0.13879598662207357 0.21906354515050167
6 0.33277591973244147 0.02508361204013378 0.23578595317725753 0.05016722408026756
3 0.5 0.4916387959866221 0.5167224080267558 0.560200668896321
6 0.4866220735785953 0.9782608695652174 0.22240802675585283 0.04180602006688963
5 0.2959866220735786 0.9280936454849499 0.08528428093645485 0.0802675585284281
6 0.4665551839464883 0.8277591973244147 0.24581939799331104 0.205685618729097
6 0.08193979933110368 0.051839464882943144 0.16387959866220736 0.10367892976588629
6 0.939799331103679 0.1939799331103679 0.11371237458193979 0.24581939799331104
6 0.7725752508361204 0.931438127090301 0.2709030100334448 0.1354515050167224
6 0.8344481605351171 0.4214046822742475 0.225752508361204 0.225752508361204
6 0.14381270903010032 0.9046822742474916 0.22742474916387959 0.18394648829431437
6 0.6153846153846154 0.09698996655518395 0.25418060200668896 0.1939799331103679
6 0.8862876254180602 0.7976588628762542 0.22240802675585283 0.23411371237458195
6 0.23745819397993312 0.15551839464882944 0.2525083612040134 0.25585284280936454
6 0.10367892976588629 0.7140468227424749 0.205685618729097 0.19899665551839466