3 0.5066889632107023 0.5033444816053512 0.4916387959866221 0.6588628762541806
6 0.9665551839464883 0.8913043478260869 0.06688963210702341 0.21739130434782608
6 0.8595317725752508 0.013377926421404682 0.24749163879598662 0.026755852842809364
6 0.23244147157190637 0.9782608695652174 0.22742474916387959 0.04180602006688963
6 0.20066889632107024 0.3494983277591973 0.25585284280936454 0.26588628762541805
6 0.842809364548495 0.42642140468227424 0.23578595317725753 0.24581939799331104
6 0.2508361204013378 0.1488294314381271 0.2525083612040134 0.23745819397993312
6 0.06688963210702341 0.225752508361204 0.13210702341137123 0.2408026755852843
6 0.06521739130434782 0.06521739130434782 0.13043478260869565 0.13043478260869565
6 0.8896321070234113 0.7391304347826086 0.21739130434782608 0.23411371237458195
6 0.5785953177257525 0.9297658862876255 0.22240802675585283 0.14046822742474915
6 0.06521739130434782 0.7190635451505016 0.13043478260869565 0.27591973244147155
6 0.8127090301003345 0.5869565217391305 0.22073578595317725 0.2491638795986622
6 0.7809364548494984 0.9147157190635451 0.22408026755852842 0.1705685618729097
6 0.5836120401337793 0.06020066889632107 0.24749163879598662 0.11872909698996656
6 0.9080267558528428 0.23578595317725753 0.17892976588628762 0.2508361204013378
6 0.23244147157190637 0.677257525083612 0.225752508361204 0.2508361204013378
6 0.3712374581939799 0.8913043478260869 0.22240802675585283 0.205685618729097