3 0.4665551839464883 0.4765886287625418 0.7959866220735786 0.5819397993311036
6 0.010033444816053512 0.31438127090301005 0.01839464882943144 0.1956521739130435
6 0.9882943143812709 0.5050167224080268 0.021739130434782608 0.1956521739130435
5 0.842809364548495 0.28762541806020064 0.06354515050167224 0.06856187290969899
6 0.8896321070234113 0.033444816053511704 0.2140468227424749 0.06521739130434782
6 0.6521739130434783 0.9448160535117057 0.23076923076923078 0.11036789297658862
6 0.07190635451505016 0.4916387959866221 0.14381270903010032 0.24749163879598662
6 0.28762541806020064 0.06688963210702341 0.23578595317725753 0.13210702341137123
6 0.6688963210702341 0.782608695652174 0.2391304347826087 0.19899665551839466
6 0.4197324414715719 0.8795986622073578 0.20066889632107024 0.20903010033444816
6 0.5183946488294314 0.07692307692307693 0.22073578595317725 0.15384615384615385
6 0.8996655518394648 0.3695652173913043 0.1956521739130435 0.21906354515050167
6 0.08361204013377926 0.07525083612040134 0.16722408026755853 0.1505016722408027
6 0.15719063545150502 0.9147157190635451 0.2140468227424749 0.1705685618729097
6 0.8578595317725752 0.6454849498327759 0.2157190635451505 0.20066889632107024
6 0.27759197324414714 0.6755852842809364 0.20066889632107024 0.20903010033444816
6 0.9230769230769231 0.8394648829431438 0.14715719063545152 0.225752508361204
6 0.7642140468227425 0.15551839464882944 0.23411371237458195 0.205685618729097