6 0.9765886287625418 0.3377926421404682 0.0451505016722408 0.2140468227424749
3 0.5033444816053512 0.4816053511705686 0.5150501672240803 0.5451505016722408
6 0.030100334448160536 0.08361204013377926 0.06020066889632107 0.16722408026755853
6 0.05351170568561873 0.3377926421404682 0.10702341137123746 0.2959866220735786
6 0.04013377926421405 0.8946488294314381 0.0802675585284281 0.2040133779264214
6 0.9515050167224081 0.1020066889632107 0.09197324414715718 0.20234113712374582
5 0.9364548494983278 0.7993311036789298 0.10033444816053512 0.08862876254180602
6 0.5033444816053512 0.061872909698996656 0.24749163879598662 0.12374581939799331
6 0.18394648829431437 0.2826086956521739 0.22742474916387959 0.2508361204013378
6 0.7775919732441472 0.26421404682274247 0.23411371237458195 0.23076923076923078
6 0.8361204013377926 0.5083612040133779 0.23411371237458195 0.25585284280936454
6 0.3411371237458194 0.794314381270903 0.23244147157190637 0.24247491638795987
6 0.11705685618729098 0.725752508361204 0.23244147157190637 0.22742474916387959
6 0.5986622073578596 0.8127090301003345 0.26421404682274247 0.2525083612040134
6 0.16220735785953178 0.5066889632107023 0.23076923076923078 0.20903010033444816