6 0.2408026755852843 0.3110367892976589 0.14214046822742474 0.13043478260869565
6 0.9682274247491639 0.028428093645484948 0.061872909698996656 0.056856187290969896
6 0.4013377926421405 0.015050167224080268 0.25752508361204013 0.030100334448160536
6 0.7073578595317725 0.5250836120401338 0.2140468227424749 0.2826086956521739
6 0.9665551839464883 0.25418060200668896 0.06521739130434782 0.2508361204013378
2 0.5016722408026756 0.5016722408026756 0.30267558528428096 0.2976588628762542
6 0.13879598662207357 0.9632107023411371 0.2157190635451505 0.07357859531772576
6 0.16220735785953178 0.9130434782608695 0.24414715719063546 0.17391304347826086
6 0.030100334448160536 0.9063545150501672 0.06020066889632107 0.1806020066889632
6 0.3996655518394649 0.9431438127090301 0.2692307692307692 0.11371237458193979
6 0.1939799331103679 0.2391304347826087 0.23578595317725753 0.23578595317725753
6 0.048494983277591976 0.2842809364548495 0.09698996655518395 0.25418060200668896
6 0.16722408026755853 0.06020066889632107 0.24414715719063546 0.11872909698996656
6 0.782608695652174 0.9280936454849499 0.2591973244147157 0.14381270903010032
6 0.6438127090301003 0.7441471571906354 0.26588628762541805 0.24749163879598662
6 0.2725752508361204 0.3762541806020067 0.225752508361204 0.25418060200668896
6 0.9247491638795987 0.7993311036789298 0.1454849498327759 0.21739130434782608
6 0.8729096989966555 0.3511705685618729 0.24414715719063546 0.2525083612040134
6 0.3193979933110368 0.637123745819398 0.22909698996655517 0.2725752508361204
6 0.8612040133779264 0.11705685618729098 0.2140468227424749 0.22742474916387959
6 0.882943143812709 0.6187290969899666 0.22240802675585283 0.21739130434782608
6 0.5668896321070234 0.10869565217391304 0.23076923076923078 0.21739130434782608
6 0.6806020066889632 0.27424749163879597 0.2408026755852843 0.23244147157190637
6 0.11204013377926421 0.717391304347826 0.22408026755852842 0.225752508361204