3 0.5033444816053512 0.4983277591973244 0.5384615384615384 0.5016722408026756
6 0.2508361204013378 0.3411371237458194 0.225752508361204 0.2491638795986622
6 0.8494983277591973 0.5903010033444817 0.22742474916387959 0.21906354515050167
5 0.13879598662207357 0.3177257525083612 0.09531772575250837 0.07859531772575251
6 0.06688963210702341 0.22073578595317725 0.13210702341137123 0.2608695652173913
6 0.6254180602006689 0.056856187290969896 0.22909698996655517 0.11204013377926421
6 0.0903010033444816 0.08361204013377926 0.1806020066889632 0.16722408026755853
6 0.9046822742474916 0.6906354515050167 0.18561872909698995 0.20066889632107024
6 0.061872909698996656 0.8127090301003345 0.12374581939799331 0.2408026755852843
6 0.9147157190635451 0.882943143812709 0.16722408026755853 0.23411371237458195
6 0.43478260869565216 0.9331103678929766 0.2591973244147157 0.13210702341137123
6 0.11705685618729098 0.49665551839464883 0.23244147157190637 0.2608695652173913
6 0.8578595317725752 0.08528428093645485 0.26421404682274247 0.1705685618729097
6 0.23244147157190637 0.8879598662207357 0.2809364548494983 0.22408026755852842
6 0.22408026755852842 0.6872909698996655 0.24247491638795987 0.205685618729097
6 0.6839464882943144 0.20903010033444816 0.2391304347826087 0.22073578595317725
6 0.27759197324414714 0.10033444816053512 0.23411371237458195 0.20066889632107024
6 0.8896321070234113 0.27759197324414714 0.21739130434782608 0.2525083612040134
6 0.705685618729097 0.7692307692307693 0.2508361204013378 0.25752508361204013