3 0.5050167224080268 0.5418060200668896 0.5217391304347826 0.560200668896321
6 0.12374581939799331 0.5668896321070234 0.24749163879598662 0.2709030100334448
6 0.705685618729097 0.07692307692307693 0.23411371237458195 0.15384615384615385
5 0.6939799331103679 0.9732441471571907 0.08862876254180602 0.05351170568561873
6 0.2591973244147157 0.46488294314381273 0.17224080267558528 0.34615384615384615
6 0.4214046822742475 0.8394648829431438 0.2959866220735786 0.1956521739130435
3 0.9381270903010034 0.11872909698996656 0.12374581939799331 0.23745819397993312
6 0.5167224080267558 0.06688963210702341 0.2608695652173913 0.13210702341137123
6 0.20735785953177258 0.030100334448160536 0.24749163879598662 0.06020066889632107
6 0.14214046822742474 0.774247491638796 0.25585284280936454 0.27591973244147155
6 0.7692307692307693 0.782608695652174 0.2508361204013378 0.2809364548494983