6 0.011705685618729096 0.8177257525083612 0.023411371237458192 0.21070234113712374
6 0.9414715719063546 0.0903010033444816 0.10869565217391304 0.1806020066889632
3 0.5117056856187291 0.5083612040133779 0.5919732441471572 0.6755852842809364
6 0.6939799331103679 0.9816053511705686 0.22742474916387959 0.03511705685618729
6 0.08528428093645485 0.9364548494983278 0.1705685618729097 0.12709030100334448
6 0.6889632107023411 0.048494983277591976 0.27759197324414714 0.09698996655518395
6 0.24414715719063546 0.9113712374581939 0.22742474916387959 0.17725752508361203
6 0.14046822742474915 0.05518394648829431 0.2591973244147157 0.11036789297658862
6 0.3093645484949833 0.7859531772575251 0.26755852842809363 0.2525083612040134
6 0.5903010033444817 0.8812709030100334 0.2525083612040134 0.22073578595317725
6 0.4230769230769231 0.11371237458193979 0.23578595317725753 0.225752508361204
6 0.903010033444816 0.45819397993311034 0.18896321070234115 0.22909698996655517
6 0.7123745819397993 0.21070234113712374 0.26421404682274247 0.22408026755852842
6 0.8411371237458194 0.6605351170568562 0.20903010033444816 0.225752508361204
6 0.21237458193979933 0.20735785953177258 0.2591973244147157 0.22408026755852842
6 0.14381270903010032 0.48327759197324416 0.22240802675585283 0.22909698996655517