6 0.9715719063545151 0.7474916387959866 0.056856187290969896 0.19063545150501673
6 0.9096989966555183 0.27759197324414714 0.17558528428093645 0.17725752508361203
5 0.9715719063545151 0.7073578595317725 0.05016722408026756 0.08361204013377926
6 0.7090301003344481 0.6806020066889632 0.23578595317725753 0.23076923076923078
5 0.9715719063545151 0.7374581939799331 0.056856187290969896 0.16555183946488294
5 0.9832775919732442 0.5769230769230769 0.033444816053511704 0.056856187290969896
3 0.5016722408026756 0.49665551839464883 0.5133779264214047 0.5267558528428093
6 0.42642140468227424 0.043478260869565216 0.27424749163879597 0.08528428093645485
6 0.6989966555183946 0.2709030100334448 0.2525083612040134 0.2625418060200669
6 0.9080267558528428 0.41638795986622074 0.17892976588628762 0.19063545150501673
6 0.6204013377926422 0.03511705685618729 0.26421404682274247 0.06856187290969899
6 0.048494983277591976 0.18561872909698995 0.09698996655518395 0.26755852842809363
6 0.3494983277591973 0.9163879598662207 0.2391304347826087 0.16555183946488294
6 0.16387959866220736 0.03177257525083612 0.25585284280936454 0.061872909698996656
6 0.81438127090301 0.6538461538461539 0.13879598662207357 0.1956521739130435
6 0.48327759197324416 0.17725752508361203 0.24581939799331104 0.17892976588628762
6 0.061872909698996656 0.5735785953177257 0.12374581939799331 0.22408026755852842
6 0.2157190635451505 0.6438127090301003 0.205685618729097 0.2591973244147157
6 0.8946488294314381 0.09364548494983277 0.21070234113712374 0.18729096989966554
6 0.11872909698996656 0.8561872909698997 0.23745819397993312 0.22742474916387959
6 0.225752508361204 0.1688963210702341 0.2525083612040134 0.205685618729097
6 0.15384615384615385 0.3862876254180602 0.2391304347826087 0.22408026755852842
6 0.49665551839464883 0.7876254180602007 0.2709030100334448 0.17391304347826086
6 0.4899665551839465 0.9180602006688964 0.22909698996655517 0.1488294314381271