6 0.26421404682274247 0.010033444816053512 0.20735785953177258 0.01839464882943144
6 0.979933110367893 0.24749163879598662 0.038461538461538464 0.22909698996655517
5 0.42642140468227424 0.02508361204013378 0.09197324414715718 0.05016722408026756
3 0.5117056856187291 0.5033444816053512 0.5066889632107023 0.6387959866220736
6 0.25752508361204013 0.9765886287625418 0.225752508361204 0.046822742474916385
6 0.9464882943143813 0.9280936454849499 0.10033444816053512 0.14381270903010032
6 0.8946488294314381 0.04180602006688963 0.205685618729097 0.08361204013377926
6 0.06020066889632107 0.3193979933110368 0.12040133779264214 0.2040133779264214
6 0.6287625418060201 0.15551839464882944 0.22073578595317725 0.1956521739130435
6 0.19063545150501673 0.39297658862876256 0.20234113712374582 0.2408026755852843
6 0.7725752508361204 0.7608695652173914 0.21739130434782608 0.24247491638795987
6 0.07859531772575251 0.8595317725752508 0.15551839464882944 0.22073578595317725
6 0.3093645484949833 0.13377926421404682 0.21070234113712374 0.205685618729097
6 0.13879598662207357 0.6137123745819398 0.22742474916387959 0.20234113712374582
6 0.903010033444816 0.617056856187291 0.18896321070234115 0.1939799331103679
6 0.842809364548495 0.1939799331103679 0.23076923076923078 0.24581939799331104