6 0.016722408026755852 0.08361204013377926 0.033444816053511704 0.16555183946488294
5 0.03511705685618729 0.6438127090301003 0.06688963210702341 0.07190635451505016
6 0.8879598662207357 0.7658862876254181 0.22073578595317725 0.18227424749163879
2 0.4983277591973244 0.5033444816053512 0.4816053511705686 0.47157190635451507
6 0.03177257525083612 0.4280936454849498 0.06354515050167224 0.23076923076923078
6 0.8946488294314381 0.013377926421404682 0.21070234113712374 0.026755852842809364
6 0.043478260869565216 0.9147157190635451 0.08528428093645485 0.16555183946488294
6 0.931438127090301 0.3695652173913043 0.1354515050167224 0.2525083612040134
6 0.12040133779264214 0.05016722408026756 0.22742474916387959 0.10033444816053512
6 0.18394648829431437 0.9414715719063546 0.22240802675585283 0.11538461538461539
6 0.43478260869565216 0.9247491638795987 0.2408026755852843 0.1505016722408027
6 0.8913043478260869 0.8645484949832776 0.1956521739130435 0.17224080267558528
6 0.1705685618729097 0.6220735785953178 0.2140468227424749 0.2040133779264214
6 0.3394648829431438 0.205685618729097 0.22742474916387959 0.24247491638795987
6 0.7759197324414716 0.3528428093645485 0.2140468227424749 0.2491638795986622
6 0.6789297658862876 0.8979933110367893 0.2408026755852843 0.2040133779264214
6 0.1688963210702341 0.21237458193979933 0.24581939799331104 0.2040133779264214
6 0.7909698996655519 0.11204013377926421 0.23411371237458195 0.21906354515050167
6 0.3193979933110368 0.7909698996655519 0.2391304347826087 0.22073578595317725
6 0.18729096989966554 0.4197324414715719 0.22073578595317725 0.205685618729097