5 0.774247491638796 0.5585284280936454 0.06688963210702341 0.0802675585284281
6 0.9698996655518395 0.6672240802675585 0.06020066889632107 0.2408026755852843
6 0.04180602006688963 0.9230769230769231 0.08361204013377926 0.15384615384615385
6 0.0451505016722408 0.6153846153846154 0.08862876254180602 0.2625418060200669
6 0.8578595317725752 0.016722408026755852 0.24749163879598662 0.033444816053511704
5 0.7123745819397993 0.362876254180602 0.12040133779264214 0.10702341137123746
3 0.49665551839464883 0.49665551839464883 0.43478260869565216 0.4682274247491639
6 0.7023411371237458 0.7474916387959866 0.24247491638795987 0.205685618729097
6 0.07357859531772576 0.3494983277591973 0.14715719063545152 0.23076923076923078
6 0.2725752508361204 0.9297658862876255 0.26755852842809363 0.14046822742474915
6 0.3795986622073579 0.7809364548494984 0.26421404682274247 0.205685618729097
6 0.2692307692307692 0.2976588628762542 0.21070234113712374 0.2525083612040134
6 0.34782608695652173 0.08361204013377926 0.22073578595317725 0.16555183946488294
6 0.6438127090301003 0.9214046822742475 0.2508361204013378 0.15719063545150502
6 0.6839464882943144 0.0903010033444816 0.22909698996655517 0.1806020066889632
6 0.1354515050167224 0.11204013377926421 0.22742474916387959 0.205685618729097
6 0.8913043478260869 0.3110367892976589 0.2140468227424749 0.2491638795986622
6 0.19063545150501673 0.5585284280936454 0.23411371237458195 0.23411371237458195