6 0.020066889632107024 0.8695652173913043 0.038461538461538464 0.205685618729097
6 0.979933110367893 0.47157190635451507 0.038461538461538464 0.18729096989966554
3 0.5050167224080268 0.5317725752508361 0.44481605351170567 0.42474916387959866
6 0.9832775919732442 0.12207357859531773 0.033444816053511704 0.19732441471571907
2 0.5066889632107023 0.5301003344481605 0.4414715719063545 0.4280936454849498
6 0.9765886287625418 0.9046822742474916 0.0451505016722408 0.18896321070234115
6 0.8260869565217391 0.882943143812709 0.26421404682274247 0.21906354515050167
6 0.822742474916388 0.7993311036789298 0.24749163879598662 0.205685618729097
6 0.5785953177257525 0.8076923076923077 0.23411371237458195 0.19899665551839466
6 0.5785953177257525 0.046822742474916385 0.22742474916387959 0.09364548494983277
6 0.4682274247491639 0.8344481605351171 0.2140468227424749 0.2040133779264214
6 0.11036789297658862 0.7123745819397993 0.22073578595317725 0.25418060200668896
6 0.7909698996655519 0.08695652173913043 0.24581939799331104 0.17391304347826086
6 0.23745819397993312 0.5953177257525084 0.22073578595317725 0.22073578595317725
6 0.07357859531772576 0.2491638795986622 0.14715719063545152 0.22909698996655517
6 0.8996655518394648 0.28762541806020064 0.1956521739130435 0.22909698996655517
6 0.14381270903010032 0.08361204013377926 0.23411371237458195 0.16722408026755853
6 0.5050167224080268 0.1939799331103679 0.22742474916387959 0.24581939799331104
6 0.0802675585284281 0.47157190635451507 0.1605351170568562 0.22073578595317725
6 0.19063545150501673 0.8545150501672241 0.23578595317725753 0.2491638795986622
6 0.705685618729097 0.28762541806020064 0.2508361204013378 0.23411371237458195