5 0.9464882943143813 0.8127090301003345 0.09197324414715718 0.1605351170568562
6 0.020066889632107024 0.09364548494983277 0.038461538461538464 0.18729096989966554
6 0.9548494983277592 0.8377926421404682 0.08862876254180602 0.23076923076923078
2 0.4983277591973244 0.5100334448160535 0.4698996655518395 0.43645484949832775
3 0.49665551839464883 0.5100334448160535 0.4665551839464883 0.43645484949832775
6 0.8010033444816054 0.6755852842809364 0.22073578595317725 0.2157190635451505
5 0.9230769230769231 0.782608695652174 0.08193979933110368 0.07190635451505016
6 0.9765886287625418 0.21739130434782608 0.0451505016722408 0.1956521739130435
6 0.21739130434782608 0.12207357859531773 0.2525083612040134 0.23411371237458195
5 0.07190635451505016 0.05351170568561873 0.08361204013377926 0.06856187290969899
6 0.560200668896321 0.9782608695652174 0.23411371237458195 0.043478260869565216
6 0.9581939799331104 0.4431438127090301 0.08361204013377926 0.23076923076923078
6 0.048494983277591976 0.26755852842809363 0.09698996655518395 0.225752508361204
6 0.06856187290969899 0.4765886287625418 0.1354515050167224 0.225752508361204
6 0.8678929765886287 0.5869565217391305 0.23076923076923078 0.22073578595317725
6 0.0802675585284281 0.9548494983277592 0.1605351170568562 0.0903010033444816
6 0.5351170568561873 0.048494983277591976 0.24247491638795987 0.09698996655518395
6 0.29431438127090304 0.1956521739130435 0.22742474916387959 0.2040133779264214
6 0.8729096989966555 0.04180602006688963 0.23076923076923078 0.08361204013377926
6 0.3712374581939799 0.7993311036789298 0.225752508361204 0.21906354515050167
6 0.07525083612040134 0.7993311036789298 0.1505016722408027 0.23076923076923078
6 0.17391304347826086 0.580267558528428 0.24247491638795987 0.22909698996655517
6 0.2508361204013378 0.9147157190635451 0.2140468227424749 0.1705685618729097
6 0.5852842809364549 0.8612040133779264 0.2608695652173913 0.21237458193979933
6 0.205685618729097 0.3595317725752508 0.2391304347826087 0.21237458193979933
6 0.8545150501672241 0.2725752508361204 0.24749163879598662 0.23745819397993312