6 0.03678929765886288 0.9698996655518395 0.07357859531772576 0.06020066889632107
6 0.09866220735785954 0.015050167224080268 0.19732441471571907 0.030100334448160536
6 0.46321070234113715 0.8177257525083612 0.2976588628762542 0.23076923076923078
6 0.1588628762541806 0.9832775919732442 0.19732441471571907 0.033444816053511704
3 0.5033444816053512 0.4983277591973244 0.47491638795986624 0.5083612040133779
6 0.8712374581939799 0.02508361204013378 0.23076923076923078 0.05016722408026756
6 0.07023411371237458 0.7525083612040134 0.13879598662207357 0.26755852842809363
6 0.4197324414715719 0.05518394648829431 0.21739130434782608 0.11036789297658862
6 0.7909698996655519 0.5451505016722408 0.205685618729097 0.29264214046822745
6 0.9096989966555183 0.44816053511705684 0.17558528428093645 0.27424749163879597
6 0.3193979933110368 0.9214046822742475 0.24414715719063546 0.15719063545150502
6 0.9347826086956522 0.7224080267558528 0.13043478260869565 0.2709030100334448
6 0.23411371237458195 0.09364548494983277 0.22073578595317725 0.18729096989966554
6 0.6036789297658863 0.1254180602006689 0.23411371237458195 0.24581939799331104
6 0.2591973244147157 0.7408026755852842 0.17892976588628762 0.19899665551839466
6 0.7558528428093646 0.8043478260869565 0.2508361204013378 0.24247491638795987
6 0.2591973244147157 0.32274247491638797 0.22073578595317725 0.2508361204013378
6 0.09531772575250837 0.23244147157190637 0.19063545150501673 0.2508361204013378
6 0.12709030100334448 0.5652173913043478 0.225752508361204 0.22073578595317725
6 0.8545150501672241 0.16722408026755853 0.2591973244147157 0.2408026755852843