6 0.2157190635451505 0.5836120401337793 0.18561872909698995 0.23745819397993312
5 0.6906354515050167 0.7859531772575251 0.0903010033444816 0.07190635451505016
6 0.959866220735786 0.8394648829431438 0.07525083612040134 0.22073578595317725
3 0.5133779264214047 0.5117056856187291 0.4498327759197324 0.48327759197324416
6 0.6020066889632107 0.09866220735785954 0.22073578595317725 0.19732441471571907
6 0.07525083612040134 0.03678929765886288 0.1505016722408027 0.07357859531772576
6 0.06521739130434782 0.8996655518394648 0.13043478260869565 0.20066889632107024
6 0.33612040133779264 0.048494983277591976 0.23411371237458195 0.09698996655518395
6 0.8946488294314381 0.04180602006688963 0.20066889632107024 0.08361204013377926
6 0.7976588628762542 0.3494983277591973 0.24247491638795987 0.225752508361204
6 0.3979933110367893 0.19899665551839466 0.19230769230769232 0.18729096989966554
6 0.6923076923076923 0.19063545150501673 0.23076923076923078 0.24581939799331104
6 0.745819397993311 0.754180602006689 0.22073578595317725 0.22073578595317725
6 0.705685618729097 0.9297658862876255 0.22240802675585283 0.14046822742474915
6 0.9448160535117057 0.23411371237458195 0.11036789297658862 0.23076923076923078
6 0.16722408026755853 0.8729096989966555 0.20903010033444816 0.20903010033444816
6 0.5468227424749164 0.8444816053511706 0.22742474916387959 0.24581939799331104
6 0.36454849498327757 0.9214046822742475 0.2140468227424749 0.15719063545150502
6 0.27591973244147155 0.34448160535117056 0.22073578595317725 0.19899665551839466
6 0.11538461538461539 0.5585284280936454 0.2140468227424749 0.22909698996655517