6 0.07859531772575251 0.8779264214046822 0.15719063545150502 0.22408026755852842
6 0.7775919732441472 0.9264214046822743 0.24581939799331104 0.14715719063545152
6 0.051839464882943144 0.959866220735786 0.10367892976588629 0.0802675585284281
6 0.023411371237458192 0.5501672240802675 0.046822742474916385 0.22073578595317725
6 0.8578595317725752 0.33444816053511706 0.2508361204013378 0.22909698996655517
5 0.2909698996655518 0.011705685618729096 0.07023411371237458 0.021739130434782608
6 0.9565217391304348 0.026755852842809364 0.0802675585284281 0.05351170568561873
6 0.9113712374581939 0.3729096989966555 0.17725752508361203 0.23076923076923078
6 0.7959866220735786 0.06020066889632107 0.24749163879598662 0.12040133779264214
3 0.5050167224080268 0.6036789297658863 0.5351170568561873 0.5518394648829431
6 0.7040133779264214 0.959866220735786 0.2525083612040134 0.0802675585284281
6 0.2408026755852843 0.47157190635451507 0.21070234113712374 0.225752508361204
6 0.22240802675585283 0.8612040133779264 0.2725752508361204 0.2625418060200669
6 0.919732441471572 0.15719063545150502 0.1605351170568562 0.23076923076923078
6 0.9280936454849499 0.8846153846153846 0.1354515050167224 0.225752508361204
6 0.08695652173913043 0.08193979933110368 0.17391304347826086 0.16387959866220736
6 0.47491638795986624 0.046822742474916385 0.2608695652173913 0.09364548494983277
6 0.568561872909699 0.8762541806020067 0.23411371237458195 0.24749163879598662
6 0.8812709030100334 0.677257525083612 0.23076923076923078 0.22909698996655517
6 0.7307692307692307 0.782608695652174 0.2391304347826087 0.20903010033444816
6 0.22742474916387959 0.2692307692307692 0.2508361204013378 0.24581939799331104
6 0.6889632107023411 0.11538461538461539 0.2157190635451505 0.225752508361204
6 0.05518394648829431 0.36454849498327757 0.10869565217391304 0.22742474916387959
6 0.11036789297658862 0.411371237458194 0.17391304347826086 0.25585284280936454
6 0.39297658862876256 0.1806020066889632 0.23578595317725753 0.22073578595317725
6 0.22073578595317725 0.11036789297658862 0.2391304347826087 0.21070234113712374
6 0.7474916387959866 0.21237458193979933 0.21739130434782608 0.2157190635451505
6 0.3528428093645485 0.919732441471572 0.23578595317725753 0.1588628762541806