3 0.49498327759197325 0.4882943143812709 0.560200668896321 0.6137123745819398
6 0.5618729096989966 0.033444816053511704 0.2140468227424749 0.06521739130434782
6 0.9548494983277592 0.21906354515050167 0.08862876254180602 0.2408026755852843
6 0.7023411371237458 0.08862876254180602 0.25585284280936454 0.17725752508361203
6 0.0903010033444816 0.9364548494983278 0.1806020066889632 0.12709030100334448
6 0.479933110367893 0.8862876254180602 0.25585284280936454 0.225752508361204
6 0.9347826086956522 0.49331103678929766 0.1254180602006689 0.2491638795986622
6 0.8377926421404682 0.5919732441471572 0.20234113712374582 0.24247491638795987
6 0.2826086956521739 0.9147157190635451 0.2709030100334448 0.1705685618729097
6 0.18394648829431437 0.5903010033444817 0.21739130434782608 0.22909698996655517
6 0.08361204013377926 0.2959866220735786 0.16722408026755853 0.22909698996655517
6 0.08862876254180602 0.7692307692307693 0.17725752508361203 0.22742474916387959
6 0.8979933110367893 0.8093645484949833 0.19230769230769232 0.24581939799331104
6 0.7090301003344481 0.8745819397993311 0.22240802675585283 0.24581939799331104
6 0.20735785953177258 0.11036789297658862 0.26421404682274247 0.22073578595317725
6 0.3210702341137124 0.23076923076923078 0.22909698996655517 0.2508361204013378
6 0.8110367892976589 0.18729096989966554 0.25418060200668896 0.28762541806020064