6 0.9464882943143813 0.25752508361204013 0.10367892976588629 0.2625418060200669
6 0.7006688963210702 0.010033444816053512 0.22742474916387959 0.01839464882943144
6 0.717391304347826 0.11705685618729098 0.23076923076923078 0.21906354515050167
3 0.5083612040133779 0.5083612040133779 0.5117056856187291 0.5367892976588629
5 0.25418060200668896 0.04180602006688963 0.12040133779264214 0.08361204013377926
6 0.939799331103679 0.9280936454849499 0.11705685618729098 0.14381270903010032
6 0.03678929765886288 0.7391304347826086 0.07357859531772576 0.2809364548494983
6 0.7441471571906354 0.9749163879598662 0.23411371237458195 0.05016722408026756
5 0.47157190635451507 0.11371237458193979 0.10033444816053512 0.09698996655518395
6 0.6488294314381271 0.9180602006688964 0.2809364548494983 0.15719063545150502
6 0.06020066889632107 0.3093645484949833 0.12040133779264214 0.26421404682274247
6 0.4397993311036789 0.03511705685618729 0.25585284280936454 0.06856187290969899
6 0.48494983277591974 0.9080267558528428 0.2709030100334448 0.18394648829431437
6 0.6187290969899666 0.7608695652173914 0.2508361204013378 0.19899665551839466
6 0.8645484949832776 0.560200668896321 0.22742474916387959 0.205685618729097
6 0.13210702341137123 0.13712374581939799 0.2591973244147157 0.2525083612040134
6 0.8946488294314381 0.08862876254180602 0.205685618729097 0.17725752508361203
6 0.1688963210702341 0.4414715719063545 0.22742474916387959 0.24581939799331104
6 0.1806020066889632 0.6722408026755853 0.25585284280936454 0.2525083612040134
6 0.9280936454849499 0.754180602006689 0.14381270903010032 0.2491638795986622
6 0.9414715719063546 0.47157190635451507 0.11705685618729098 0.19899665551839466