6 0.2157190635451505 0.0903010033444816 0.2608695652173913 0.17892976588628762
6 0.21237458193979933 0.7926421404682275 0.22073578595317725 0.23411371237458195
6 0.020066889632107024 0.5869565217391305 0.038461538461538464 0.22073578595317725
6 0.051839464882943144 0.959866220735786 0.10367892976588629 0.0802675585284281
5 0.015050167224080268 0.3996655518394649 0.030100334448160536 0.08361204013377926
3 0.5016722408026756 0.4882943143812709 0.5468227424749164 0.5234113712374582
6 0.03511705685618729 0.23244147157190637 0.07023411371237458 0.22408026755852842
6 0.10869565217391304 0.08193979933110368 0.21739130434782608 0.16387959866220736
6 0.43478260869565216 0.7959866220735786 0.2408026755852843 0.20903010033444816
6 0.822742474916388 0.8795986622073578 0.24247491638795987 0.23745819397993312
6 0.9464882943143813 0.6187290969899666 0.10702341137123746 0.23411371237458195
6 0.9046822742474916 0.9280936454849499 0.18561872909698995 0.14381270903010032
6 0.16220735785953178 0.5418060200668896 0.26421404682274247 0.2391304347826087
6 0.7474916387959866 0.05852842809364549 0.23411371237458195 0.11538461538461539
6 0.2826086956521739 0.9180602006688964 0.20234113712374582 0.16220735785953178
6 0.5869565217391305 0.9214046822742475 0.23578595317725753 0.15719063545150502
6 0.5752508361204013 0.14214046822742474 0.18896321070234115 0.2157190635451505
6 0.8595317725752508 0.451505016722408 0.225752508361204 0.20234113712374582
6 0.1488294314381271 0.31270903010033446 0.20234113712374582 0.1956521739130435
6 0.919732441471572 0.10367892976588629 0.15551839464882944 0.205685618729097
6 0.6622073578595318 0.7274247491638796 0.24247491638795987 0.22073578595317725
6 0.08193979933110368 0.822742474916388 0.16387959866220736 0.24247491638795987
6 0.7474916387959866 0.2608695652173913 0.23411371237458195 0.205685618729097