6 0.12876254180602006 0.9899665551839465 0.21906354515050167 0.020066889632107024
3 0.49665551839464883 0.5016722408026756 0.4882943143812709 0.41471571906354515
6 0.979933110367893 0.8461538461538461 0.038461538461538464 0.2709030100334448
6 0.04180602006688963 0.8963210702341137 0.08361204013377926 0.205685618729097
6 0.05016722408026756 0.43645484949832775 0.10033444816053512 0.2408026755852843
5 0.23076923076923078 0.8545150501672241 0.12876254180602006 0.11538461538461539
6 0.540133779264214 0.9548494983277592 0.22909698996655517 0.08862876254180602
6 0.8160535117056856 0.9297658862876255 0.24247491638795987 0.14046822742474915
6 0.3177257525083612 0.9364548494983278 0.2140468227424749 0.12709030100334448
6 0.9364548494983278 0.4899665551839465 0.12207357859531773 0.28762541806020064
6 0.20735785953177258 0.10033444816053512 0.2408026755852843 0.20066889632107024
6 0.36789297658862874 0.7759197324414716 0.20903010033444816 0.205685618729097
6 0.7976588628762542 0.7341137123745819 0.23578595317725753 0.2408026755852843
6 0.44648829431438125 0.17725752508361203 0.24749163879598662 0.23745819397993312
6 0.10869565217391304 0.6839464882943144 0.21739130434782608 0.3277591973244147