6 0.9381270903010034 0.39464882943143814 0.12374581939799331 0.22742474916387959
6 0.026755852842809364 0.4498327759197324 0.05351170568561873 0.22408026755852842
6 0.026755852842809364 0.1454849498327759 0.05351170568561873 0.17725752508361203
6 0.568561872909699 0.08361204013377926 0.20735785953177258 0.16555183946488294
3 0.5117056856187291 0.5016722408026756 0.4765886287625418 0.44648829431438125
5 0.411371237458194 0.08193979933110368 0.06856187290969899 0.07023411371237458
6 0.13879598662207357 0.9782608695652174 0.22909698996655517 0.043478260869565216
5 0.225752508361204 0.7508361204013378 0.06856187290969899 0.06521739130434782
6 0.061872909698996656 0.3277591973244147 0.12374581939799331 0.23411371237458195
6 0.33612040133779264 0.9682274247491639 0.20234113712374582 0.061872909698996656
6 0.7341137123745819 0.8093645484949833 0.22240802675585283 0.20903010033444816
5 0.4397993311036789 0.22240802675585283 0.09866220735785954 0.08528428093645485
6 0.7324414715719063 0.033444816053511704 0.2408026755852843 0.06521739130434782
6 0.038461538461538464 0.8695652173913043 0.07692307692307693 0.21739130434782608
6 0.2157190635451505 0.038461538461538464 0.23745819397993312 0.07692307692307693
6 0.8996655518394648 0.10033444816053512 0.1939799331103679 0.20066889632107024
6 0.8712374581939799 0.4498327759197324 0.23578595317725753 0.22742474916387959
6 0.7558528428093646 0.9230769230769231 0.26755852842809363 0.15384615384615385
6 0.9264214046822743 0.6555183946488294 0.14214046822742474 0.22073578595317725
6 0.5869565217391305 0.17224080267558528 0.2140468227424749 0.19230769230769232
6 0.540133779264214 0.8946488294314381 0.20234113712374582 0.19899665551839466
6 0.2709030100334448 0.1605351170568562 0.2508361204013378 0.22073578595317725
6 0.27424749163879597 0.8612040133779264 0.25418060200668896 0.20234113712374582
6 0.20735785953177258 0.4013377926421405 0.225752508361204 0.26588628762541805
6 0.7859531772575251 0.22909698996655517 0.22240802675585283 0.24247491638795987
6 0.07023411371237458 0.6688963210702341 0.12040133779264214 0.11538461538461539