6 0.011705685618729096 0.8578595317725752 0.021739130434782608 0.20234113712374582
6 0.9765886287625418 0.6906354515050167 0.046822742474916385 0.205685618729097
6 0.6036789297658863 0.9849498327759197 0.2040133779264214 0.030100334448160536
6 0.02508361204013378 0.24749163879598662 0.05016722408026756 0.2157190635451505
6 0.24749163879598662 0.016722408026755852 0.2391304347826087 0.033444816053511704
3 0.5050167224080268 0.49665551839464883 0.617056856187291 0.5016722408026756
6 0.7876254180602007 0.020066889632107024 0.23578595317725753 0.038461538461538464
6 0.07525083612040134 0.9732441471571907 0.1505016722408027 0.05351170568561873
6 0.6722408026755853 0.9431438127090301 0.2140468227424749 0.11371237458193979
6 0.9331103678929766 0.9130434782608695 0.12876254180602006 0.17391304347826086
6 0.4397993311036789 0.9163879598662207 0.225752508361204 0.16555183946488294
6 0.36789297658862874 0.14214046822742474 0.225752508361204 0.2157190635451505
6 0.5702341137123745 0.802675585284281 0.25585284280936454 0.205685618729097
6 0.16722408026755853 0.8294314381270903 0.2140468227424749 0.225752508361204
6 0.12374581939799331 0.580267558528428 0.23076923076923078 0.21237458193979933
6 0.7525083612040134 0.27591973244147155 0.1956521739130435 0.2040133779264214
6 0.08361204013377926 0.0802675585284281 0.16555183946488294 0.1588628762541806
6 0.882943143812709 0.11371237458193979 0.22742474916387959 0.225752508361204
6 0.8511705685618729 0.7341137123745819 0.24749163879598662 0.23411371237458195
6 0.14381270903010032 0.2625418060200669 0.21739130434782608 0.2157190635451505