6 0.9648829431438127 0.33277591973244147 0.06688963210702341 0.21237458193979933
3 0.49665551839464883 0.5 0.5100334448160535 0.5150501672240803
6 0.9565217391304348 0.7809364548494984 0.08193979933110368 0.2408026755852843
6 0.9615384615384616 0.5434782608695652 0.07190635451505016 0.23745819397993312
6 0.09531772575250837 0.028428093645484948 0.19063545150501673 0.056856187290969896
6 0.043478260869565216 0.21739130434782608 0.08528428093645485 0.22073578595317725
6 0.903010033444816 0.959866220735786 0.18729096989966554 0.0802675585284281
6 0.0451505016722408 0.6839464882943144 0.08862876254180602 0.24581939799331104
6 0.3879598662207358 0.9565217391304348 0.18561872909698995 0.08528428093645485
6 0.6655518394648829 0.061872909698996656 0.24749163879598662 0.12374581939799331
6 0.33444816053511706 0.23411371237458195 0.24749163879598662 0.20903010033444816
6 0.6906354515050167 0.24749163879598662 0.23411371237458195 0.225752508361204
6 0.6638795986622074 0.9364548494983278 0.2725752508361204 0.12709030100334448
6 0.14715719063545152 0.3695652173913043 0.17892976588628762 0.2709030100334448
6 0.8862876254180602 0.09197324414715718 0.22240802675585283 0.18394648829431437
6 0.81438127090301 0.49665551839464883 0.205685618729097 0.22909698996655517
6 0.2491638795986622 0.725752508361204 0.19732441471571907 0.20066889632107024
6 0.10535117056856187 0.9096989966555183 0.21070234113712374 0.17892976588628762
6 0.7625418060200669 0.7525083612040134 0.28595317725752506 0.2525083612040134