6 0.05518394648829431 0.7993311036789298 0.11036789297658862 0.29264214046822745
6 0.5484949832775919 0.8578595317725752 0.23076923076923078 0.2040133779264214
6 0.015050167224080268 0.11538461538461539 0.030100334448160536 0.23076923076923078
6 0.7725752508361204 0.011705685618729096 0.22742474916387959 0.023411371237458192
6 0.9816053511705686 0.3093645484949833 0.03511705685618729 0.2157190635451505
6 0.016722408026755852 0.362876254180602 0.033444816053511704 0.22073578595317725
3 0.4916387959866221 0.4983277591973244 0.5384615384615384 0.5668896321070234
6 0.677257525083612 0.862876254180602 0.24749163879598662 0.2157190635451505
6 0.939799331103679 0.043478260869565216 0.11538461538461539 0.08695652173913043
6 0.5284280936454849 0.020066889632107024 0.2140468227424749 0.04013377926421405
6 0.391304347826087 0.9682274247491639 0.20066889632107024 0.06354515050167224
6 0.9414715719063546 0.9381270903010034 0.11036789297658862 0.12374581939799331
6 0.3177257525083612 0.038461538461538464 0.23076923076923078 0.07692307692307693
6 0.7792642140468228 0.9247491638795987 0.22073578595317725 0.1505016722408027
6 0.09866220735785954 0.9414715719063546 0.19732441471571907 0.11538461538461539
6 0.21906354515050167 0.9063545150501672 0.22240802675585283 0.18227424749163879
6 0.12040133779264214 0.3411371237458194 0.19732441471571907 0.20903010033444816
6 0.23411371237458195 0.18729096989966554 0.23578595317725753 0.2157190635451505
6 0.8779264214046822 0.7224080267558528 0.22240802675585283 0.20903010033444816
6 0.23745819397993312 0.7140468227424749 0.20903010033444816 0.2040133779264214
6 0.6488294314381271 0.11036789297658862 0.23578595317725753 0.22073578595317725
6 0.8110367892976589 0.35785953177257523 0.21739130434782608 0.225752508361204
6 0.10869565217391304 0.5585284280936454 0.21739130434782608 0.23411371237458195
6 0.9247491638795987 0.5117056856187291 0.1454849498327759 0.2391304347826087