6 0.010033444816053512 0.596989966555184 0.01839464882943144 0.20903010033444816
6 0.043478260869565216 0.10869565217391304 0.08528428093645485 0.21739130434782608
3 0.5 0.47157190635451507 0.47157190635451507 0.7391304347826086
6 0.4765886287625418 0.0802675585284281 0.21070234113712374 0.1588628762541806
6 0.020066889632107024 0.8578595317725752 0.038461538461538464 0.2040133779264214
6 0.9498327759197325 0.9515050167224081 0.09531772575250837 0.09698996655518395
6 0.9464882943143813 0.06354515050167224 0.10367892976588629 0.12709030100334448
6 0.5535117056856187 0.9498327759197325 0.225752508361204 0.10033444816053512
6 0.9531772575250836 0.7892976588628763 0.08528428093645485 0.23411371237458195
6 0.39297658862876256 0.051839464882943144 0.21070234113712374 0.10367892976588629
6 0.9280936454849499 0.49665551839464883 0.1354515050167224 0.2157190635451505
6 0.8060200668896321 0.6304347826086957 0.205685618729097 0.22073578595317725
6 0.31270903010033446 0.8929765886287625 0.22073578595317725 0.21237458193979933
6 0.19899665551839466 0.09531772575250837 0.2140468227424749 0.19063545150501673
6 0.17725752508361203 0.4866220735785953 0.23076923076923078 0.20234113712374582
6 0.6822742474916388 0.05351170568561873 0.225752508361204 0.10702341137123746
6 0.2842809364548495 0.7759197324414716 0.225752508361204 0.205685618729097
6 0.11371237458193979 0.9364548494983278 0.22742474916387959 0.12709030100334448
6 0.2491638795986622 0.205685618729097 0.22073578595317725 0.1956521739130435
6 0.6287625418060201 0.8478260869565217 0.19732441471571907 0.1939799331103679
6 0.8093645484949833 0.9063545150501672 0.22742474916387959 0.18729096989966554
6 0.8411371237458194 0.342809364548495 0.23076923076923078 0.21906354515050167
6 0.12876254180602006 0.6220735785953178 0.22073578595317725 0.23745819397993312
6 0.08361204013377926 0.2959866220735786 0.16722408026755853 0.22408026755852842