6 0.9816053511705686 0.580267558528428 0.03678929765886288 0.23076923076923078
3 0.5016722408026756 0.49665551839464883 0.46488294314381273 0.4866220735785953
6 0.02508361204013378 0.774247491638796 0.05016722408026756 0.2491638795986622
6 0.9096989966555183 0.9832775919732442 0.17558528428093645 0.033444816053511704
6 0.8645484949832776 0.81438127090301 0.2508361204013378 0.25585284280936454
6 0.8979933110367893 0.03177257525083612 0.19732441471571907 0.061872909698996656
6 0.774247491638796 0.6220735785953178 0.24581939799331104 0.22073578595317725
6 0.1688963210702341 0.9264214046822743 0.25585284280936454 0.14715719063545152
6 0.07357859531772576 0.40635451505016723 0.14715719063545152 0.2508361204013378
6 0.6421404682274248 0.7709030100334449 0.2508361204013378 0.2408026755852843
6 0.26755852842809363 0.16387959866220736 0.225752508361204 0.205685618729097
6 0.8812709030100334 0.2625418060200669 0.23076923076923078 0.2491638795986622
6 0.7357859531772575 0.1020066889632107 0.2608695652173913 0.20234113712374582
6 0.47324414715719065 0.08361204013377926 0.2709030100334448 0.16722408026755853
6 0.08862876254180602 0.16387959866220736 0.17725752508361203 0.25418060200668896
6 0.22240802675585283 0.7341137123745819 0.2608695652173913 0.2508361204013378