6 0.9548494983277592 0.12374581939799331 0.08361204013377926 0.24749163879598662
3 0.5033444816053512 0.49665551839464883 0.5117056856187291 0.5100334448160535
6 0.028428093645484948 0.2408026755852843 0.056856187290969896 0.2408026755852843
6 0.038461538461538464 0.520066889632107 0.07692307692307693 0.26421404682274247
6 0.9464882943143813 0.6622073578595318 0.10702341137123746 0.22909698996655517
6 0.919732441471572 0.2725752508361204 0.15551839464882944 0.225752508361204
6 0.35451505016722407 0.9531772575250836 0.24247491638795987 0.09364548494983277
6 0.7357859531772575 0.9414715719063546 0.2508361204013378 0.11538461538461539
6 0.9163879598662207 0.47324414715719065 0.16387959866220736 0.18394648829431437
6 0.8127090301003345 0.07692307692307693 0.25418060200668896 0.15384615384615385
6 0.7775919732441472 0.6906354515050167 0.24581939799331104 0.2842809364548495
6 0.560200668896321 0.09197324414715718 0.22240802675585283 0.18394648829431437
6 0.12040133779264214 0.8979933110367893 0.2408026755852843 0.2040133779264214
6 0.5418060200668896 0.8745819397993311 0.22240802675585283 0.22408026755852842
6 0.18561872909698995 0.3879598662207358 0.22240802675585283 0.25752508361204013
6 0.2140468227424749 0.12207357859531773 0.24581939799331104 0.21906354515050167