6 0.9498327759197325 0.9849498327759197 0.10033444816053512 0.030100334448160536
3 0.5150501672240803 0.5033444816053512 0.5535117056856187 0.44648829431438125
6 0.8411371237458194 0.4397993311036789 0.22742474916387959 0.2591973244147157
6 0.10033444816053512 0.1956521739130435 0.20066889632107024 0.20903010033444816
6 0.05518394648829431 0.8896321070234113 0.11036789297658862 0.22073578595317725
6 0.8093645484949833 0.8795986622073578 0.27424749163879597 0.23076923076923078
6 0.10535117056856187 0.07859531772575251 0.205685618729097 0.15551839464882944
6 0.5735785953177257 0.9096989966555183 0.23076923076923078 0.17892976588628762
6 0.22742474916387959 0.5936454849498328 0.2608695652173913 0.25585284280936454
6 0.7675585284280937 0.6839464882943144 0.24247491638795987 0.21237458193979933
6 0.32274247491638797 0.8712374581939799 0.27424749163879597 0.2508361204013378
6 0.11538461538461539 0.4230769230769231 0.23076923076923078 0.25585284280936454
6 0.9163879598662207 0.5769230769230769 0.16555183946488294 0.20735785953177258
6 0.9431438127090301 0.745819397993311 0.11371237458193979 0.24581939799331104