6 0.011705685618729096 0.23745819397993312 0.021739130434782608 0.2157190635451505
6 0.043478260869565216 0.5217391304347826 0.08528428093645485 0.2959866220735786
5 0.3110367892976589 0.06688963210702341 0.08361204013377926 0.0903010033444816
6 0.959866220735786 0.3076923076923077 0.07525083612040134 0.24581939799331104
3 0.49665551839464883 0.5066889632107023 0.560200668896321 0.479933110367893
6 0.9548494983277592 0.6187290969899666 0.08361204013377926 0.25585284280936454
6 0.14381270903010032 0.030100334448160536 0.21070234113712374 0.06020066889632107
6 0.3729096989966555 0.0903010033444816 0.24749163879598662 0.17892976588628762
6 0.9113712374581939 0.9565217391304348 0.17224080267558528 0.08528428093645485
6 0.5785953177257525 0.9548494983277592 0.25585284280936454 0.0903010033444816
6 0.31270903010033446 0.9214046822742475 0.23745819397993312 0.15719063545150502
6 0.7274247491638796 0.07692307692307693 0.22408026755852842 0.15384615384615385
6 0.7926421404682275 0.9063545150501672 0.24247491638795987 0.18729096989966554
6 0.3695652173913043 0.22909698996655517 0.2508361204013378 0.225752508361204
6 0.8294314381270903 0.6270903010033445 0.2140468227424749 0.205685618729097
6 0.10869565217391304 0.8946488294314381 0.21739130434782608 0.20903010033444816
6 0.2959866220735786 0.7575250836120402 0.23578595317725753 0.22073578595317725
6 0.8311036789297659 0.22408026755852842 0.23411371237458195 0.23411371237458195
6 0.12374581939799331 0.27424749163879597 0.24749163879598662 0.22909698996655517
6 0.6588628762541806 0.7759197324414716 0.2525083612040134 0.23745819397993312
6 0.11371237458193979 0.6722408026755853 0.22742474916387959 0.23076923076923078
6 0.9648829431438127 0.8561872909698997 0.07023411371237458 0.17892976588628762