6 0.9698996655518395 0.560200668896321 0.06020066889632107 0.25585284280936454
6 0.16220735785953178 0.043478260869565216 0.225752508361204 0.08695652173913043
6 0.038461538461538464 0.11371237458193979 0.07692307692307693 0.22073578595317725
3 0.5033444816053512 0.4899665551839465 0.4882943143812709 0.6672240802675585
6 0.1705685618729097 0.9632107023411371 0.20735785953177258 0.07357859531772576
6 0.44648829431438125 0.9331103678929766 0.22742474916387959 0.13210702341137123
6 0.7190635451505016 0.7959866220735786 0.25585284280936454 0.23076923076923078
6 0.08695652173913043 0.7976588628762542 0.17391304347826086 0.22408026755852842
6 0.774247491638796 0.12207357859531773 0.23411371237458195 0.22909698996655517
6 0.8712374581939799 0.38127090301003347 0.23578595317725753 0.2391304347826087
6 0.12207357859531773 0.2709030100334448 0.22742474916387959 0.20234113712374582
6 0.35785953177257523 0.10535117056856187 0.20903010033444816 0.20903010033444816
6 0.2725752508361204 0.8127090301003345 0.22240802675585283 0.22073578595317725
6 0.1354515050167224 0.5150501672240803 0.22742474916387959 0.22073578595317725