5 0.6438127090301003 0.6036789297658863 0.09531772575250837 0.08862876254180602
6 0.9899665551839465 0.18896321070234115 0.020066889632107024 0.20234113712374582
6 0.9832775919732442 0.7274247491638796 0.033444816053511704 0.17725752508361203
6 0.9866220735785953 0.9280936454849499 0.026755852842809364 0.14381270903010032
5 0.26755852842809363 0.29431438127090304 0.05351170568561873 0.05518394648829431
6 0.9080267558528428 0.07859531772575251 0.17892976588628762 0.15551839464882944
3 0.4782608695652174 0.47491638795986624 0.596989966555184 0.6822742474916388
5 0.03177257525083612 0.09698996655518395 0.06354515050167224 0.0802675585284281
6 0.03177257525083612 0.4096989966555184 0.06354515050167224 0.24581939799331104
5 0.9531772575250836 0.822742474916388 0.08361204013377926 0.09364548494983277
6 0.36622073578595316 0.18394648829431437 0.22240802675585283 0.2157190635451505
6 0.6588628762541806 0.9732441471571907 0.20735785953177258 0.05351170568561873
6 0.7107023411371237 0.030100334448160536 0.2508361204013378 0.06020066889632107
6 0.4214046822742475 0.08528428093645485 0.22742474916387959 0.1705685618729097
6 0.8729096989966555 0.13712374581939799 0.2140468227424749 0.1956521739130435
6 0.6237458193979933 0.8578595317725752 0.20234113712374582 0.18729096989966554
6 0.06688963210702341 0.6923076923076923 0.13210702341137123 0.22742474916387959
6 0.3494983277591973 0.9297658862876255 0.2391304347826087 0.14046822742474915
6 0.8294314381270903 0.8963210702341137 0.23578595317725753 0.205685618729097
6 0.9247491638795987 0.3779264214046823 0.1505016722408027 0.24749163879598662
6 0.1688963210702341 0.41304347826086957 0.22240802675585283 0.2709030100334448
6 0.8478260869565217 0.5267558528428093 0.20903010033444816 0.21237458193979933
6 0.2040133779264214 0.11036789297658862 0.23076923076923078 0.22073578595317725
6 0.23076923076923078 0.705685618729097 0.22240802675585283 0.23076923076923078
6 0.09866220735785954 0.8862876254180602 0.19732441471571907 0.22073578595317725
6 0.5050167224080268 0.9013377926421404 0.225752508361204 0.1956521739130435