3 0.5150501672240803 0.5535117056856187 0.5117056856187291 0.5100334448160535
6 0.9648829431438127 0.05852842809364549 0.07023411371237458 0.11538461538461539
6 0.6337792642140468 0.9715719063545151 0.2525083612040134 0.056856187290969896
6 0.18227424749163879 0.5351170568561873 0.20903010033444816 0.1939799331103679
6 0.06020066889632107 0.9280936454849499 0.11872909698996656 0.14214046822742474
6 0.08361204013377926 0.4197324414715719 0.16722408026755853 0.21739130434782608
6 0.1020066889632107 0.745819397993311 0.19732441471571907 0.22909698996655517
6 0.5986622073578596 0.8561872909698997 0.25752508361204013 0.1956521739130435
6 0.2842809364548495 0.2591973244147157 0.225752508361204 0.2491638795986622
6 0.5284280936454849 0.20903010033444816 0.26588628762541805 0.225752508361204
6 0.0903010033444816 0.22073578595317725 0.1806020066889632 0.225752508361204
6 0.9080267558528428 0.6722408026755853 0.17892976588628762 0.2525083612040134
6 0.8913043478260869 0.3695652173913043 0.21070234113712374 0.22073578595317725
6 0.3745819397993311 0.8662207357859532 0.23411371237458195 0.23411371237458195
6 0.8678929765886287 0.14381270903010032 0.2525083612040134 0.25585284280936454
6 0.7324414715719063 0.3277591973244147 0.21070234113712374 0.2959866220735786
6 0.774247491638796 0.6655518394648829 0.20066889632107024 0.30434782608695654