6 0.07859531772575251 0.4197324414715719 0.15551839464882944 0.205685618729097
6 0.8712374581939799 0.39297658862876256 0.225752508361204 0.2157190635451505
6 0.9632107023411371 0.17224080267558528 0.07023411371237458 0.21237458193979933
6 0.08695652173913043 0.5183946488294314 0.17391304347826086 0.22073578595317725
6 0.07525083612040134 0.11872909698996656 0.1505016722408027 0.21237458193979933
6 0.7525083612040134 0.023411371237458192 0.1956521739130435 0.046822742474916385
6 0.1454849498327759 0.9481605351170569 0.2508361204013378 0.10367892976588629
6 0.19230769230769232 0.6789297658862876 0.2525083612040134 0.26755852842809363
3 0.4899665551839465 0.5117056856187291 0.5351170568561873 0.5551839464882943
6 0.8963210702341137 0.45652173913043476 0.20234113712374582 0.205685618729097
6 0.13377926421404682 0.17725752508361203 0.21739130434782608 0.2491638795986622
6 0.9130434782608695 0.6722408026755853 0.1705685618729097 0.23076923076923078
6 0.4816053511705686 0.8846153846153846 0.24247491638795987 0.23076923076923078
6 0.7357859531772575 0.9163879598662207 0.23411371237458195 0.16555183946488294
6 0.6839464882943144 0.7240802675585284 0.23411371237458195 0.23076923076923078
6 0.5284280936454849 0.11538461538461539 0.2508361204013378 0.23076923076923078