6 0.9548494983277592 0.013377926421404682 0.08361204013377926 0.026755852842809364
6 0.013377926421404682 0.04013377926421405 0.026755852842809364 0.0802675585284281
6 0.9698996655518395 0.9230769230769231 0.06020066889632107 0.15384615384615385
6 0.12207357859531773 0.011705685618729096 0.21070234113712374 0.021739130434782608
6 0.9749163879598662 0.451505016722408 0.05016722408026756 0.19899665551839466
6 0.9682274247491639 0.18561872909698995 0.06354515050167224 0.22909698996655517
3 0.4983277591973244 0.5033444816053512 0.46488294314381273 0.4916387959866221
6 0.4180602006688963 0.028428093645484948 0.22073578595317725 0.056856187290969896
6 0.2826086956521739 0.9230769230769231 0.21739130434782608 0.15384615384615385
6 0.8060200668896321 0.07357859531772576 0.20735785953177258 0.14715719063545152
6 0.25418060200668896 0.10033444816053512 0.22073578595317725 0.20066889632107024
6 0.6789297658862876 0.8093645484949833 0.2140468227424749 0.1956521739130435
6 0.4916387959866221 0.8896321070234113 0.22742474916387959 0.22073578595317725
6 0.5852842809364549 0.11371237458193979 0.18896321070234115 0.225752508361204
6 0.8294314381270903 0.520066889632107 0.23076923076923078 0.2408026755852843
6 0.08361204013377926 0.7725752508361204 0.16722408026755853 0.20066889632107024
6 0.2140468227424749 0.3411371237458194 0.21739130434782608 0.2157190635451505
6 0.7642140468227425 0.28929765886287623 0.2391304347826087 0.22073578595317725
6 0.07859531772575251 0.20066889632107024 0.15551839464882944 0.19899665551839466
6 0.36454849498327757 0.19230769230769232 0.17224080267558528 0.19899665551839466