6 0.03678929765886288 0.9782608695652174 0.07357859531772576 0.03678929765886288
6 0.9816053511705686 0.9347826086956522 0.03678929765886288 0.13043478260869565
6 0.39297658862876256 0.9698996655518395 0.18394648829431437 0.06020066889632107
3 0.5 0.4899665551839465 0.6103678929765887 0.6187290969899666
6 0.4280936454849498 0.013377926421404682 0.22742474916387959 0.026755852842809364
6 0.9581939799331104 0.5234113712374582 0.08361204013377926 0.23745819397993312
5 0.8812709030100334 0.9347826086956522 0.08528428093645485 0.0802675585284281
5 0.0451505016722408 0.38127090301003347 0.08862876254180602 0.10535117056856187
6 0.19230769230769232 0.028428093645484948 0.23745819397993312 0.056856187290969896
6 0.07190635451505016 0.9147157190635451 0.14381270903010032 0.16722408026755853
6 0.9347826086956522 0.794314381270903 0.13043478260869565 0.225752508361204
6 0.6304347826086957 0.03678929765886288 0.21739130434782608 0.07357859531772576
6 0.09531772575250837 0.16555183946488294 0.19063545150501673 0.2976588628762542
6 0.8578595317725752 0.6538461538461539 0.23411371237458195 0.27424749163879597
6 0.40635451505016723 0.9230769230769231 0.22408026755852842 0.15384615384615385
6 0.8394648829431438 0.13712374581939799 0.2508361204013378 0.2408026755852843
6 0.9163879598662207 0.32441471571906355 0.16387959866220736 0.22073578595317725
6 0.4414715719063545 0.13043478260869565 0.22240802675585283 0.22073578595317725
6 0.2157190635451505 0.8929765886287625 0.18561872909698995 0.18729096989966554
6 0.21237458193979933 0.3879598662207358 0.23578595317725753 0.24247491638795987
6 0.10869565217391304 0.717391304347826 0.21739130434782608 0.22909698996655517