3 0.7240802675585284 0.8277591973244147 0.5384615384615384 0.34448160535117056
3 0.5050167224080268 0.49331103678929766 0.5167224080267558 0.4899665551839465
6 0.043478260869565216 0.7474916387959866 0.08528428093645485 0.2525083612040134
6 0.2993311036789298 0.05016722408026756 0.19732441471571907 0.10033444816053512
6 0.36622073578595316 0.09531772575250837 0.26421404682274247 0.19063545150501673
6 0.23411371237458195 0.9515050167224081 0.2391304347826087 0.09698996655518395
6 0.06354515050167224 0.9364548494983278 0.12709030100334448 0.12709030100334448
6 0.22408026755852842 0.3210702341137124 0.24247491638795987 0.2408026755852843
6 0.11371237458193979 0.5451505016722408 0.22240802675585283 0.22073578595317725
6 0.4682274247491639 0.8127090301003345 0.24749163879598662 0.2157190635451505
6 0.27759197324414714 0.7274247491638796 0.2608695652173913 0.225752508361204
6 0.6923076923076923 0.2140468227424749 0.23076923076923078 0.22909698996655517
6 0.9063545150501672 0.3612040133779264 0.17558528428093645 0.23578595317725753
6 0.12207357859531773 0.13377926421404682 0.21739130434782608 0.23411371237458195
6 0.07023411371237458 0.479933110367893 0.13879598662207357 0.22073578595317725