6 0.9749163879598662 0.8846153846153846 0.05016722408026756 0.22909698996655517
3 0.5033444816053512 0.49498327759197325 0.5 0.6137123745819398
6 0.9565217391304348 0.580267558528428 0.08193979933110368 0.2625418060200669
6 0.6688963210702341 0.020066889632107024 0.24581939799331104 0.038461538461538464
6 0.8946488294314381 0.028428093645484948 0.2040133779264214 0.056856187290969896
6 0.3494983277591973 0.03511705685618729 0.2508361204013378 0.06856187290969899
6 0.4983277591973244 0.8545150501672241 0.2525083612040134 0.1939799331103679
6 0.46321070234113715 0.9615384615384616 0.2909698996655518 0.07692307692307693
6 0.12040133779264214 0.048494983277591976 0.2408026755852843 0.09698996655518395
6 0.9331103678929766 0.1605351170568562 0.12876254180602006 0.24581939799331104
6 0.07190635451505016 0.19063545150501673 0.14214046822742474 0.23745819397993312
6 0.09531772575250837 0.8093645484949833 0.18896321070234115 0.2508361204013378
6 0.25752508361204013 0.8979933110367893 0.23411371237458195 0.2040133779264214
6 0.81438127090301 0.8461538461538461 0.2725752508361204 0.2625418060200669
6 0.21237458193979933 0.35785953177257523 0.24749163879598662 0.22742474916387959
6 0.1454849498327759 0.5919732441471572 0.23578595317725753 0.23745819397993312
6 0.5083612040133779 0.1020066889632107 0.2508361204013378 0.20234113712374582
6 0.7625418060200669 0.23745819397993312 0.24247491638795987 0.21906354515050167
6 0.8662207357859532 0.4280936454849498 0.2391304347826087 0.23076923076923078