6 0.013377926421404682 0.33277591973244147 0.026755852842809364 0.2040133779264214
6 0.7240802675585284 0.011705685618729096 0.24414715719063546 0.023411371237458192
6 0.07190635451505016 0.9849498327759197 0.14381270903010032 0.030100334448160536
6 0.14214046822742474 0.011705685618729096 0.23411371237458195 0.021739130434782608
6 0.931438127090301 0.9832775919732442 0.13043478260869565 0.033444816053511704
3 0.5117056856187291 0.5100334448160535 0.6254180602006689 0.617056856187291
6 0.9581939799331104 0.8444816053511706 0.07859531772575251 0.25585284280936454
6 0.6270903010033445 0.9715719063545151 0.2040133779264214 0.056856187290969896
6 0.05016722408026756 0.10033444816053512 0.10033444816053512 0.20066889632107024
6 0.754180602006689 0.2157190635451505 0.23076923076923078 0.22408026755852842
6 0.8612040133779264 0.051839464882943144 0.2508361204013378 0.10367892976588629
6 0.6454849498327759 0.15551839464882944 0.24247491638795987 0.22909698996655517
6 0.8929765886287625 0.3729096989966555 0.20903010033444816 0.22408026755852842
6 0.9264214046822743 0.5117056856187291 0.14214046822742474 0.24247491638795987
6 0.9381270903010034 0.16722408026755853 0.12040133779264214 0.26755852842809363
6 0.23411371237458195 0.2792642140468227 0.19732441471571907 0.23411371237458195
6 0.8110367892976589 0.6839464882943144 0.2608695652173913 0.2625418060200669
6 0.22240802675585283 0.931438127090301 0.22742474916387959 0.13712374581939799
6 0.27759197324414714 0.09531772575250837 0.2508361204013378 0.19063545150501673
6 0.4280936454849498 0.8729096989966555 0.25585284280936454 0.23745819397993312
6 0.16220735785953178 0.7006688963210702 0.24247491638795987 0.205685618729097
6 0.7809364548494984 0.8979933110367893 0.2709030100334448 0.2040133779264214
6 0.08361204013377926 0.35451505016722407 0.16722408026755853 0.24581939799331104