6 0.2157190635451505 0.81438127090301 0.24581939799331104 0.23411371237458195
6 0.9481605351170569 0.7090301003344481 0.09698996655518395 0.2959866220735786
6 0.43645484949832775 0.010033444816053512 0.22742474916387959 0.01839464882943144
6 0.03177257525083612 0.21906354515050167 0.06354515050167224 0.23411371237458195
6 0.2140468227424749 0.225752508361204 0.205685618729097 0.22073578595317725
6 0.021739130434782608 0.7341137123745819 0.043478260869565216 0.23745819397993312
3 0.5066889632107023 0.5 0.5351170568561873 0.5050167224080268
6 0.0451505016722408 0.9581939799331104 0.08862876254180602 0.08361204013377926
6 0.9581939799331104 0.46321070234113715 0.08361204013377926 0.2508361204013378
6 0.18729096989966554 0.7240802675585284 0.22073578595317725 0.24749163879598662
6 0.5284280936454849 0.9381270903010034 0.22073578595317725 0.12374581939799331
6 0.09866220735785954 0.5585284280936454 0.19732441471571907 0.22909698996655517
6 0.15551839464882944 0.17558528428093645 0.21739130434782608 0.21739130434782608
6 0.7274247491638796 0.18729096989966554 0.2959866220735786 0.28762541806020064
6 0.3193979933110368 0.07190635451505016 0.18896321070234115 0.14381270903010032
6 0.9214046822742475 0.23411371237458195 0.1505016722408027 0.23745819397993312
6 0.8913043478260869 0.9548494983277592 0.20903010033444816 0.0903010033444816
6 0.8612040133779264 0.05351170568561873 0.2391304347826087 0.10702341137123746
6 0.4498327759197324 0.7892976588628763 0.2391304347826087 0.205685618729097
6 0.822742474916388 0.6839464882943144 0.19732441471571907 0.23411371237458195
6 0.3879598662207358 0.9280936454849499 0.24749163879598662 0.14381270903010032
6 0.7090301003344481 0.8595317725752508 0.24581939799331104 0.23745819397993312