3 0.5016722408026756 0.5033444816053512 0.431438127090301 0.45484949832775917
6 0.9765886287625418 0.31270903010033446 0.046822742474916385 0.21906354515050167
6 0.051839464882943144 0.959866220735786 0.10367892976588629 0.0802675585284281
6 0.03678929765886288 0.10367892976588629 0.07357859531772576 0.20735785953177258
6 0.31438127090301005 0.026755852842809364 0.22742474916387959 0.05351170568561873
6 0.5334448160535117 0.03511705685618729 0.205685618729097 0.06856187290969899
6 0.9264214046822743 0.9498327759197325 0.14715719063545152 0.09364548494983277
6 0.9464882943143813 0.6187290969899666 0.10702341137123746 0.24749163879598662
6 0.939799331103679 0.1020066889632107 0.11371237458193979 0.20234113712374582
6 0.7775919732441472 0.06020066889632107 0.2508361204013378 0.12040133779264214
6 0.7909698996655519 0.5986622073578596 0.22742474916387959 0.25585284280936454
6 0.46321070234113715 0.9381270903010034 0.23745819397993312 0.12374581939799331
6 0.12207357859531773 0.27759197324414714 0.22742474916387959 0.23076923076923078
6 0.7842809364548495 0.2976588628762542 0.2391304347826087 0.225752508361204
6 0.19230769230769232 0.8076923076923077 0.24749163879598662 0.23076923076923078
6 0.35618729096989965 0.22408026755852842 0.24581939799331104 0.22073578595317725
6 0.5568561872909699 0.8093645484949833 0.23076923076923078 0.1956521739130435
6 0.19063545150501673 0.5668896321070234 0.23578595317725753 0.225752508361204