6 0.008361204013377926 0.6187290969899666 0.015050167224080268 0.1956521739130435
6 0.32274247491638797 0.2140468227424749 0.22909698996655517 0.21237458193979933
6 0.21070234113712374 0.0451505016722408 0.22909698996655517 0.08862876254180602
6 0.7391304347826086 0.8478260869565217 0.25418060200668896 0.2391304347826087
6 0.9715719063545151 0.9515050167224081 0.056856187290969896 0.09698996655518395
3 0.5133779264214047 0.5351170568561873 0.5836120401337793 0.49665551839464883
6 0.023411371237458192 0.17892976588628762 0.046822742474916385 0.21237458193979933
6 0.2809364548494983 0.056856187290969896 0.225752508361204 0.11371237458193979
6 0.20234113712374582 0.451505016722408 0.21906354515050167 0.23076923076923078
6 0.21237458193979933 0.22073578595317725 0.23244147157190637 0.2140468227424749
6 0.03678929765886288 0.8177257525083612 0.07357859531772576 0.20234113712374582
6 0.9297658862876255 0.051839464882943144 0.13879598662207357 0.10367892976588629
6 0.14381270903010032 0.9448160535117057 0.2625418060200669 0.11036789297658862
6 0.05852842809364549 0.4180602006688963 0.11705685618729098 0.23578595317725753
6 0.479933110367893 0.07859531772575251 0.21070234113712374 0.15719063545150502
6 0.9381270903010034 0.6655518394648829 0.11705685618729098 0.27424749163879597
6 0.6705685618729097 0.9063545150501672 0.2157190635451505 0.18729096989966554
6 0.4414715719063545 0.8913043478260869 0.23745819397993312 0.21739130434782608
6 0.17725752508361203 0.754180602006689 0.225752508361204 0.23076923076923078
6 0.7892976588628763 0.6103678929765887 0.22909698996655517 0.24247491638795987