3 0.5133779264214047 0.5 0.4214046822742475 0.7842809364548495
6 0.26755852842809363 0.015050167224080268 0.2525083612040134 0.030100334448160536
6 0.9665551839464883 0.44816053511705684 0.06688963210702341 0.24581939799331104
5 0.7290969899665551 0.28929765886287623 0.07525083612040134 0.08361204013377926
6 0.7374581939799331 0.023411371237458192 0.27424749163879597 0.046822742474916385
6 0.05518394648829431 0.9548494983277592 0.11036789297658862 0.08862876254180602
6 0.21906354515050167 0.540133779264214 0.21739130434782608 0.24247491638795987
6 0.9414715719063546 0.7859531772575251 0.11036789297658862 0.225752508361204
6 0.06354515050167224 0.5568561872909699 0.12709030100334448 0.23745819397993312
6 0.5150501672240803 0.9247491638795987 0.24749163879598662 0.1505016722408027
6 0.4414715719063545 0.07859531772575251 0.225752508361204 0.15551839464882944
6 0.2976588628762542 0.2625418060200669 0.24581939799331104 0.2625418060200669
6 0.8260869565217391 0.9163879598662207 0.2525083612040134 0.16555183946488294
6 0.9080267558528428 0.0903010033444816 0.17892976588628762 0.1806020066889632
6 0.8344481605351171 0.637123745819398 0.22073578595317725 0.22909698996655517
6 0.21739130434782608 0.6822742474916388 0.23076923076923078 0.22073578595317725
6 0.7090301003344481 0.1354515050167224 0.2391304347826087 0.20903010033444816
6 0.774247491638796 0.4331103678929766 0.225752508361204 0.22073578595317725
6 0.09698996655518395 0.3177257525083612 0.1939799331103679 0.24581939799331104