3 0.5100334448160535 0.5050167224080268 0.459866220735786 0.4280936454849498
6 0.1020066889632107 0.9782608695652174 0.2040133779264214 0.04180602006688963
6 0.9632107023411371 0.3862876254180602 0.07357859531772576 0.24414715719063546
6 0.9581939799331104 0.6421404682274248 0.08361204013377926 0.2608695652173913
5 0.35785953177257523 0.14715719063545152 0.08862876254180602 0.09531772575250837
6 0.046822742474916385 0.6755852842809364 0.09364548494983277 0.2391304347826087
6 0.9464882943143813 0.1505016722408027 0.10702341137123746 0.21237458193979933
6 0.5284280936454849 0.8093645484949833 0.27424749163879597 0.21906354515050167
6 0.9080267558528428 0.9264214046822743 0.18394648829431437 0.14715719063545152
6 0.21070234113712374 0.10535117056856187 0.2842809364548495 0.20903010033444816
6 0.8578595317725752 0.7508361204013378 0.22742474916387959 0.24581939799331104
6 0.25585284280936454 0.7474916387959866 0.25585284280936454 0.205685618729097
6 0.18729096989966554 0.3093645484949833 0.23076923076923078 0.20234113712374582
6 0.17892976588628762 0.5351170568561873 0.2608695652173913 0.23745819397993312
6 0.44816053511705684 0.8946488294314381 0.2408026755852843 0.21070234113712374