6 0.020066889632107024 0.2408026755852843 0.038461538461538464 0.19063545150501673
6 0.44648829431438125 0.18729096989966554 0.2508361204013378 0.22073578595317725
6 0.15719063545150502 0.013377926421404682 0.22073578595317725 0.026755852842809364
6 0.021739130434782608 0.705685618729097 0.04180602006688963 0.21906354515050167
3 0.5066889632107023 0.4983277591973244 0.42474916387959866 0.4230769230769231
6 0.5167224080267558 0.7976588628762542 0.2391304347826087 0.21237458193979933
6 0.048494983277591976 0.07190635451505016 0.09698996655518395 0.14381270903010032
6 0.9715719063545151 0.3010033444816054 0.056856187290969896 0.205685618729097
5 0.6337792642140468 0.023411371237458192 0.12207357859531773 0.046822742474916385
6 0.061872909698996656 0.26588628762541805 0.12374581939799331 0.23745819397993312
6 0.2976588628762542 0.08193979933110368 0.28929765886287623 0.16220735785953178
6 0.29264214046822745 0.20066889632107024 0.2976588628762542 0.17892976588628762
6 0.617056856187291 0.7625418060200669 0.22240802675585283 0.21906354515050167
6 0.7040133779264214 0.15384615384615385 0.28595317725752506 0.1939799331103679
6 0.07357859531772576 0.5100334448160535 0.14715719063545152 0.2157190635451505
6 0.225752508361204 0.6220735785953178 0.24581939799331104 0.2491638795986622
6 0.10033444816053512 0.9147157190635451 0.20066889632107024 0.1705685618729097
6 0.8361204013377926 0.842809364548495 0.2608695652173913 0.23076923076923078
6 0.8879598662207357 0.6387959866220736 0.22073578595317725 0.225752508361204
6 0.8210702341137124 0.3494983277591973 0.2591973244147157 0.225752508361204
5 0.3093645484949833 0.03511705685618729 0.06020066889632107 0.046822742474916385
6 0.9581939799331104 0.08862876254180602 0.08361204013377926 0.17725752508361203