6 0.6321070234113713 0.9866220735785953 0.2140468227424749 0.026755852842809364
6 0.9765886287625418 0.5150501672240803 0.0451505016722408 0.22742474916387959
6 0.9765886287625418 0.23411371237458195 0.0451505016722408 0.19899665551839466
3 0.4899665551839465 0.5066889632107023 0.6354515050167224 0.5351170568561873
6 0.8862876254180602 0.9866220735785953 0.20066889632107024 0.026755852842809364
6 0.24247491638795987 0.979933110367893 0.22073578595317725 0.038461538461538464
5 0.028428093645484948 0.40635451505016723 0.056856187290969896 0.06856187290969899
6 0.04013377926421405 0.10367892976588629 0.0802675585284281 0.20735785953177258
6 0.19899665551839466 0.06020066889632107 0.2525083612040134 0.11872909698996656
6 0.12040133779264214 0.4331103678929766 0.19732441471571907 0.23411371237458195
6 0.4096989966555184 0.8913043478260869 0.23745819397993312 0.21739130434782608
6 0.8795986622073578 0.3729096989966555 0.23578595317725753 0.26755852842809363
6 0.08361204013377926 0.9130434782608695 0.16722408026755853 0.17391304347826086
6 0.2157190635451505 0.7474916387959866 0.22742474916387959 0.22073578595317725
6 0.6839464882943144 0.25585284280936454 0.23578595317725753 0.225752508361204
6 0.8612040133779264 0.7525083612040134 0.2391304347826087 0.2525083612040134