6 0.08193979933110368 0.01839464882943144 0.16387959866220736 0.03511705685618729
3 0.49665551839464883 0.4983277591973244 0.4866220735785953 0.5167224080267558
6 0.8745819397993311 0.9832775919732442 0.21739130434782608 0.033444816053511704
6 0.9615384615384616 0.44648829431438125 0.07190635451505016 0.2525083612040134
6 0.8545150501672241 0.7993311036789298 0.22073578595317725 0.22408026755852842
6 0.043478260869565216 0.3712374581939799 0.08528428093645485 0.24247491638795987
6 0.5769230769230769 0.030100334448160536 0.24749163879598662 0.06020066889632107
6 0.903010033444816 0.04013377926421405 0.18896321070234115 0.0802675585284281
6 0.5819397993311036 0.9632107023411371 0.22742474916387959 0.07357859531772576
6 0.06020066889632107 0.6237458193979933 0.11872909698996656 0.22408026755852842
6 0.3411371237458194 0.05852842809364549 0.23244147157190637 0.11538461538461539
6 0.36622073578595316 0.931438127090301 0.23411371237458195 0.1354515050167224
6 0.6254180602006689 0.1605351170568562 0.24581939799331104 0.2040133779264214
6 0.6220735785953178 0.794314381270903 0.24581939799331104 0.21906354515050167
6 0.8093645484949833 0.39297658862876256 0.22742474916387959 0.1956521739130435
6 0.18896321070234115 0.39297658862876256 0.205685618729097 0.21906354515050167
6 0.8344481605351171 0.1688963210702341 0.24749163879598662 0.23411371237458195
6 0.21070234113712374 0.8344481605351171 0.22742474916387959 0.2491638795986622