6 0.9816053511705686 0.03177257525083612 0.03511705685618729 0.061872909698996656
6 0.10367892976588629 0.9749163879598662 0.20234113712374582 0.05016722408026756
6 0.7926421404682275 0.011705685618729096 0.29431438127090304 0.023411371237458192
3 0.5016722408026756 0.5451505016722408 0.459866220735786 0.5050167224080268
6 0.9364548494983278 0.3110367892976589 0.12207357859531773 0.22073578595317725
5 0.18394648829431437 0.5250836120401338 0.09197324414715718 0.0802675585284281
6 0.061872909698996656 0.3277591973244147 0.12374581939799331 0.2608695652173913
5 0.13377926421404682 0.4230769230769231 0.07525083612040134 0.08528428093645485
6 0.08361204013377926 0.038461538461538464 0.16722408026755853 0.07692307692307693
6 0.5033444816053512 0.05852842809364549 0.24749163879598662 0.11538461538461539
6 0.21906354515050167 0.2709030100334448 0.21739130434782608 0.19899665551839466
6 0.2909698996655518 0.08862876254180602 0.2391304347826087 0.17725752508361203
6 0.06688963210702341 0.6655518394648829 0.13210702341137123 0.2157190635451505
6 0.8277591973244147 0.5317725752508361 0.22240802675585283 0.22073578595317725
6 0.6939799331103679 0.21237458193979933 0.24581939799331104 0.23076923076923078
6 0.4397993311036789 0.21237458193979933 0.2508361204013378 0.1939799331103679
6 0.9214046822742475 0.8846153846153846 0.1505016722408027 0.23076923076923078
6 0.9548494983277592 0.17725752508361203 0.08862876254180602 0.2391304347826087