6 0.7926421404682275 0.30434782608695654 0.22073578595317725 0.23411371237458195
6 0.016722408026755852 0.2809364548494983 0.033444816053511704 0.19899665551839466
5 0.12374581939799331 0.3110367892976589 0.06354515050167224 0.05518394648829431
6 0.9715719063545151 0.4698996655518395 0.056856187290969896 0.21237458193979933
6 0.046822742474916385 0.43478260869565216 0.09364548494983277 0.2525083612040134
6 0.15551839464882944 0.05351170568561873 0.25585284280936454 0.10702341137123746
5 0.5100334448160535 0.02508361204013378 0.10367892976588629 0.05016722408026756
5 0.9581939799331104 0.020066889632107024 0.07859531772575251 0.04013377926421405
3 0.48494983277591974 0.47491638795986624 0.6471571906354515 0.5702341137123745
6 0.9464882943143813 0.7474916387959866 0.10367892976588629 0.26588628762541805
6 0.1588628762541806 0.4280936454849498 0.1956521739130435 0.24581939799331104
6 0.3612040133779264 0.048494983277591976 0.18394648829431437 0.09698996655518395
6 0.5033444816053512 0.8361204013377926 0.22240802675585283 0.22909698996655517
6 0.8846153846153846 0.2140468227424749 0.225752508361204 0.225752508361204
6 0.7073578595317725 0.9464882943143813 0.24414715719063546 0.10702341137123746
6 0.7976588628762542 0.09866220735785954 0.2508361204013378 0.19732441471571907
6 0.06354515050167224 0.7709030100334449 0.12709030100334448 0.23076923076923078
6 0.1020066889632107 0.14214046822742474 0.20234113712374582 0.23745819397993312
6 0.2909698996655518 0.8344481605351171 0.20903010033444816 0.2157190635451505
6 0.1588628762541806 0.9147157190635451 0.2508361204013378 0.1705685618729097
6 0.5384615384615384 0.13377926421404682 0.23411371237458195 0.17892976588628762
6 0.6421404682274248 0.8093645484949833 0.23076923076923078 0.225752508361204
6 0.8561872909698997 0.5903010033444817 0.23411371237458195 0.2709030100334448