3 0.5 0.49665551839464883 0.5501672240802675 0.5434782608695652
6 0.9096989966555183 0.18227424749163879 0.1705685618729097 0.2408026755852843
6 0.046822742474916385 0.4531772575250836 0.09197324414715718 0.22408026755852842
6 0.882943143812709 0.06354515050167224 0.22742474916387959 0.12709030100334448
6 0.8076923076923077 0.9749163879598662 0.225752508361204 0.05016722408026756
6 0.6906354515050167 0.030100334448160536 0.22240802675585283 0.06020066889632107
6 0.9046822742474916 0.6538461538461539 0.18561872909698995 0.19230769230769232
6 0.2993311036789298 0.754180602006689 0.21070234113712374 0.19899665551839466
6 0.9280936454849499 0.8929765886287625 0.1354515050167224 0.21237458193979933
6 0.4916387959866221 0.9364548494983278 0.24749163879598662 0.12709030100334448
6 0.09364548494983277 0.8010033444816054 0.18561872909698995 0.2157190635451505
6 0.17725752508361203 0.5250836120401338 0.19230769230769232 0.26755852842809363
6 0.1939799331103679 0.25418060200668896 0.23244147157190637 0.24581939799331104
6 0.07525083612040134 0.09531772575250837 0.1505016722408027 0.19063545150501673
6 0.5568561872909699 0.14381270903010032 0.20735785953177258 0.2508361204013378
6 0.6789297658862876 0.7759197324414716 0.2525083612040134 0.225752508361204
6 0.8394648829431438 0.4397993311036789 0.24581939799331104 0.2408026755852843
6 0.34615384615384615 0.12040133779264214 0.22073578595317725 0.2040133779264214