6 0.016722408026755852 0.17725752508361203 0.033444816053511704 0.23411371237458195
6 0.22240802675585283 0.9882943143812709 0.22742474916387959 0.021739130434782608
6 0.028428093645484948 0.9130434782608695 0.056856187290969896 0.17391304347826086
3 0.5066889632107023 0.5033444816053512 0.5468227424749164 0.5986622073578596
6 0.9498327759197325 0.09197324414715718 0.09531772575250837 0.18394648829431437
6 0.9464882943143813 0.6923076923076923 0.10033444816053512 0.24581939799331104
6 0.5903010033444817 0.9464882943143813 0.2508361204013378 0.10702341137123746
6 0.2608695652173913 0.05016722408026756 0.24749163879598662 0.10033444816053512
6 0.07525083612040134 0.451505016722408 0.1505016722408027 0.24581939799331104
6 0.07692307692307693 0.6939799331103679 0.15384615384615385 0.23076923076923078
6 0.6521739130434783 0.07859531772575251 0.23244147157190637 0.15551839464882944
6 0.8779264214046822 0.2959866220735786 0.23411371237458195 0.23411371237458195
6 0.19732441471571907 0.8411371237458194 0.21070234113712374 0.24581939799331104
6 0.6672240802675585 0.8377926421404682 0.26755852842809363 0.23076923076923078
6 0.4013377926421405 0.8612040133779264 0.225752508361204 0.21237458193979933
6 0.20234113712374582 0.5668896321070234 0.22742474916387959 0.25585284280936454
6 0.19732441471571907 0.27591973244147155 0.2391304347826087 0.2408026755852843
6 0.8595317725752508 0.5351170568561873 0.23076923076923078 0.2408026755852843