6 0.04180602006688963 0.10702341137123746 0.08361204013377926 0.2140468227424749
6 0.9816053511705686 0.4498327759197324 0.03678929765886288 0.21070234113712374
3 0.5050167224080268 0.5033444816053512 0.4214046822742475 0.42474916387959866
6 0.6070234113712375 0.9832775919732442 0.20735785953177258 0.033444816053511704
6 0.2993311036789298 0.021739130434782608 0.22742474916387959 0.043478260869565216
6 0.7692307692307693 0.026755852842809364 0.23411371237458195 0.05351170568561873
6 0.3177257525083612 0.959866220735786 0.22742474916387959 0.0802675585284281
6 0.903010033444816 0.7625418060200669 0.18896321070234115 0.20234113712374582
6 0.7976588628762542 0.7725752508361204 0.22240802675585283 0.21906354515050167
6 0.12207357859531773 0.9247491638795987 0.23745819397993312 0.1505016722408027
6 0.9448160535117057 0.08695652173913043 0.10702341137123746 0.17391304347826086
6 0.061872909698996656 0.205685618729097 0.12374581939799331 0.21739130434782608
6 0.9063545150501672 0.931438127090301 0.1806020066889632 0.13712374581939799
6 0.8277591973244147 0.5484949832775919 0.22742474916387959 0.23745819397993312
6 0.07190635451505016 0.46321070234113715 0.14381270903010032 0.24581939799331104
6 0.42642140468227424 0.21070234113712374 0.23076923076923078 0.21906354515050167
6 0.520066889632107 0.8712374581939799 0.2508361204013378 0.22408026755852842
6 0.23411371237458195 0.15217391304347827 0.23578595317725753 0.2157190635451505
6 0.21237458193979933 0.3612040133779264 0.20234113712374582 0.20903010033444816
6 0.2140468227424749 0.6120401337792643 0.23244147157190637 0.23076923076923078
6 0.7909698996655519 0.3210702341137124 0.23076923076923078 0.21906354515050167
6 0.0802675585284281 0.7558528428093646 0.1605351170568562 0.23411371237458195