6 0.9832775919732442 0.9464882943143813 0.033444816053511704 0.10702341137123746
3 0.5050167224080268 0.49665551839464883 0.431438127090301 0.49665551839464883
6 0.9715719063545151 0.3277591973244147 0.056856187290969896 0.23076923076923078
6 0.05351170568561873 0.7190635451505016 0.10702341137123746 0.3177257525083612
6 0.0451505016722408 0.9381270903010034 0.0903010033444816 0.12374581939799331
6 0.451505016722408 0.9782608695652174 0.2525083612040134 0.043478260869565216
6 0.8578595317725752 0.959866220735786 0.24749163879598662 0.0802675585284281
6 0.4230769230769231 0.043478260869565216 0.24749163879598662 0.08528428093645485
6 0.931438127090301 0.7876254180602007 0.13043478260869565 0.2591973244147157
6 0.07023411371237458 0.2792642140468227 0.13879598662207357 0.26755852842809363
6 0.20735785953177258 0.391304347826087 0.20234113712374582 0.23745819397993312
6 0.9214046822742475 0.5451505016722408 0.15551839464882944 0.23745819397993312
6 0.6555183946488294 0.0802675585284281 0.2608695652173913 0.1588628762541806
6 0.9247491638795987 0.10702341137123746 0.14381270903010032 0.2140468227424749
6 0.7709030100334449 0.6923076923076923 0.27424749163879597 0.27424749163879597
6 0.8377926421404682 0.28929765886287623 0.23076923076923078 0.20903010033444816
6 0.5903010033444817 0.8795986622073578 0.24749163879598662 0.23076923076923078
6 0.36622073578595316 0.8494983277591973 0.225752508361204 0.24581939799331104
6 0.1939799331103679 0.6421404682274248 0.2391304347826087 0.2508361204013378
6 0.28595317725752506 0.16387959866220736 0.2391304347826087 0.23411371237458195