6 0.011705685618729096 0.16722408026755853 0.021739130434782608 0.205685618729097
3 0.5 0.49665551839464883 0.5 0.6020066889632107
6 0.1956521739130435 0.4096989966555184 0.225752508361204 0.2525083612040134
6 0.4531772575250836 0.9581939799331104 0.2709030100334448 0.08361204013377926
6 0.9448160535117057 0.0451505016722408 0.11036789297658862 0.0903010033444816
5 0.34782608695652173 0.9264214046822743 0.10869565217391304 0.12709030100334448
6 0.9548494983277592 0.45652173913043476 0.08361204013377926 0.2491638795986622
6 0.49331103678929766 0.03511705685618729 0.24414715719063546 0.07023411371237458
6 0.2140468227424749 0.7876254180602007 0.22742474916387959 0.3093645484949833
6 0.11538461538461539 0.9665551839464883 0.22909698996655517 0.06688963210702341
6 0.056856187290969896 0.8361204013377926 0.11371237458193979 0.2625418060200669
6 0.7491638795986622 0.24749163879598662 0.2508361204013378 0.23745819397993312
6 0.10535117056856187 0.051839464882943144 0.21070234113712374 0.10367892976588629
6 0.717391304347826 0.931438127090301 0.27424749163879597 0.1354515050167224
6 0.9381270903010034 0.205685618729097 0.12040133779264214 0.225752508361204
6 0.07525083612040134 0.38127090301003347 0.1505016722408027 0.25752508361204013
6 0.8244147157190636 0.5033444816053512 0.1956521739130435 0.20903010033444816
6 0.16220735785953178 0.19230769230769232 0.28595317725752506 0.20903010033444816
6 0.7993311036789298 0.7357859531772575 0.24581939799331104 0.2040133779264214