6 0.9765886287625418 0.9331103678929766 0.0451505016722408 0.13043478260869565
6 0.919732441471572 0.011705685618729096 0.1588628762541806 0.021739130434782608
6 0.17558528428093645 0.016722408026755852 0.205685618729097 0.033444816053511704
6 0.9715719063545151 0.3862876254180602 0.056856187290969896 0.22909698996655517
3 0.5100334448160535 0.5016722408026756 0.4698996655518395 0.4866220735785953
5 0.7591973244147158 0.6822742474916388 0.06688963210702341 0.07525083612040134
5 0.7240802675585284 0.22909698996655517 0.08193979933110368 0.07190635451505016
6 0.919732441471572 0.8996655518394648 0.1605351170568562 0.20066889632107024
6 0.205685618729097 0.959866220735786 0.26421404682274247 0.0802675585284281
6 0.06020066889632107 0.3277591973244147 0.11872909698996656 0.2525083612040134
6 0.06856187290969899 0.8678929765886287 0.1354515050167224 0.225752508361204
6 0.9347826086956522 0.6989966555183946 0.1254180602006689 0.19063545150501673
6 0.07023411371237458 0.6321070234113713 0.13879598662207357 0.22408026755852842
6 0.225752508361204 0.5986622073578596 0.18394648829431437 0.18394648829431437
6 0.12207357859531773 0.14381270903010032 0.22742474916387959 0.21237458193979933
6 0.4866220735785953 0.8311036789297659 0.25585284280936454 0.23411371237458195
6 0.5100334448160535 0.15384615384615385 0.23578595317725753 0.19899665551839466
6 0.29264214046822745 0.2842809364548495 0.225752508361204 0.22073578595317725
6 0.842809364548495 0.459866220735786 0.23076923076923078 0.22073578595317725
6 0.7876254180602007 0.8010033444816054 0.2140468227424749 0.19899665551839466
6 0.8595317725752508 0.13879598662207357 0.24749163879598662 0.2408026755852843