5 0.6321070234113713 0.15719063545150502 0.0903010033444816 0.08361204013377926
5 0.33277591973244147 0.68561872909699 0.10033444816053512 0.09364548494983277
6 0.9715719063545151 0.18561872909698995 0.056856187290969896 0.205685618729097
3 0.479933110367893 0.5585284280936454 0.6220735785953178 0.4765886287625418
6 0.9581939799331104 0.40635451505016723 0.07859531772575251 0.25585284280936454
6 0.9297658862876255 0.05016722408026756 0.13377926421404682 0.10033444816053512
6 0.23411371237458195 0.24749163879598662 0.23076923076923078 0.26755852842809363
6 0.21739130434782608 0.7040133779264214 0.2792642140468227 0.21906354515050167
6 0.9364548494983278 0.9163879598662207 0.12207357859531773 0.16555183946488294
6 0.06856187290969899 0.8528428093645485 0.1354515050167224 0.27759197324414714
6 0.3862876254180602 0.08361204013377926 0.25752508361204013 0.16722408026755853
6 0.49498327759197325 0.9180602006688964 0.2391304347826087 0.16220735785953178
6 0.8745819397993311 0.5451505016722408 0.2391304347826087 0.19230769230769232
6 0.9013377926421404 0.7290969899665551 0.19230769230769232 0.20903010033444816
6 0.2959866220735786 0.8846153846153846 0.2591973244147157 0.2040133779264214
6 0.12374581939799331 0.451505016722408 0.23076923076923078 0.27424749163879597
6 0.09197324414715718 0.17558528428093645 0.18227424749163879 0.23411371237458195
6 0.81438127090301 0.2809364548494983 0.23411371237458195 0.24247491638795987