6 0.9832775919732442 0.5301003344481605 0.033444816053511704 0.2040133779264214
6 0.7123745819397993 0.29431438127090304 0.2140468227424749 0.2525083612040134
6 0.22742474916387959 0.5334448160535117 0.21070234113712374 0.25585284280936454
3 0.49331103678929766 0.5016722408026756 0.5351170568561873 0.45819397993311034
6 0.9464882943143813 0.08528428093645485 0.10535117056856187 0.1705685618729097
6 0.2508361204013378 0.9498327759197325 0.225752508361204 0.10033444816053512
6 0.9515050167224081 0.28929765886287623 0.09698996655518395 0.23745819397993312
6 0.9381270903010034 0.8745819397993311 0.12374581939799331 0.2508361204013378
6 0.4765886287625418 0.9698996655518395 0.22408026755852842 0.06020066889632107
5 0.8294314381270903 0.3394648829431438 0.09197324414715718 0.08862876254180602
6 0.06354515050167224 0.9548494983277592 0.12709030100334448 0.08361204013377926
6 0.31605351170568563 0.04013377926421405 0.2525083612040134 0.0802675585284281
6 0.8327759197324415 0.8461538461538461 0.27424749163879597 0.25585284280936454
6 0.05518394648829431 0.7859531772575251 0.11036789297658862 0.23745819397993312
6 0.07190635451505016 0.5 0.14381270903010032 0.24581939799331104
6 0.1020066889632107 0.08528428093645485 0.2040133779264214 0.1705685618729097
6 0.7625418060200669 0.08862876254180602 0.27424749163879597 0.17725752508361203
6 0.8327759197324415 0.596989966555184 0.24749163879598662 0.23076923076923078
6 0.2709030100334448 0.26588628762541805 0.24247491638795987 0.2508361204013378
6 0.28929765886287623 0.7859531772575251 0.24581939799331104 0.2525083612040134
6 0.5284280936454849 0.8160535117056856 0.24749163879598662 0.225752508361204
6 0.0802675585284281 0.2809364548494983 0.1605351170568562 0.20903010033444816