6 0.9782608695652174 0.3779264214046823 0.038461538461538464 0.1939799331103679
6 0.7508361204013378 0.011705685618729096 0.2525083612040134 0.021739130434782608
6 0.016722408026755852 0.31438127090301005 0.033444816053511704 0.22909698996655517
6 0.3996655518394649 0.9832775919732442 0.2508361204013378 0.033444816053511704
3 0.5 0.5117056856187291 0.5501672240802675 0.48327759197324416
6 0.06521739130434782 0.959866220735786 0.13043478260869565 0.0802675585284281
6 0.24414715719063546 0.02508361204013378 0.23411371237458195 0.05016722408026756
6 0.9331103678929766 0.038461538461538464 0.13043478260869565 0.07692307692307693
6 0.20234113712374582 0.9431438127090301 0.225752508361204 0.11371237458193979
6 0.862876254180602 0.14214046822742474 0.24247491638795987 0.19899665551839466
6 0.8929765886287625 0.4698996655518395 0.20234113712374582 0.21739130434782608
6 0.5150501672240803 0.10367892976588629 0.2140468227424749 0.19063545150501673
6 0.07859531772575251 0.14046822742474915 0.15719063545150502 0.2525083612040134
6 0.5301003344481605 0.8595317725752508 0.23411371237458195 0.2157190635451505
6 0.6003344481605352 0.26588628762541805 0.2608695652173913 0.22408026755852842
6 0.28595317725752506 0.15384615384615385 0.2842809364548495 0.2491638795986622
6 0.717391304347826 0.7709030100334449 0.2525083612040134 0.23076923076923078
6 0.9431438127090301 0.5836120401337793 0.11204013377926421 0.22240802675585283