6 0.81438127090301 0.020066889632107024 0.2157190635451505 0.038461538461538464
6 0.04180602006688963 0.7023411371237458 0.08361204013377926 0.2591973244147157
3 0.49665551839464883 0.479933110367893 0.6003344481605352 0.6254180602006689
6 0.7190635451505016 0.9464882943143813 0.24749163879598662 0.10702341137123746
6 0.9214046822742475 0.13043478260869565 0.1505016722408027 0.22909698996655517
6 0.9414715719063546 0.8444816053511706 0.11036789297658862 0.2408026755852843
6 0.1254180602006689 0.06020066889632107 0.22742474916387959 0.11872909698996656
6 0.3963210702341137 0.08695652173913043 0.22742474916387959 0.17391304347826086
6 0.6321070234113713 0.08695652173913043 0.23076923076923078 0.17391304347826086
6 0.8946488294314381 0.49665551839464883 0.205685618729097 0.20234113712374582
6 0.40468227424749165 0.8327759197324415 0.2140468227424749 0.17892976588628762
6 0.18394648829431437 0.8528428093645485 0.23076923076923078 0.22909698996655517
6 0.8394648829431438 0.7123745819397993 0.23411371237458195 0.21906354515050167
6 0.12040133779264214 0.43478260869565216 0.225752508361204 0.23076923076923078
6 0.9347826086956522 0.39464882943143814 0.13043478260869565 0.21906354515050167