6 0.3060200668896321 0.011705685618729096 0.25585284280936454 0.021739130434782608
6 0.2408026755852843 0.7658862876254181 0.24247491638795987 0.2157190635451505
6 0.17892976588628762 0.8662207357859532 0.21070234113712374 0.1956521739130435
3 0.5033444816053512 0.5117056856187291 0.4882943143812709 0.5434782608695652
6 0.9481605351170569 0.8394648829431438 0.09698996655518395 0.2809364548494983
6 0.1454849498327759 0.931438127090301 0.23076923076923078 0.1354515050167224
5 0.5668896321070234 0.7608695652173914 0.06688963210702341 0.06688963210702341
5 0.16387959866220736 0.5133779264214047 0.12207357859531773 0.11872909698996656
6 0.862876254180602 0.9648829431438127 0.25752508361204013 0.06856187290969899
6 0.6304347826086957 0.9364548494983278 0.24581939799331104 0.12709030100334448
6 0.13210702341137123 0.2491638795986622 0.26421404682274247 0.2842809364548495
6 0.8361204013377926 0.39297658862876256 0.24581939799331104 0.25585284280936454
6 0.42474916387959866 0.10702341137123746 0.27759197324414714 0.21237458193979933
6 0.745819397993311 0.7792642140468228 0.2809364548494983 0.2525083612040134
6 0.9013377926421404 0.6103678929765887 0.19230769230769232 0.21906354515050167