6 0.7391304347826086 0.5234113712374582 0.09531772575250837 0.17391304347826086
6 0.3110367892976589 0.7909698996655519 0.20735785953177258 0.09197324414715718
6 0.9765886287625418 0.7474916387959866 0.046822742474916385 0.21739130434782608
6 0.8846153846153846 0.2909698996655518 0.20735785953177258 0.23578595317725753
6 0.013377926421404682 0.6505016722408027 0.026755852842809364 0.19230769230769232
6 0.7692307692307693 0.9548494983277592 0.17725752508361203 0.08862876254180602
6 0.2040133779264214 0.5819397993311036 0.20066889632107024 0.19230769230769232
6 0.01839464882943144 0.4197324414715719 0.03511705685618729 0.21739130434782608
6 0.04013377926421405 0.22073578595317725 0.0802675585284281 0.1939799331103679
6 0.056856187290969896 0.9715719063545151 0.11371237458193979 0.05351170568561873
6 0.4297658862876254 0.8946488294314381 0.24414715719063546 0.19899665551839466
6 0.08862876254180602 0.22742474916387959 0.17725752508361203 0.20066889632107024
6 0.6538461538461539 0.9498327759197325 0.21739130434782608 0.10033444816053512
3 0.5016722408026756 0.48494983277591974 0.4230769230769231 0.41638795986622074
6 0.9565217391304348 0.9247491638795987 0.08695652173913043 0.1505016722408027
6 0.9297658862876255 0.3277591973244147 0.13879598662207357 0.21739130434782608
6 0.03511705685618729 0.8461538461538461 0.06856187290969899 0.21906354515050167
6 0.28762541806020064 0.6438127090301003 0.22240802675585283 0.20735785953177258
6 0.4280936454849498 0.9515050167224081 0.20735785953177258 0.09698996655518395
6 0.19230769230769232 0.8745819397993311 0.21070234113712374 0.1956521739130435
6 0.4882943143812709 0.06020066889632107 0.2408026755852843 0.11872909698996656
6 0.225752508361204 0.35451505016722407 0.2040133779264214 0.24247491638795987
6 0.6404682274247492 0.1488294314381271 0.2157190635451505 0.21237458193979933
6 0.8929765886287625 0.08862876254180602 0.20735785953177258 0.17725752508361203
6 0.6822742474916388 0.7474916387959866 0.22240802675585283 0.225752508361204
6 0.28929765886287623 0.11872909698996656 0.2508361204013378 0.23745819397993312
6 0.9113712374581939 0.5535117056856187 0.17224080267558528 0.25752508361204013