6 0.9816053511705686 0.29431438127090304 0.03511705685618729 0.20234113712374582
3 0.5016722408026756 0.5066889632107023 0.43645484949832775 0.48494983277591974
6 0.9130434782608695 0.0802675585284281 0.17391304347826086 0.1605351170568562
6 0.6053511705685619 0.9849498327759197 0.22742474916387959 0.030100334448160536
6 0.03678929765886288 0.9130434782608695 0.07357859531772576 0.17391304347826086
6 0.05852842809364549 0.09531772575250837 0.11705685618729098 0.19063545150501673
6 0.38294314381270905 0.959866220735786 0.25585284280936454 0.0802675585284281
6 0.903010033444816 0.9381270903010034 0.18729096989966554 0.12374581939799331
6 0.07692307692307693 0.8093645484949833 0.15384615384615385 0.24247491638795987
6 0.9247491638795987 0.4882943143812709 0.1454849498327759 0.2525083612040134
6 0.07190635451505016 0.5501672240802675 0.14214046822742474 0.23076923076923078
6 0.6806020066889632 0.2140468227424749 0.2508361204013378 0.2491638795986622
6 0.23411371237458195 0.07023411371237458 0.2508361204013378 0.14046822742474915
6 0.7976588628762542 0.3377926421404682 0.23578595317725753 0.22742474916387959
6 0.07692307692307693 0.3093645484949833 0.15384615384615385 0.2809364548494983
6 0.2842809364548495 0.8561872909698997 0.23578595317725753 0.21906354515050167
6 0.23745819397993312 0.2491638795986622 0.2408026755852843 0.2508361204013378
6 0.23244147157190637 0.6454849498327759 0.24749163879598662 0.2391304347826087
6 0.5117056856187291 0.8461538461538461 0.25418060200668896 0.2508361204013378
6 0.7525083612040134 0.7575250836120402 0.29431438127090304 0.2525083612040134
6 0.8846153846153846 0.14214046822742474 0.2157190635451505 0.21906354515050167