6 0.9698996655518395 0.939799331103679 0.06020066889632107 0.11872909698996656
6 0.05351170568561873 0.4498327759197324 0.10702341137123746 0.20066889632107024
6 0.9816053511705686 0.28595317725752506 0.03511705685618729 0.22073578595317725
6 0.22909698996655517 0.33612040133779264 0.2140468227424749 0.225752508361204
6 0.22742474916387959 0.9816053511705686 0.22742474916387959 0.03511705685618729
6 0.7692307692307693 0.016722408026755852 0.2725752508361204 0.033444816053511704
3 0.5117056856187291 0.5150501672240803 0.411371237458194 0.5618729096989966
6 0.08528428093645485 0.9665551839464883 0.1705685618729097 0.06688963210702341
6 0.10869565217391304 0.05852842809364549 0.21739130434782608 0.11538461538461539
6 0.7324414715719063 0.7441471571906354 0.2591973244147157 0.2809364548494983
6 0.2140468227424749 0.5418060200668896 0.2391304347826087 0.22408026755852842
6 0.7341137123745819 0.9347826086956522 0.24749163879598662 0.13043478260869565