3 0.5066889632107023 0.46488294314381273 0.47491638795986624 0.5551839464882943
6 0.9648829431438127 0.4431438127090301 0.07023411371237458 0.25752508361204013
6 0.9481605351170569 0.05518394648829431 0.10367892976588629 0.11036789297658862
6 0.38127090301003347 0.9448160535117057 0.2391304347826087 0.11036789297658862
6 0.14715719063545152 0.04013377926421405 0.2842809364548495 0.0802675585284281
6 0.2709030100334448 0.24247491638795987 0.24749163879598662 0.27591973244147155
6 0.8478260869565217 0.9364548494983278 0.25752508361204013 0.12709030100334448
6 0.13879598662207357 0.931438127090301 0.2608695652173913 0.13712374581939799
6 0.6806020066889632 0.06020066889632107 0.22742474916387959 0.11872909698996656
6 0.07692307692307693 0.3394648829431438 0.15384615384615385 0.23745819397993312
6 0.931438127090301 0.6839464882943144 0.13043478260869565 0.2508361204013378
6 0.7341137123745819 0.7775919732441472 0.2591973244147157 0.23411371237458195
6 0.13377926421404682 0.637123745819398 0.26421404682274247 0.2391304347826087
6 0.3377926421404682 0.7675585284280937 0.2408026755852843 0.22909698996655517
6 0.842809364548495 0.1806020066889632 0.23578595317725753 0.22408026755852842
6 0.5451505016722408 0.8729096989966555 0.22742474916387959 0.24247491638795987
6 0.81438127090301 0.4080267558528428 0.24581939799331104 0.225752508361204