6 0.04180602006688963 0.411371237458194 0.08361204013377926 0.22742474916387959
6 0.9096989966555183 0.41638795986622074 0.17558528428093645 0.2491638795986622
6 0.07859531772575251 0.8812709030100334 0.15551839464882944 0.22909698996655517
6 0.24247491638795987 0.6538461538461539 0.2591973244147157 0.22073578595317725
6 0.9180602006688964 0.520066889632107 0.1588628762541806 0.2408026755852843
5 0.2625418060200669 0.01839464882943144 0.06354515050167224 0.03511705685618729
6 0.06688963210702341 0.5735785953177257 0.13210702341137123 0.20066889632107024
3 0.5050167224080268 0.5066889632107023 0.5217391304347826 0.4682274247491639
6 0.9464882943143813 0.17725752508361203 0.10702341137123746 0.24247491638795987
6 0.16555183946488294 0.9498327759197325 0.2792642140468227 0.10033444816053512
6 0.11036789297658862 0.08361204013377926 0.21739130434782608 0.16555183946488294
6 0.26588628762541805 0.8294314381270903 0.2959866220735786 0.23745819397993312
6 0.8712374581939799 0.9264214046822743 0.24581939799331104 0.14715719063545152
6 0.7006688963210702 0.8076923076923077 0.22240802675585283 0.26588628762541805
6 0.10869565217391304 0.24414715719063546 0.21739130434782608 0.22909698996655517
6 0.431438127090301 0.09531772575250837 0.2909698996655518 0.19063545150501673
6 0.8193979933110368 0.19063545150501673 0.24581939799331104 0.2491638795986622
6 0.5551839464882943 0.20903010033444816 0.1956521739130435 0.1939799331103679
6 0.7859531772575251 0.3712374581939799 0.24581939799331104 0.22073578595317725
6 0.8896321070234113 0.7474916387959866 0.21739130434782608 0.26588628762541805
6 0.5501672240802675 0.8244147157190636 0.25585284280936454 0.26755852842809363