6 0.013377926421404682 0.8377926421404682 0.026755852842809364 0.2508361204013378
6 0.9849498327759197 0.40301003344481606 0.030100334448160536 0.21739130434782608
6 0.9698996655518395 0.8177257525083612 0.06020066889632107 0.2408026755852843
3 0.5150501672240803 0.5418060200668896 0.4531772575250836 0.7441471571906354
6 0.9247491638795987 0.5986622073578596 0.1454849498327759 0.24581939799331104
6 0.08862876254180602 0.9782608695652174 0.17725752508361203 0.03678929765886288
6 0.5 0.02508361204013378 0.2508361204013378 0.05016722408026756
6 0.8879598662207357 0.5250836120401338 0.20903010033444816 0.1956521739130435
6 0.7876254180602007 0.9364548494983278 0.2709030100334448 0.12709030100334448
6 0.7792642140468228 0.6806020066889632 0.20234113712374582 0.2157190635451505
6 0.30267558528428096 0.09531772575250837 0.23745819397993312 0.19063545150501673
6 0.7190635451505016 0.07023411371237458 0.2508361204013378 0.14046822742474915
6 0.07859531772575251 0.3996655518394649 0.15719063545150502 0.22073578595317725
6 0.9063545150501672 0.12207357859531773 0.1806020066889632 0.24414715719063546
6 0.13377926421404682 0.2040133779264214 0.23578595317725753 0.23076923076923078
6 0.1705685618729097 0.5719063545150501 0.2408026755852843 0.21906354515050167
6 0.12876254180602006 0.8010033444816054 0.24749163879598662 0.2591973244147157