6 0.011705685618729096 0.2040133779264214 0.023411371237458192 0.1806020066889632
6 0.048494983277591976 0.8846153846153846 0.09698996655518395 0.23076923076923078
6 0.342809364548495 0.9665551839464883 0.26421404682274247 0.06688963210702341
6 0.11872909698996656 0.9565217391304348 0.23411371237458195 0.08528428093645485
6 0.03678929765886288 0.028428093645484948 0.07357859531772576 0.056856187290969896
6 0.20903010033444816 0.9331103678929766 0.2959866220735786 0.13210702341137123
6 0.5535117056856187 0.06020066889632107 0.24749163879598662 0.11872909698996656
6 0.43812709030100333 0.056856187290969896 0.27424749163879597 0.11204013377926421
3 0.5016722408026756 0.5050167224080268 0.47491638795986624 0.4498327759197324
6 0.725752508361204 0.9782608695652174 0.23578595317725753 0.043478260869565216
6 0.3311036789297659 0.18729096989966554 0.22742474916387959 0.24247491638795987
6 0.903010033444816 0.10535117056856187 0.18896321070234115 0.2040133779264214
6 0.431438127090301 0.822742474916388 0.2709030100334448 0.24749163879598662
6 0.5100334448160535 0.20903010033444816 0.30267558528428096 0.2157190635451505
6 0.19230769230769232 0.4096989966555184 0.23578595317725753 0.2809364548494983
6 0.6421404682274248 0.8745819397993311 0.2157190635451505 0.22909698996655517
6 0.13210702341137123 0.16722408026755853 0.23076923076923078 0.2625418060200669