6 0.7240802675585284 0.9448160535117057 0.18561872909698995 0.11036789297658862
3 0.49665551839464883 0.5150501672240803 0.5836120401337793 0.5234113712374582
6 0.9230769230769231 0.06856187290969899 0.14715719063545152 0.13712374581939799
6 0.8779264214046822 0.5986622073578596 0.22742474916387959 0.2408026755852843
6 0.7157190635451505 0.07023411371237458 0.23411371237458195 0.14046822742474915
6 0.41304347826086957 0.06856187290969899 0.24749163879598662 0.13712374581939799
6 0.8812709030100334 0.8929765886287625 0.23411371237458195 0.21237458193979933
6 0.8662207357859532 0.46153846153846156 0.24247491638795987 0.205685618729097
6 0.09197324414715718 0.07692307692307693 0.18227424749163879 0.15384615384615385
6 0.08528428093645485 0.6354515050167224 0.1705685618729097 0.23411371237458195
6 0.2692307692307692 0.7558528428093646 0.21739130434782608 0.21906354515050167
6 0.6387959866220736 0.8461538461538461 0.23411371237458195 0.1939799331103679
6 0.10367892976588629 0.8862876254180602 0.205685618729097 0.225752508361204