6 0.021739130434782608 0.1505016722408027 0.04180602006688963 0.21237458193979933
3 0.5066889632107023 0.5217391304347826 0.4916387959866221 0.68561872909699
6 0.9565217391304348 0.5351170568561873 0.08193979933110368 0.24247491638795987
6 0.7993311036789298 0.023411371237458192 0.22240802675585283 0.046822742474916385
6 0.08528428093645485 0.931438127090301 0.1705685618729097 0.13043478260869565
6 0.5551839464882943 0.9481605351170569 0.23411371237458195 0.10367892976588629
6 0.9013377926421404 0.17725752508361203 0.18561872909698995 0.19899665551839466
6 0.4297658862876254 0.08528428093645485 0.25585284280936454 0.1705685618729097
6 0.9163879598662207 0.9063545150501672 0.1605351170568562 0.18729096989966554
6 0.1354515050167224 0.5434782608695652 0.2508361204013378 0.225752508361204
6 0.8277591973244147 0.6822742474916388 0.22742474916387959 0.25752508361204013
6 0.31605351170568563 0.8745819397993311 0.24581939799331104 0.22909698996655517
6 0.6588628762541806 0.12374581939799331 0.23076923076923078 0.225752508361204
6 0.19899665551839466 0.3093645484949833 0.23578595317725753 0.2157190635451505
6 0.81438127090301 0.3745819397993311 0.2391304347826087 0.2157190635451505
6 0.2909698996655518 0.6036789297658863 0.22408026755852842 0.24749163879598662