3 0.5033444816053512 0.4983277591973244 0.38294314381270905 0.41471571906354515
6 0.9698996655518395 0.9130434782608695 0.06020066889632107 0.17391304347826086
6 0.043478260869565216 0.3177257525083612 0.08528428093645485 0.26755852842809363
6 0.6187290969899666 0.9581939799331104 0.26755852842809363 0.08361204013377926
5 0.26588628762541805 0.46321070234113715 0.07859531772575251 0.06688963210702341
6 0.8528428093645485 0.9247491638795987 0.22742474916387959 0.1505016722408027
6 0.8545150501672241 0.5919732441471572 0.2709030100334448 0.342809364548495
6 0.08695652173913043 0.1020066889632107 0.17391304347826086 0.2040133779264214
6 0.7441471571906354 0.10033444816053512 0.26421404682274247 0.20066889632107024
6 0.07859531772575251 0.8946488294314381 0.15719063545150502 0.20903010033444816
6 0.4531772575250836 0.1505016722408027 0.2725752508361204 0.28929765886287623
6 0.11036789297658862 0.6003344481605352 0.22073578595317725 0.25752508361204013
6 0.3377926421404682 0.7625418060200669 0.2809364548494983 0.24581939799331104