6 0.020066889632107024 0.479933110367893 0.038461538461538464 0.24247491638795987
3 0.5016722408026756 0.5016722408026756 0.4197324414715719 0.3862876254180602
6 0.9648829431438127 0.11872909698996656 0.07023411371237458 0.23745819397993312
6 0.8595317725752508 0.03511705685618729 0.2709030100334448 0.06856187290969899
6 0.3612040133779264 0.9765886287625418 0.2993311036789298 0.046822742474916385
6 0.09197324414715718 0.7558528428093646 0.18227424749163879 0.3896321070234114
5 0.6605351170568562 0.8879598662207357 0.07190635451505016 0.0802675585284281
6 0.939799331103679 0.3511705685618729 0.12040133779264214 0.2976588628762542
6 0.12374581939799331 0.06020066889632107 0.24749163879598662 0.12040133779264214
6 0.07525083612040134 0.2625418060200669 0.1505016722408027 0.2591973244147157
6 0.4682274247491639 0.7759197324414716 0.20903010033444816 0.20903010033444816
6 0.205685618729097 0.31605351170568563 0.2608695652173913 0.25585284280936454
6 0.7157190635451505 0.1020066889632107 0.2608695652173913 0.20234113712374582
6 0.8929765886287625 0.8160535117056856 0.2140468227424749 0.28595317725752506
6 0.24749163879598662 0.8645484949832776 0.26755852842809363 0.26588628762541805
6 0.7909698996655519 0.27759197324414714 0.27759197324414714 0.2525083612040134
6 0.6906354515050167 0.7290969899665551 0.25752508361204013 0.2525083612040134