6 0.9782608695652174 0.31270903010033446 0.04180602006688963 0.21237458193979933
3 0.5133779264214047 0.5 0.43478260869565216 0.697324414715719
6 0.6622073578595318 0.9531772575250836 0.2976588628762542 0.09364548494983277
6 0.7441471571906354 0.021739130434782608 0.21739130434782608 0.043478260869565216
6 0.8060200668896321 0.7290969899665551 0.22240802675585283 0.22408026755852842
6 0.05351170568561873 0.5083612040133779 0.10702341137123746 0.2408026755852843
5 0.3110367892976589 0.20066889632107024 0.07190635451505016 0.06856187290969899
6 0.9013377926421404 0.03177257525083612 0.19230769230769232 0.061872909698996656
6 0.8913043478260869 0.520066889632107 0.21070234113712374 0.27424749163879597
6 0.06856187290969899 0.9448160535117057 0.1354515050167224 0.11036789297658862
6 0.8795986622073578 0.8060200668896321 0.20903010033444816 0.2408026755852843
6 0.20735785953177258 0.47491638795986624 0.23578595317725753 0.2525083612040134
6 0.5150501672240803 0.0903010033444816 0.24247491638795987 0.17892976588628762
6 0.20903010033444816 0.09531772575250837 0.23076923076923078 0.19063545150501673
6 0.41304347826086957 0.9080267558528428 0.2525083612040134 0.18394648829431437
6 0.2826086956521739 0.7190635451505016 0.225752508361204 0.2525083612040134
6 0.0903010033444816 0.7658862876254181 0.1806020066889632 0.2491638795986622
6 0.8127090301003345 0.22742474916387959 0.22073578595317725 0.22408026755852842
6 0.0903010033444816 0.26421404682274247 0.1806020066889632 0.2525083612040134