6 0.9698996655518395 0.04180602006688963 0.06020066889632107 0.08361204013377926
3 0.5033444816053512 0.4983277591973244 0.5150501672240803 0.5301003344481605
6 0.6003344481605352 0.20066889632107024 0.27759197324414714 0.17725752508361203
6 0.6555183946488294 0.9548494983277592 0.25418060200668896 0.0903010033444816
6 0.34448160535117056 0.9548494983277592 0.23411371237458195 0.0903010033444816
6 0.5351170568561873 0.06354515050167224 0.22240802675585283 0.12709030100334448
6 0.9347826086956522 0.903010033444816 0.1254180602006689 0.1939799331103679
6 0.3277591973244147 0.09364548494983277 0.22742474916387959 0.18729096989966554
6 0.4214046822742475 0.7909698996655519 0.27759197324414714 0.225752508361204
6 0.10869565217391304 0.09531772575250837 0.21739130434782608 0.19063545150501673
6 0.8946488294314381 0.15719063545150502 0.205685618729097 0.22073578595317725
6 0.8160535117056856 0.7424749163879598 0.2525083612040134 0.26755852842809363
6 0.2040133779264214 0.3779264214046823 0.23578595317725753 0.23745819397993312
6 0.10869565217391304 0.6103678929765887 0.21739130434782608 0.23411371237458195