6 0.9648829431438127 0.2040133779264214 0.06688963210702341 0.19899665551839466
6 0.013377926421404682 0.4331103678929766 0.026755852842809364 0.2040133779264214
6 0.939799331103679 0.41304347826086957 0.12040133779264214 0.22073578595317725
3 0.48327759197324416 0.5250836120401338 0.5936454849498328 0.5518394648829431
6 0.9163879598662207 0.10702341137123746 0.16387959866220736 0.21237458193979933
6 0.5284280936454849 0.9682274247491639 0.22240802675585283 0.06354515050167224
6 0.12709030100334448 0.8729096989966555 0.23076923076923078 0.17725752508361203
6 0.9013377926421404 0.9431438127090301 0.19230769230769232 0.11371237458193979
6 0.6939799331103679 0.6471571906354515 0.21070234113712374 0.2809364548494983
6 0.6956521739130435 0.8979933110367893 0.225752508361204 0.2040133779264214
6 0.14715719063545152 0.7642140468227425 0.2391304347826087 0.1956521739130435
6 0.07190635451505016 0.22909698996655517 0.14214046822742474 0.22408026755852842
6 0.8645484949832776 0.3695652173913043 0.22742474916387959 0.24247491638795987
6 0.23745819397993312 0.11371237458193979 0.23578595317725753 0.1939799331103679
6 0.2525083612040134 0.23578595317725753 0.21739130434782608 0.20234113712374582
6 0.8812709030100334 0.5886287625418061 0.23076923076923078 0.17391304347826086
6 0.8862876254180602 0.7809364548494984 0.22240802675585283 0.20234113712374582
6 0.7324414715719063 0.11204013377926421 0.225752508361204 0.21237458193979933
6 0.13043478260869565 0.40301003344481606 0.21739130434782608 0.2040133779264214
6 0.41638795986622074 0.8712374581939799 0.23411371237458195 0.20234113712374582