6 0.6622073578595318 0.9916387959866221 0.18561872909698995 0.016722408026755852
6 0.9515050167224081 0.013377926421404682 0.09698996655518395 0.026755852842809364
6 0.4297658862876254 0.794314381270903 0.22742474916387959 0.22073578595317725
6 0.011705685618729096 0.2591973244147157 0.021739130434782608 0.19899665551839466
6 0.016722408026755852 0.6755852842809364 0.033444816053511704 0.18896321070234115
3 0.5033444816053512 0.49331103678929766 0.6454849498327759 0.6020066889632107
6 0.030100334448160536 0.06020066889632107 0.06020066889632107 0.12040133779264214
6 0.7892976588628763 0.10033444816053512 0.22742474916387959 0.20066889632107024
6 0.028428093645484948 0.40468227424749165 0.056856187290969896 0.22073578595317725
6 0.05518394648829431 0.9548494983277592 0.11036789297658862 0.0903010033444816
6 0.13377926421404682 0.048494983277591976 0.2525083612040134 0.09698996655518395
6 0.4397993311036789 0.9715719063545151 0.22240802675585283 0.056856187290969896
6 0.9531772575250836 0.7391304347826086 0.08862876254180602 0.2508361204013378
6 0.23244147157190637 0.9581939799331104 0.2140468227424749 0.08361204013377926
6 0.3210702341137124 0.09364548494983277 0.22073578595317725 0.18729096989966554
6 0.9046822742474916 0.9230769230769231 0.18394648829431437 0.15384615384615385
6 0.24247491638795987 0.7140468227424749 0.20234113712374582 0.2491638795986622
6 0.6722408026755853 0.08528428093645485 0.2140468227424749 0.1705685618729097
6 0.11872909698996656 0.5384615384615384 0.23411371237458195 0.205685618729097
6 0.11872909698996656 0.26755852842809363 0.1956521739130435 0.19899665551839466
6 0.10869565217391304 0.842809364548495 0.21739130434782608 0.19230769230769232
6 0.8795986622073578 0.4899665551839465 0.23076923076923078 0.20903010033444816
6 0.7625418060200669 0.8076923076923077 0.225752508361204 0.2157190635451505
6 0.9046822742474916 0.2792642140468227 0.18561872909698995 0.21906354515050167