6 0.9632107023411371 0.09698996655518395 0.07023411371237458 0.19063545150501673
6 0.06020066889632107 0.015050167224080268 0.11872909698996656 0.030100334448160536
3 0.520066889632107 0.4983277591973244 0.44481605351170567 0.6120401337792643
6 0.8979933110367893 0.520066889632107 0.19732441471571907 0.22909698996655517
6 0.8946488294314381 0.020066889632107024 0.20903010033444816 0.04013377926421405
6 0.07357859531772576 0.36454849498327757 0.14715719063545152 0.24581939799331104
6 0.8545150501672241 0.9732441471571907 0.23411371237458195 0.05351170568561873
6 0.657190635451505 0.9698996655518395 0.26421404682274247 0.06020066889632107
6 0.8193979933110368 0.49665551839464883 0.2725752508361204 0.2491638795986622
6 0.7224080267558528 0.8444816053511706 0.24581939799331104 0.22909698996655517
6 0.31438127090301005 0.7240802675585284 0.25585284280936454 0.23411371237458195
6 0.06020066889632107 0.596989966555184 0.12040133779264214 0.2508361204013378
6 0.5869565217391305 0.882943143812709 0.23578595317725753 0.22408026755852842
6 0.09197324414715718 0.23244147157190637 0.18227424749163879 0.22408026755852842
6 0.7842809364548495 0.2826086956521739 0.26755852842809363 0.22408026755852842
6 0.2408026755852843 0.47491638795986624 0.2391304347826087 0.26755852842809363
6 0.2959866220735786 0.8712374581939799 0.2591973244147157 0.2408026755852843
6 0.6471571906354515 0.14214046822742474 0.2508361204013378 0.2408026755852843