3 0.5033444816053512 0.5 0.4882943143812709 0.4983277591973244
6 0.9665551839464883 0.2792642140468227 0.06688963210702341 0.22742474916387959
6 0.8729096989966555 0.016722408026755852 0.23578595317725753 0.033444816053511704
6 0.033444816053511704 0.3010033444816054 0.06688963210702341 0.24581939799331104
6 0.17725752508361203 0.10869565217391304 0.24749163879598662 0.21739130434782608
6 0.7759197324414716 0.9147157190635451 0.2140468227424749 0.1705685618729097
6 0.1354515050167224 0.6789297658862876 0.22742474916387959 0.22408026755852842
6 0.8879598662207357 0.9046822742474916 0.22073578595317725 0.19063545150501673
6 0.11371237458193979 0.5618729096989966 0.22742474916387959 0.24247491638795987
6 0.5919732441471572 0.9464882943143813 0.23411371237458195 0.10702341137123746
6 0.8160535117056856 0.09531772575250837 0.20735785953177258 0.19063545150501673
6 0.939799331103679 0.5351170568561873 0.12040133779264214 0.23411371237458195
6 0.27759197324414714 0.9063545150501672 0.2391304347826087 0.18729096989966554
6 0.07692307692307693 0.10702341137123746 0.15384615384615385 0.2140468227424749
6 0.48327759197324416 0.8578595317725752 0.21739130434782608 0.2408026755852843
6 0.6204013377926422 0.09364548494983277 0.225752508361204 0.18729096989966554
6 0.29431438127090304 0.774247491638796 0.25585284280936454 0.22073578595317725
6 0.18394648829431437 0.28929765886287623 0.24749163879598662 0.2709030100334448
6 0.7775919732441472 0.7240802675585284 0.2508361204013378 0.23745819397993312
6 0.0802675585284281 0.8745819397993311 0.1605351170568562 0.2508361204013378
6 0.41638795986622074 0.13879598662207357 0.2525083612040134 0.2408026755852843