6 0.2842809364548495 0.2993311036789298 0.24247491638795987 0.2625418060200669
6 0.9682274247491639 0.8812709030100334 0.06354515050167224 0.21237458193979933
6 0.07859531772575251 0.06020066889632107 0.15719063545150502 0.12040133779264214
6 0.3311036789297659 0.9866220735785953 0.27424749163879597 0.026755852842809364
6 0.9615384615384616 0.3177257525083612 0.07190635451505016 0.2491638795986622
6 0.046822742474916385 0.4080267558528428 0.09197324414715718 0.2709030100334448
3 0.5100334448160535 0.49665551839464883 0.5133779264214047 0.5451505016722408
5 0.959866220735786 0.15719063545150502 0.07525083612040134 0.08862876254180602
5 0.479933110367893 0.862876254180602 0.07859531772575251 0.06856187290969899
5 0.27424749163879597 0.9096989966555183 0.10367892976588629 0.1020066889632107
5 0.4180602006688963 0.11204013377926421 0.11371237458193979 0.08361204013377926
6 0.7558528428093646 0.09698996655518395 0.25418060200668896 0.1939799331103679
6 0.41471571906354515 0.8177257525083612 0.25585284280936454 0.20903010033444816
6 0.1705685618729097 0.8060200668896321 0.26421404682274247 0.2508361204013378
6 0.20903010033444816 0.5652173913043478 0.205685618729097 0.26588628762541805
6 0.5919732441471572 0.1956521739130435 0.2725752508361204 0.20903010033444816
6 0.3060200668896321 0.11036789297658862 0.21739130434782608 0.22073578595317725
6 0.11872909698996656 0.16220735785953178 0.23076923076923078 0.28762541806020064
6 0.9280936454849499 0.6722408026755853 0.13879598662207357 0.24247491638795987
6 0.6254180602006689 0.9080267558528428 0.2508361204013378 0.18227424749163879
6 0.7625418060200669 0.8612040133779264 0.24749163879598662 0.2391304347826087
6 0.8795986622073578 0.4698996655518395 0.23076923076923078 0.22909698996655517