6 0.40301003344481606 0.023411371237458192 0.18394648829431437 0.046822742474916385
5 0.8595317725752508 0.40301003344481606 0.09698996655518395 0.10033444816053512
3 0.5050167224080268 0.5117056856187291 0.49498327759197325 0.5652173913043478
6 0.23578595317725753 0.20735785953177258 0.23411371237458195 0.2408026755852843
6 0.2625418060200669 0.9615384615384616 0.23076923076923078 0.07692307692307693
6 0.048494983277591976 0.3712374581939799 0.09698996655518395 0.2525083612040134
6 0.1488294314381271 0.9732441471571907 0.24749163879598662 0.05351170568561873
6 0.8361204013377926 0.9581939799331104 0.21739130434782608 0.08361204013377926
5 0.8411371237458194 0.540133779264214 0.08528428093645485 0.07190635451505016
6 0.7625418060200669 0.1956521739130435 0.24749163879598662 0.20903010033444816
5 0.9715719063545151 0.560200668896321 0.05351170568561873 0.06020066889632107
5 0.7909698996655519 0.3294314381270903 0.11371237458193979 0.11371237458193979
6 0.28762541806020064 0.038461538461538464 0.25418060200668896 0.07692307692307693
6 0.3177257525083612 0.18227424749163879 0.23578595317725753 0.21237458193979933
6 0.8879598662207357 0.6622073578595318 0.2140468227424749 0.22408026755852842
6 0.18394648829431437 0.7107023411371237 0.25585284280936454 0.2040133779264214
6 0.6839464882943144 0.9448160535117057 0.2391304347826087 0.11036789297658862
6 0.8929765886287625 0.41638795986622074 0.20903010033444816 0.22408026755852842
6 0.5953177257525084 0.07190635451505016 0.24749163879598662 0.14381270903010032
6 0.8946488294314381 0.07692307692307693 0.2040133779264214 0.15384615384615385
6 0.07525083612040134 0.13712374581939799 0.1505016722408027 0.22909698996655517
6 0.07023411371237458 0.8645484949832776 0.13879598662207357 0.2591973244147157
6 0.9147157190635451 0.8311036789297659 0.16722408026755853 0.21906354515050167
6 0.3979933110367893 0.8695652173913043 0.23076923076923078 0.21906354515050167
6 0.1588628762541806 0.5652173913043478 0.24749163879598662 0.24247491638795987