6 0.6337792642140468 0.010033444816053512 0.2140468227424749 0.01839464882943144
6 0.9063545150501672 0.011705685618729096 0.18561872909698995 0.021739130434782608
6 0.4765886287625418 0.9882943143812709 0.18561872909698995 0.021739130434782608
6 0.9682274247491639 0.5668896321070234 0.06354515050167224 0.25585284280936454
3 0.5033444816053512 0.49665551839464883 0.40635451505016723 0.6237458193979933
6 0.033444816053511704 0.8244147157190636 0.06688963210702341 0.22408026755852842
6 0.9531772575250836 0.8093645484949833 0.08528428093645485 0.24581939799331104
6 0.931438127090301 0.9698996655518395 0.13043478260869565 0.06020066889632107
6 0.07357859531772576 0.9548494983277592 0.14715719063545152 0.08862876254180602
6 0.2408026755852843 0.9414715719063546 0.21070234113712374 0.11538461538461539
6 0.07190635451505016 0.42642140468227424 0.14214046822742474 0.2408026755852843
6 0.056856187290969896 0.10033444816053512 0.11371237458193979 0.20066889632107024
6 0.919732441471572 0.11371237458193979 0.1588628762541806 0.18394648829431437
6 0.4498327759197324 0.07190635451505016 0.22742474916387959 0.14381270903010032
6 0.5451505016722408 0.8812709030100334 0.21739130434782608 0.18729096989966554
6 0.3210702341137124 0.802675585284281 0.21070234113712374 0.21237458193979933
6 0.822742474916388 0.882943143812709 0.20735785953177258 0.17892976588628762
6 0.7792642140468228 0.697324414715719 0.225752508361204 0.19230769230769232
6 0.225752508361204 0.49498327759197325 0.21739130434782608 0.20066889632107024
6 0.14214046822742474 0.705685618729097 0.20066889632107024 0.2157190635451505
6 0.6889632107023411 0.13712374581939799 0.22240802675585283 0.22073578595317725
6 0.7976588628762542 0.5117056856187291 0.22240802675585283 0.21906354515050167
6 0.20735785953177258 0.26588628762541805 0.225752508361204 0.21906354515050167