5 0.11705685618729098 0.3311036789297659 0.05016722408026756 0.05518394648829431
6 0.451505016722408 0.9882943143812709 0.225752508361204 0.021739130434782608
6 0.03177257525083612 0.5668896321070234 0.06354515050167224 0.23745819397993312
6 0.919732441471572 0.17892976588628762 0.15551839464882944 0.2491638795986622
6 0.4983277591973244 0.8377926421404682 0.24247491638795987 0.225752508361204
6 0.17725752508361203 0.47157190635451507 0.2809364548494983 0.24749163879598662
6 0.7240802675585284 0.028428093645484948 0.2508361204013378 0.056856187290969896
3 0.5 0.5083612040133779 0.3996655518394649 0.46488294314381273
5 0.2993311036789298 0.6605351170568562 0.07859531772575251 0.06856187290969899
6 0.4013377926421405 0.8294314381270903 0.22073578595317725 0.2040133779264214
6 0.05518394648829431 0.2625418060200669 0.11036789297658862 0.23411371237458195
6 0.7274247491638796 0.8043478260869565 0.22742474916387959 0.18729096989966554
6 0.8645484949832776 0.23578595317725753 0.2391304347826087 0.23411371237458195
6 0.08193979933110368 0.07357859531772576 0.16387959866220736 0.14715719063545152
6 0.931438127090301 0.45484949832775917 0.13043478260869565 0.2525083612040134
6 0.7842809364548495 0.5953177257525084 0.21070234113712374 0.2525083612040134
6 0.8695652173913043 0.9280936454849499 0.2508361204013378 0.14381270903010032
6 0.26755852842809363 0.2625418060200669 0.23076923076923078 0.2157190635451505