6 0.1588628762541806 0.41304347826086957 0.20903010033444816 0.17224080267558528
6 0.013377926421404682 0.5150501672240803 0.026755852842809364 0.20066889632107024
3 0.5133779264214047 0.4698996655518395 0.5953177257525084 0.7140468227424749
5 0.07023411371237458 0.7792642140468228 0.12876254180602006 0.08862876254180602
6 0.4682274247491639 0.01839464882943144 0.2525083612040134 0.03511705685618729
6 0.05016722408026756 0.8879598662207357 0.10033444816053512 0.21906354515050167
6 0.939799331103679 0.9498327759197325 0.12040133779264214 0.10033444816053512
6 0.46153846153846156 0.9063545150501672 0.33444816053511706 0.18729096989966554
6 0.12207357859531773 0.2525083612040134 0.24414715719063546 0.2491638795986622
6 0.7775919732441472 0.33277591973244147 0.21070234113712374 0.26755852842809363
6 0.08528428093645485 0.07692307692307693 0.1705685618729097 0.15384615384615385
6 0.11872909698996656 0.6187290969899666 0.23745819397993312 0.2408026755852843
6 0.23076923076923078 0.8110367892976589 0.2608695652173913 0.22408026755852842
6 0.28929765886287623 0.0903010033444816 0.25585284280936454 0.17892976588628762
6 0.9214046822742475 0.4214046822742475 0.1505016722408027 0.2709030100334448
6 0.8812709030100334 0.11872909698996656 0.22742474916387959 0.22909698996655517