6 0.8093645484949833 0.5652173913043478 0.21070234113712374 0.24749163879598662
6 0.2157190635451505 0.011705685618729096 0.23076923076923078 0.023411371237458192
6 0.01839464882943144 0.8846153846153846 0.03511705685618729 0.22073578595317725
6 0.5468227424749164 0.0451505016722408 0.24749163879598662 0.0903010033444816
3 0.5 0.49665551839464883 0.5117056856187291 0.49665551839464883
6 0.9347826086956522 0.028428093645484948 0.13043478260869565 0.056856187290969896
6 0.11538461538461539 0.9749163879598662 0.225752508361204 0.05016722408026756
6 0.7391304347826086 0.9615384615384616 0.24749163879598662 0.07692307692307693
6 0.6789297658862876 0.08361204013377926 0.25752508361204013 0.16555183946488294
6 0.8745819397993311 0.6304347826086957 0.2391304347826087 0.23745819397993312
6 0.2157190635451505 0.3695652173913043 0.22073578595317725 0.26588628762541805
6 0.9230769230769231 0.9147157190635451 0.14715719063545152 0.1705685618729097
6 0.061872909698996656 0.3394648829431438 0.12374581939799331 0.26421404682274247
6 0.411371237458194 0.931438127090301 0.2508361204013378 0.13712374581939799
6 0.13210702341137123 0.5367892976588629 0.2408026755852843 0.20903010033444816
6 0.9297658862876255 0.2625418060200669 0.13377926421404682 0.225752508361204
6 0.7474916387959866 0.2709030100334448 0.2391304347826087 0.26588628762541805
6 0.3862876254180602 0.7859531772575251 0.2725752508361204 0.21237458193979933
6 0.3210702341137124 0.16387959866220736 0.23076923076923078 0.21906354515050167
6 0.13377926421404682 0.7775919732441472 0.2508361204013378 0.2508361204013378