6 0.9464882943143813 0.06020066889632107 0.10367892976588629 0.11872909698996656
6 0.03678929765886288 0.05852842809364549 0.07357859531772576 0.11705685618729098
6 0.0451505016722408 0.40301003344481606 0.08862876254180602 0.2491638795986622
6 0.048494983277591976 0.822742474916388 0.09698996655518395 0.24247491638795987
6 0.026755852842809364 0.5986622073578596 0.05351170568561873 0.23411371237458195
6 0.1020066889632107 0.07357859531772576 0.19732441471571907 0.14715719063545152
6 0.9565217391304348 0.3394648829431438 0.08193979933110368 0.20903010033444816
3 0.4983277591973244 0.5267558528428093 0.5133779264214047 0.5334448160535117
6 0.6872909698996655 0.026755852842809364 0.24414715719063546 0.05351170568561873
5 0.560200668896321 0.048494983277591976 0.0903010033444816 0.08361204013377926
6 0.22909698996655517 0.20903010033444816 0.24247491638795987 0.20903010033444816
6 0.5033444816053512 0.9548494983277592 0.2525083612040134 0.0903010033444816
6 0.2508361204013378 0.33277591973244147 0.2140468227424749 0.20234113712374582
6 0.3010033444816054 0.06354515050167224 0.24749163879598662 0.12709030100334448
6 0.774247491638796 0.8979933110367893 0.23745819397993312 0.2040133779264214
6 0.24749163879598662 0.8110367892976589 0.2508361204013378 0.2508361204013378
6 0.9096989966555183 0.9130434782608695 0.1806020066889632 0.17391304347826086
6 0.12876254180602006 0.939799331103679 0.25585284280936454 0.11872909698996656
6 0.8444816053511706 0.5618729096989966 0.2391304347826087 0.23076923076923078
6 0.14715719063545152 0.48327759197324416 0.21070234113712374 0.23411371237458195
6 0.7090301003344481 0.15551839464882944 0.23411371237458195 0.23411371237458195
6 0.8277591973244147 0.3528428093645485 0.22742474916387959 0.225752508361204
6 0.43478260869565216 0.18896321070234115 0.2408026755852843 0.21906354515050167
6 0.8712374581939799 0.11872909698996656 0.24749163879598662 0.22909698996655517
6 0.939799331103679 0.6521739130434783 0.11872909698996656 0.2491638795986622
6 0.782608695652174 0.7140468227424749 0.25585284280936454 0.21237458193979933
6 0.3745819397993311 0.8695652173913043 0.22073578595317725 0.22073578595317725