6 0.8344481605351171 0.4297658862876254 0.22073578595317725 0.2040133779264214
6 0.7976588628762542 0.23076923076923078 0.21739130434782608 0.18729096989966554
6 0.04180602006688963 0.16220735785953178 0.08361204013377926 0.18729096989966554
6 0.9715719063545151 0.14381270903010032 0.056856187290969896 0.23411371237458195
6 0.7608695652173914 0.979933110367893 0.205685618729097 0.038461538461538464
3 0.5066889632107023 0.4866220735785953 0.4916387959866221 0.5702341137123745
6 0.10702341137123746 0.11036789297658862 0.20903010033444816 0.22073578595317725
6 0.1354515050167224 0.9698996655518395 0.18896321070234115 0.06020066889632107
6 0.5 0.9632107023411371 0.24414715719063546 0.07357859531772576
6 0.5719063545150501 0.8210702341137124 0.2525083612040134 0.22073578595317725
6 0.07859531772575251 0.6839464882943144 0.15551839464882944 0.23411371237458195
6 0.8076923076923077 0.8528428093645485 0.24247491638795987 0.1956521739130435
6 0.08361204013377926 0.8394648829431438 0.16722408026755853 0.22073578595317725
6 0.2976588628762542 0.9214046822742475 0.20066889632107024 0.15719063545150502
6 0.23745819397993312 0.5451505016722408 0.2140468227424749 0.2157190635451505
6 0.7926421404682275 0.10535117056856187 0.24247491638795987 0.2040133779264214
6 0.919732441471572 0.35785953177257523 0.1505016722408027 0.21739130434782608
6 0.14381270903010032 0.33444816053511706 0.2508361204013378 0.22909698996655517
6 0.2625418060200669 0.7190635451505016 0.2140468227424749 0.22073578595317725
6 0.31270903010033446 0.1588628762541806 0.22073578595317725 0.22408026755852842
6 0.9163879598662207 0.6722408026755853 0.16387959866220736 0.22073578595317725