6 0.23578595317725753 0.20066889632107024 0.24581939799331104 0.22909698996655517
6 0.6705685618729097 0.862876254180602 0.2140468227424749 0.22909698996655517
6 0.9665551839464883 0.8745819397993311 0.06020066889632107 0.22408026755852842
6 0.7491638795986622 0.9013377926421404 0.22742474916387959 0.19732441471571907
6 0.23411371237458195 0.9749163879598662 0.23578595317725753 0.05016722408026756
3 0.5033444816053512 0.5 0.5033444816053512 0.5050167224080268
6 0.44648829431438125 0.8177257525083612 0.24749163879598662 0.2157190635451505
5 0.9832775919732442 0.5418060200668896 0.033444816053511704 0.06688963210702341
6 0.04180602006688963 0.5568561872909699 0.08361204013377926 0.20903010033444816
6 0.08361204013377926 0.07692307692307693 0.16722408026755853 0.15384615384615385
6 0.9364548494983278 0.6521739130434783 0.12207357859531773 0.21906354515050167
6 0.342809364548495 0.205685618729097 0.22073578595317725 0.22909698996655517
6 0.1588628762541806 0.4531772575250836 0.2391304347826087 0.25585284280936454
6 0.07859531772575251 0.7558528428093646 0.15719063545150502 0.21237458193979933
6 0.6755852842809364 0.06354515050167224 0.23411371237458195 0.12709030100334448
6 0.7290969899665551 0.27424749163879597 0.24247491638795987 0.21237458193979933
6 0.07357859531772576 0.8929765886287625 0.14715719063545152 0.21237458193979933
6 0.8779264214046822 0.09197324414715718 0.23411371237458195 0.18394648829431437
6 0.225752508361204 0.6906354515050167 0.18394648829431437 0.205685618729097
6 0.8327759197324415 0.4916387959866221 0.20903010033444816 0.21237458193979933
6 0.34615384615384615 0.8812709030100334 0.23411371237458195 0.225752508361204
6 0.9180602006688964 0.3177257525083612 0.1588628762541806 0.23076923076923078
6 0.1254180602006689 0.3762541806020067 0.18561872909698995 0.19732441471571907
6 0.12374581939799331 0.07357859531772576 0.1939799331103679 0.14715719063545152
6 0.2508361204013378 0.9130434782608695 0.22742474916387959 0.17391304347826086