6 0.8394648829431438 0.9297658862876255 0.27759197324414714 0.14046822742474915
6 0.05351170568561873 0.3762541806020067 0.10702341137123746 0.23076923076923078
6 0.8093645484949833 0.32441471571906355 0.20066889632107024 0.1939799331103679
6 0.959866220735786 0.03177257525083612 0.0802675585284281 0.06354515050167224
6 0.5903010033444817 0.9163879598662207 0.24749163879598662 0.16555183946488294
6 0.9816053511705686 0.6889632107023411 0.03511705685618729 0.19899665551839466
6 0.8260869565217391 0.45484949832775917 0.2140468227424749 0.1939799331103679
6 0.15217391304347827 0.7591973244147158 0.2408026755852843 0.2408026755852843
5 0.9648829431438127 0.8795986622073578 0.06020066889632107 0.07190635451505016
6 0.07525083612040134 0.02508361204013378 0.1505016722408027 0.05016722408026756
3 0.5016722408026756 0.4983277591973244 0.4698996655518395 0.40301003344481606
6 0.05351170568561873 0.6939799331103679 0.10702341137123746 0.2508361204013378
6 0.725752508361204 0.23745819397993312 0.19732441471571907 0.2491638795986622
6 0.49498327759197325 0.9130434782608695 0.22073578595317725 0.17391304347826086
5 0.12876254180602006 0.6454849498327759 0.07023411371237458 0.07525083612040134
5 0.2591973244147157 0.36622073578595316 0.06688963210702341 0.07190635451505016
6 0.7491638795986622 0.8879598662207357 0.2391304347826087 0.21906354515050167
6 0.580267558528428 0.051839464882943144 0.23745819397993312 0.10367892976588629
6 0.35618729096989965 0.11371237458193979 0.2725752508361204 0.18394648829431437
6 0.11705685618729098 0.9381270903010034 0.23411371237458195 0.12374581939799331
6 0.13043478260869565 0.08528428093645485 0.23411371237458195 0.1705685618729097
6 0.8762541806020067 0.1354515050167224 0.23076923076923078 0.22073578595317725
6 0.8662207357859532 0.596989966555184 0.20903010033444816 0.18729096989966554
6 0.17892976588628762 0.5033444816053512 0.21739130434782608 0.24247491638795987
6 0.1454849498327759 0.2692307692307692 0.20234113712374582 0.20234113712374582
6 0.36454849498327757 0.7625418060200669 0.21739130434782608 0.205685618729097