6 0.520066889632107 0.9414715719063546 0.2608695652173913 0.11538461538461539
6 0.9832775919732442 0.21739130434782608 0.033444816053511704 0.22073578595317725
6 0.4397993311036789 0.8311036789297659 0.27424749163879597 0.2408026755852843
6 0.01839464882943144 0.26421404682274247 0.03511705685618729 0.225752508361204
6 0.9565217391304348 0.9331103678929766 0.07525083612040134 0.13210702341137123
6 0.9632107023411371 0.7876254180602007 0.07023411371237458 0.225752508361204
3 0.5050167224080268 0.5117056856187291 0.5351170568561873 0.5317725752508361
6 0.35451505016722407 0.013377926421404682 0.26755852842809363 0.026755852842809364
6 0.10535117056856187 0.3311036789297659 0.21070234113712374 0.20903010033444816
6 0.9481605351170569 0.043478260869565216 0.10367892976588629 0.08695652173913043
6 0.7341137123745819 0.9481605351170569 0.21739130434782608 0.10367892976588629
6 0.32441471571906355 0.9464882943143813 0.22742474916387959 0.10702341137123746
6 0.3311036789297659 0.19230769230769232 0.25585284280936454 0.24247491638795987
6 0.07190635451505016 0.05852842809364549 0.14214046822742474 0.11538461538461539
6 0.697324414715719 0.8578595317725752 0.2725752508361204 0.21906354515050167
6 0.09531772575250837 0.4531772575250836 0.18896321070234115 0.1956521739130435
6 0.225752508361204 0.20066889632107024 0.21070234113712374 0.22408026755852842
6 0.20903010033444816 0.9331103678929766 0.22240802675585283 0.13210702341137123
6 0.3076923076923077 0.7993311036789298 0.2591973244147157 0.2157190635451505
6 0.8377926421404682 0.10033444816053512 0.23745819397993312 0.20066889632107024
6 0.8260869565217391 0.6956521739130435 0.24749163879598662 0.26755852842809363
6 0.06688963210702341 0.8812709030100334 0.13210702341137123 0.23076923076923078
6 0.7090301003344481 0.2709030100334448 0.23578595317725753 0.20234113712374582
6 0.5518394648829431 0.14214046822742474 0.23076923076923078 0.2408026755852843
6 0.8678929765886287 0.4280936454849498 0.2525083612040134 0.24581939799331104
6 0.1588628762541806 0.6254180602006689 0.2408026755852843 0.24247491638795987