6 0.011705685618729096 0.5334448160535117 0.023411371237458192 0.21070234113712374
6 0.9732441471571907 0.24414715719063546 0.05351170568561873 0.21237458193979933
6 0.9515050167224081 0.2140468227424749 0.09698996655518395 0.27759197324414714
3 0.5133779264214047 0.5033444816053512 0.48494983277591974 0.637123745819398
6 0.0451505016722408 0.7240802675585284 0.08862876254180602 0.22073578595317725
6 0.2792642140468227 0.9632107023411371 0.24414715719063546 0.07357859531772576
6 0.2508361204013378 0.05351170568561873 0.19732441471571907 0.10702341137123746
6 0.20234113712374582 0.9080267558528428 0.1956521739130435 0.18227424749163879
6 0.07190635451505016 0.06020066889632107 0.14214046822742474 0.11872909698996656
6 0.8461538461538461 0.07692307692307693 0.20735785953177258 0.15384615384615385
6 0.15384615384615385 0.49498327759197325 0.2391304347826087 0.21906354515050167
6 0.782608695652174 0.9414715719063546 0.24247491638795987 0.11538461538461539
6 0.5117056856187291 0.9130434782608695 0.19230769230769232 0.17391304347826086
6 0.2408026755852843 0.6588628762541806 0.21070234113712374 0.20903010033444816
6 0.34448160535117056 0.14214046822742474 0.17892976588628762 0.18227424749163879
6 0.23578595317725753 0.3494983277591973 0.21070234113712374 0.2040133779264214
6 0.8411371237458194 0.5384615384615384 0.22240802675585283 0.21237458193979933
6 0.8862876254180602 0.7474916387959866 0.22240802675585283 0.22909698996655517
6 0.5719063545150501 0.9013377926421404 0.19063545150501673 0.19732441471571907
6 0.1020066889632107 0.4698996655518395 0.16387959866220736 0.25752508361204013
6 0.9531772575250836 0.6806020066889632 0.09364548494983277 0.22909698996655517