6 0.011705685618729096 0.7859531772575251 0.021739130434782608 0.17725752508361203
6 0.9565217391304348 0.6622073578595318 0.08193979933110368 0.22909698996655517
3 0.5050167224080268 0.5066889632107023 0.4397993311036789 0.48494983277591974
6 0.9464882943143813 0.9280936454849499 0.10702341137123746 0.14381270903010032
6 0.9280936454849499 0.33444816053511706 0.1354515050167224 0.19063545150501673
6 0.774247491638796 0.931438127090301 0.23578595317725753 0.13712374581939799
6 0.4280936454849498 0.07859531772575251 0.225752508361204 0.15551839464882944
6 0.3060200668896321 0.9364548494983278 0.21070234113712374 0.12709030100334448
6 0.8210702341137124 0.5284280936454849 0.2157190635451505 0.1939799331103679
6 0.2140468227424749 0.44481605351170567 0.22742474916387959 0.26755852842809363
6 0.7090301003344481 0.14715719063545152 0.2525083612040134 0.205685618729097
6 0.09866220735785954 0.9063545150501672 0.19732441471571907 0.18729096989966554
6 0.2709030100334448 0.7374581939799331 0.2140468227424749 0.21237458193979933
6 0.16220735785953178 0.19063545150501673 0.24247491638795987 0.22073578595317725