6 0.26755852842809363 0.010033444816053512 0.225752508361204 0.01839464882943144
6 0.68561872909699 0.8127090301003345 0.205685618729097 0.1488294314381271
6 0.9816053511705686 0.33612040133779264 0.03678929765886288 0.21739130434782608
6 0.8444816053511706 0.6421404682274248 0.23411371237458195 0.2508361204013378
3 0.5033444816053512 0.5016722408026756 0.4397993311036789 0.46321070234113715
6 0.6120401337792643 0.028428093645484948 0.27424749163879597 0.056856187290969896
6 0.9682274247491639 0.8862876254180602 0.06354515050167224 0.20066889632107024
6 0.15551839464882944 0.4397993311036789 0.1939799331103679 0.23076923076923078
6 0.9515050167224081 0.023411371237458192 0.09698996655518395 0.046822742474916385
6 0.10702341137123746 0.061872909698996656 0.2140468227424749 0.12374581939799331
6 0.8862876254180602 0.5903010033444817 0.205685618729097 0.1956521739130435
6 0.08862876254180602 0.5903010033444817 0.17725752508361203 0.22408026755852842
6 0.26755852842809363 0.9347826086956522 0.2591973244147157 0.13043478260869565
6 0.7324414715719063 0.06020066889632107 0.22073578595317725 0.12040133779264214
6 0.677257525083612 0.8862876254180602 0.23076923076923078 0.22073578595317725
5 0.08193979933110368 0.23745819397993312 0.08193979933110368 0.08361204013377926
6 0.3528428093645485 0.14381270903010032 0.24414715719063546 0.22909698996655517
6 0.1020066889632107 0.8879598662207357 0.20234113712374582 0.22408026755852842
6 0.8963210702341137 0.1254180602006689 0.20234113712374582 0.205685618729097
6 0.6086956521739131 0.16387959866220736 0.2508361204013378 0.22909698996655517
6 0.11204013377926421 0.5150501672240803 0.2040133779264214 0.2157190635451505
6 0.9280936454849499 0.5551839464882943 0.14214046822742474 0.18394648829431437