6 0.6471571906354515 0.7792642140468228 0.13879598662207357 0.13210702341137123
6 0.03511705685618729 0.9698996655518395 0.07023411371237458 0.06020066889632107
6 0.9481605351170569 0.9816053511705686 0.10367892976588629 0.03511705685618729
6 0.016722408026755852 0.5418060200668896 0.033444816053511704 0.20903010033444816
6 0.048494983277591976 0.27591973244147155 0.09698996655518395 0.22909698996655517
5 0.6438127090301003 0.7809364548494984 0.13879598662207357 0.13043478260869565
6 0.2140468227424749 0.06020066889632107 0.22742474916387959 0.11371237458193979
3 0.49331103678929766 0.4882943143812709 0.5468227424749164 0.5769230769230769
5 0.7090301003344481 0.9013377926421404 0.11371237458193979 0.09364548494983277
6 0.18394648829431437 0.9765886287625418 0.22240802675585283 0.046822742474916385
6 0.8545150501672241 0.4096989966555184 0.225752508361204 0.2591973244147157
6 0.5284280936454849 0.9548494983277592 0.225752508361204 0.0903010033444816
6 0.931438127090301 0.8662207357859532 0.13043478260869565 0.21237458193979933
6 0.479933110367893 0.05852842809364549 0.2391304347826087 0.11538461538461539
6 0.09698996655518395 0.09197324414715718 0.1939799331103679 0.18394648829431437
6 0.4280936454849498 0.8311036789297659 0.23411371237458195 0.23411371237458195
6 0.22408026755852842 0.6822742474916388 0.22073578595317725 0.205685618729097
6 0.9080267558528428 0.520066889632107 0.17892976588628762 0.24247491638795987
6 0.06856187290969899 0.7441471571906354 0.1354515050167224 0.24247491638795987
6 0.7240802675585284 0.1605351170568562 0.23076923076923078 0.20903010033444816
6 0.23244147157190637 0.24247491638795987 0.20903010033444816 0.22073578595317725
6 0.12040133779264214 0.4397993311036789 0.225752508361204 0.20903010033444816
6 0.81438127090301 0.7408026755852842 0.22240802675585283 0.23076923076923078