6 0.10869565217391304 0.5367892976588629 0.205685618729097 0.22073578595317725
3 0.5066889632107023 0.4882943143812709 0.5535117056856187 0.6387959866220736
6 0.959866220735786 0.8779264214046822 0.0802675585284281 0.24414715719063546
6 0.6789297658862876 0.9782608695652174 0.20234113712374582 0.043478260869565216
6 0.6872909698996655 0.794314381270903 0.26421404682274247 0.25585284280936454
6 0.40635451505016723 0.07190635451505016 0.27759197324414714 0.14381270903010032
6 0.8344481605351171 0.07190635451505016 0.225752508361204 0.14381270903010032
6 0.14715719063545152 0.39297658862876256 0.22240802675585283 0.23745819397993312
6 0.8344481605351171 0.8896321070234113 0.2140468227424749 0.20903010033444816
6 0.29431438127090304 0.7391304347826086 0.21070234113712374 0.1956521739130435
6 0.9046822742474916 0.3394648829431438 0.18561872909698995 0.24581939799331104
6 0.7324414715719063 0.2792642140468227 0.24749163879598662 0.24581939799331104
6 0.8913043478260869 0.6036789297658863 0.2140468227424749 0.2040133779264214
6 0.1488294314381271 0.10869565217391304 0.2525083612040134 0.21739130434782608
6 0.10033444816053512 0.8595317725752508 0.20066889632107024 0.24247491638795987