6 0.5635451505016722 0.8110367892976589 0.23411371237458195 0.19063545150501673
3 0.5083612040133779 0.5033444816053512 0.6287625418060201 0.6387959866220736
6 0.5284280936454849 0.959866220735786 0.2408026755852843 0.0802675585284281
6 0.44648829431438125 0.043478260869565216 0.25418060200668896 0.08695652173913043
6 0.9364548494983278 0.794314381270903 0.12709030100334448 0.23745819397993312
6 0.06020066889632107 0.6287625418060201 0.11872909698996656 0.23076923076923078
6 0.19899665551839466 0.7424749163879598 0.20234113712374582 0.2508361204013378
6 0.27591973244147155 0.9381270903010034 0.2508361204013378 0.12374581939799331
6 0.782608695652174 0.7341137123745819 0.2140468227424749 0.2408026755852843
6 0.2040133779264214 0.45484949832775917 0.24247491638795987 0.2491638795986622
6 0.9130434782608695 0.5301003344481605 0.1705685618729097 0.27424749163879597
6 0.9013377926421404 0.10702341137123746 0.19732441471571907 0.21237458193979933
6 0.8578595317725752 0.3210702341137124 0.27759197324414714 0.22408026755852842
6 0.15384615384615385 0.21906354515050167 0.2391304347826087 0.22909698996655517