6 0.08695652173913043 0.5752508361204013 0.17391304347826086 0.2140468227424749
6 0.9816053511705686 0.48327759197324416 0.03678929765886288 0.19063545150501673
6 0.02508361204013378 0.7792642140468228 0.05016722408026756 0.20903010033444816
6 0.043478260869565216 0.9682274247491639 0.08528428093645485 0.06354515050167224
6 0.01839464882943144 0.3862876254180602 0.03511705685618729 0.2040133779264214
3 0.5016722408026756 0.49665551839464883 0.4531772575250836 0.4765886287625418
6 0.9615384615384616 0.9046822742474916 0.07190635451505016 0.19063545150501673
5 0.2391304347826087 0.617056856187291 0.08361204013377926 0.08361204013377926
6 0.5535117056856187 0.043478260869565216 0.21906354515050167 0.08528428093645485
6 0.8795986622073578 0.05016722408026756 0.23411371237458195 0.10033444816053512
6 0.11872909698996656 0.4866220735785953 0.23076923076923078 0.22408026755852842
6 0.9331103678929766 0.6872909698996655 0.12876254180602006 0.24581939799331104
6 0.8076923076923077 0.8946488294314381 0.225752508361204 0.20903010033444816
6 0.9381270903010034 0.2709030100334448 0.12040133779264214 0.21237458193979933
6 0.8160535117056856 0.48494983277591974 0.205685618729097 0.2040133779264214
6 0.451505016722408 0.9147157190635451 0.22742474916387959 0.1705685618729097
6 0.14214046822742474 0.8896321070234113 0.225752508361204 0.22073578595317725
6 0.7090301003344481 0.7290969899665551 0.22240802675585283 0.225752508361204
6 0.31438127090301005 0.7709030100334449 0.21739130434782608 0.22909698996655517
6 0.3528428093645485 0.11705685618729098 0.25585284280936454 0.23411371237458195
6 0.7591973244147158 0.26421404682274247 0.24247491638795987 0.2157190635451505