6 0.9581939799331104 0.9715719063545151 0.07859531772575251 0.056856187290969896
5 0.15384615384615385 0.2959866220735786 0.0903010033444816 0.0903010033444816
3 0.5100334448160535 0.5 0.5702341137123745 0.5769230769230769
5 0.2040133779264214 0.35785953177257523 0.0802675585284281 0.08361204013377926
6 0.6421404682274248 0.05016722408026756 0.25418060200668896 0.10033444816053512
6 0.030100334448160536 0.8896321070234113 0.06020066889632107 0.2157190635451505
6 0.5903010033444817 0.8327759197324415 0.26421404682274247 0.22909698996655517
6 0.15719063545150502 0.8561872909698997 0.2709030100334448 0.27424749163879597
6 0.8127090301003345 0.10033444816053512 0.26755852842809363 0.20066889632107024
6 0.6538461538461539 0.19899665551839466 0.2591973244147157 0.20903010033444816
6 0.9448160535117057 0.7558528428093646 0.10869565217391304 0.27759197324414714
6 0.9280936454849499 0.451505016722408 0.14214046822742474 0.27759197324414714
6 0.06020066889632107 0.6204013377926422 0.11872909698996656 0.25585284280936454
6 0.06856187290969899 0.35618729096989965 0.1354515050167224 0.23745819397993312
6 0.2792642140468227 0.7240802675585284 0.2809364548494983 0.23745819397993312
6 0.16555183946488294 0.5083612040133779 0.23076923076923078 0.22909698996655517
6 0.3177257525083612 0.2140468227424749 0.24749163879598662 0.23745819397993312
6 0.09866220735785954 0.14046822742474915 0.19732441471571907 0.23076923076923078
6 0.794314381270903 0.7909698996655519 0.23411371237458195 0.23745819397993312