4 0.8695652173913043 0.6923076923076923 0.2591973244147157 0.3996655518394649
6 0.023411371237458192 0.09698996655518395 0.046822742474916385 0.1939799331103679
3 0.5016722408026756 0.4765886287625418 0.49665551839464883 0.5351170568561873
6 0.49665551839464883 0.979933110367893 0.21739130434782608 0.038461538461538464
6 0.7290969899665551 0.9782608695652174 0.225752508361204 0.043478260869565216
6 0.5284280936454849 0.05351170568561873 0.24581939799331104 0.10702341137123746
6 0.05852842809364549 0.9113712374581939 0.11705685618729098 0.17725752508361203
6 0.13712374581939799 0.043478260869565216 0.23076923076923078 0.08528428093645485
6 0.05351170568561873 0.30434782608695654 0.10702341137123746 0.22408026755852842
6 0.2625418060200669 0.7859531772575251 0.225752508361204 0.22408026755852842
6 0.2792642140468227 0.6505016722408027 0.20903010033444816 0.19899665551839466
6 0.36789297658862874 0.08193979933110368 0.24247491638795987 0.16220735785953178
6 0.18227424749163879 0.45652173913043476 0.1806020066889632 0.1956521739130435
6 0.19063545150501673 0.20234113712374582 0.2140468227424749 0.22408026755852842
6 0.6705685618729097 0.8394648829431438 0.24247491638795987 0.22909698996655517
6 0.8678929765886287 0.40635451505016723 0.20903010033444816 0.1956521739130435
6 0.0903010033444816 0.7107023411371237 0.1806020066889632 0.24247491638795987