6 0.6438127090301003 0.11204013377926421 0.24581939799331104 0.22408026755852842
5 0.3896321070234114 0.6739130434782609 0.08862876254180602 0.08528428093645485
6 0.9632107023411371 0.9548494983277592 0.06688963210702341 0.08862876254180602
6 0.03511705685618729 0.43645484949832775 0.06856187290969899 0.22742474916387959
3 0.49665551839464883 0.4916387959866221 0.5501672240802675 0.5100334448160535
5 0.021739130434782608 0.2709030100334448 0.04180602006688963 0.07190635451505016
6 0.20234113712374582 0.02508361204013378 0.2040133779264214 0.05016722408026756
6 0.5384615384615384 0.959866220735786 0.2140468227424749 0.0802675585284281
6 0.5033444816053512 0.8846153846153846 0.2140468227424749 0.22073578595317725
6 0.30434782608695654 0.9632107023411371 0.24749163879598662 0.07357859531772576
6 0.7357859531772575 0.18729096989966554 0.22742474916387959 0.23076923076923078
6 0.9347826086956522 0.1254180602006689 0.13043478260869565 0.22408026755852842
6 0.33277591973244147 0.7759197324414716 0.1939799331103679 0.20234113712374582
6 0.6739130434782609 0.7709030100334449 0.23076923076923078 0.2157190635451505
6 0.19063545150501673 0.5568561872909699 0.22742474916387959 0.18227424749163879
6 0.7591973244147158 0.9280936454849499 0.22240802675585283 0.14381270903010032
6 0.4013377926421405 0.0903010033444816 0.24247491638795987 0.17892976588628762
6 0.8210702341137124 0.6187290969899666 0.20234113712374582 0.205685618729097
6 0.20903010033444816 0.3762541806020067 0.205685618729097 0.205685618729097
6 0.1020066889632107 0.9080267558528428 0.20234113712374582 0.18394648829431437
6 0.8963210702341137 0.3277591973244147 0.20066889632107024 0.225752508361204
6 0.15719063545150502 0.15551839464882944 0.22073578595317725 0.21739130434782608
6 0.8963210702341137 0.8127090301003345 0.20234113712374582 0.23745819397993312
6 0.07859531772575251 0.705685618729097 0.15551839464882944 0.225752508361204