5 0.23745819397993312 0.7575250836120402 0.06020066889632107 0.06688963210702341
5 0.8812709030100334 0.15551839464882944 0.07859531772575251 0.07525083612040134
3 0.5033444816053512 0.5852842809364549 0.5785953177257525 0.7207357859531772
6 0.020066889632107024 0.5769230769230769 0.038461538461538464 0.22408026755852842
6 0.9765886287625418 0.6270903010033445 0.046822742474916385 0.21237458193979933
6 0.9698996655518395 0.40635451505016723 0.06020066889632107 0.2408026755852843
6 0.4080267558528428 0.9632107023411371 0.23411371237458195 0.07357859531772576
6 0.8411371237458194 0.028428093645484948 0.25752508361204013 0.056856187290969896
6 0.8127090301003345 0.9280936454849499 0.2591973244147157 0.14381270903010032
6 0.05351170568561873 0.9214046822742475 0.10702341137123746 0.15719063545150502
6 0.919732441471572 0.1688963210702341 0.1605351170568562 0.23745819397993312
6 0.5836120401337793 0.03678929765886288 0.2508361204013378 0.07357859531772576
6 0.2909698996655518 0.06856187290969899 0.2842809364548495 0.13712374581939799
6 0.18729096989966554 0.8645484949832776 0.23076923076923078 0.23076923076923078
6 0.9331103678929766 0.8277591973244147 0.13377926421404682 0.21237458193979933
6 0.8210702341137124 0.39464882943143814 0.22742474916387959 0.22909698996655517
6 0.842809364548495 0.5719063545150501 0.2140468227424749 0.22408026755852842
6 0.08193979933110368 0.44481605351170567 0.16387959866220736 0.21906354515050167
6 0.17725752508361203 0.2842809364548495 0.23076923076923078 0.24247491638795987
6 0.6488294314381271 0.8327759197324415 0.24247491638795987 0.2809364548494983
6 0.14214046822742474 0.6387959866220736 0.2391304347826087 0.24749163879598662
6 0.4816053511705686 0.14381270903010032 0.23076923076923078 0.205685618729097
6 0.7157190635451505 0.17892976588628762 0.23411371237458195 0.225752508361204