6 0.9046822742474916 0.3311036789297659 0.18896321070234115 0.2491638795986622
6 0.9414715719063546 0.21237458193979933 0.11705685618729098 0.2525083612040134
6 0.22909698996655517 0.5234113712374582 0.19732441471571907 0.24247491638795987
6 0.05518394648829431 0.10367892976588629 0.11036789297658862 0.20234113712374582
6 0.0802675585284281 0.931438127090301 0.1605351170568562 0.13712374581939799
6 0.20903010033444816 0.8060200668896321 0.28595317725752506 0.22909698996655517
3 0.49665551839464883 0.5016722408026756 0.41638795986622074 0.42474916387959866
6 0.31605351170568563 0.205685618729097 0.2709030100334448 0.2508361204013378
6 0.5936454849498328 0.16722408026755853 0.2525083612040134 0.21906354515050167
6 0.08361204013377926 0.596989966555184 0.16722408026755853 0.2591973244147157
6 0.13377926421404682 0.056856187290969896 0.24749163879598662 0.11204013377926421
6 0.5484949832775919 0.9230769230769231 0.27424749163879597 0.15384615384615385
6 0.2826086956521739 0.9565217391304348 0.2591973244147157 0.08528428093645485
6 0.9013377926421404 0.677257525083612 0.19230769230769232 0.26588628762541805
6 0.45652173913043476 0.8545150501672241 0.23578595317725753 0.24247491638795987
6 0.18561872909698995 0.40468227424749165 0.25585284280936454 0.23076923076923078
6 0.38461538461538464 0.09364548494983277 0.24247491638795987 0.18729096989966554
6 0.8060200668896321 0.46153846153846156 0.2508361204013378 0.2408026755852843
6 0.8929765886287625 0.8193979933110368 0.20903010033444816 0.22408026755852842
6 0.6839464882943144 0.7591973244147158 0.24581939799331104 0.22909698996655517
6 0.7474916387959866 0.12040133779264214 0.2508361204013378 0.2408026755852843