6 0.026755852842809364 0.048494983277591976 0.05351170568561873 0.09364548494983277
2 0.5033444816053512 0.5016722408026756 0.4214046822742475 0.4180602006688963
3 0.5033444816053512 0.5033444816053512 0.4214046822742475 0.41638795986622074
6 0.0451505016722408 0.3762541806020067 0.08862876254180602 0.24581939799331104
6 0.27424749163879597 0.9648829431438127 0.23411371237458195 0.06856187290969899
6 0.9431438127090301 0.8478260869565217 0.10869565217391304 0.24247491638795987
6 0.23578595317725753 0.038461538461538464 0.2508361204013378 0.07692307692307693
6 0.2826086956521739 0.8344481605351171 0.2525083612040134 0.22073578595317725
6 0.4916387959866221 0.9381270903010034 0.25418060200668896 0.12374581939799331
6 0.15719063545150502 0.4414715719063545 0.22073578595317725 0.21237458193979933
6 0.6789297658862876 0.8846153846153846 0.23411371237458195 0.22073578595317725
6 0.8461538461538461 0.4431438127090301 0.22073578595317725 0.225752508361204
6 0.3779264214046823 0.20234113712374582 0.22742474916387959 0.23411371237458195
6 0.8913043478260869 0.6538461538461539 0.2140468227424749 0.24749163879598662
6 0.5953177257525084 0.1605351170568562 0.2525083612040134 0.2525083612040134
6 0.15384615384615385 0.6588628762541806 0.2591973244147157 0.2157190635451505
6 0.14381270903010032 0.17892976588628762 0.2608695652173913 0.2491638795986622
6 0.08695652173913043 0.8193979933110368 0.17391304347826086 0.20066889632107024