6 0.016722408026755852 0.20903010033444816 0.033444816053511704 0.19230769230769232
3 0.4983277591973244 0.5033444816053512 0.41471571906354515 0.4080267558528428
6 0.225752508361204 0.9632107023411371 0.21070234113712374 0.07357859531772576
6 0.7491638795986622 0.9682274247491639 0.2525083612040134 0.06354515050167224
6 0.9063545150501672 0.04013377926421405 0.18561872909698995 0.0802675585284281
6 0.06020066889632107 0.8729096989966555 0.11872909698996656 0.23076923076923078
6 0.8812709030100334 0.5852842809364549 0.23076923076923078 0.22909698996655517
6 0.3695652173913043 0.9046822742474916 0.2508361204013378 0.19063545150501673
6 0.7408026755852842 0.6538461538461539 0.23076923076923078 0.2525083612040134
6 0.5183946488294314 0.7892976588628763 0.2525083612040134 0.205685618729097
6 0.8812709030100334 0.8662207357859532 0.23411371237458195 0.2625418060200669
6 0.9163879598662207 0.3695652173913043 0.16387959866220736 0.2408026755852843
6 0.6204013377926422 0.1488294314381271 0.2591973244147157 0.2525083612040134
6 0.11872909698996656 0.11204013377926421 0.23578595317725753 0.22408026755852842
6 0.38461538461538464 0.09698996655518395 0.2608695652173913 0.1939799331103679
6 0.1588628762541806 0.657190635451505 0.2508361204013378 0.2391304347826087
6 0.1588628762541806 0.4096989966555184 0.2591973244147157 0.2508361204013378