6 0.020066889632107024 0.411371237458194 0.038461538461538464 0.21906354515050167
6 0.9615384615384616 0.5936454849498328 0.07692307692307693 0.27759197324414714
3 0.5016722408026756 0.5351170568561873 0.5351170568561873 0.5083612040133779
6 0.051839464882943144 0.17725752508361203 0.10367892976588629 0.22909698996655517
6 0.4214046822742475 0.22408026755852842 0.2525083612040134 0.23076923076923078
6 0.12207357859531773 0.048494983277591976 0.24414715719063546 0.09698996655518395
6 0.822742474916388 0.6688963210702341 0.24247491638795987 0.2525083612040134
6 0.2508361204013378 0.7240802675585284 0.24749163879598662 0.2625418060200669
6 0.9347826086956522 0.8511705685618729 0.13043478260869565 0.24414715719063546
6 0.16722408026755853 0.4331103678929766 0.2391304347826087 0.21906354515050167
6 0.07859531772575251 0.6471571906354515 0.15551839464882944 0.22073578595317725
6 0.33612040133779264 0.9163879598662207 0.2725752508361204 0.16555183946488294
6 0.1020066889632107 0.9080267558528428 0.2040133779264214 0.18227424749163879
6 0.8862876254180602 0.35451505016722407 0.22240802675585283 0.22909698996655517
6 0.6605351170568562 0.225752508361204 0.2508361204013378 0.22073578595317725
6 0.24414715719063546 0.1705685618729097 0.22742474916387959 0.2157190635451505
6 0.8177257525083612 0.4866220735785953 0.2625418060200669 0.24749163879598662