6 0.9782608695652174 0.13879598662207357 0.04180602006688963 0.205685618729097
3 0.4916387959866221 0.5066889632107023 0.47157190635451507 0.5451505016722408
6 0.05016722408026756 0.9682274247491639 0.10033444816053512 0.06354515050167224
6 0.7842809364548495 0.01839464882943144 0.2391304347826087 0.03511705685618729
6 0.8896321070234113 0.06354515050167224 0.21739130434782608 0.12709030100334448
6 0.05351170568561873 0.1605351170568562 0.10702341137123746 0.2491638795986622
6 0.24581939799331104 0.2993311036789298 0.24749163879598662 0.25585284280936454
6 0.9464882943143813 0.3377926421404682 0.10702341137123746 0.22742474916387959
6 0.939799331103679 0.9130434782608695 0.12040133779264214 0.17391304347826086
6 0.774247491638796 0.9565217391304348 0.23411371237458195 0.08528428093645485
6 0.056856187290969896 0.7157190635451505 0.11371237458193979 0.2976588628762542
6 0.3595317725752508 0.9364548494983278 0.24247491638795987 0.12709030100334448
6 0.3177257525083612 0.0903010033444816 0.23076923076923078 0.1806020066889632
6 0.774247491638796 0.7993311036789298 0.23076923076923078 0.23411371237458195
6 0.0903010033444816 0.4498327759197324 0.1806020066889632 0.2525083612040134
6 0.8110367892976589 0.24749163879598662 0.2391304347826087 0.22408026755852842
6 0.5317725752508361 0.13043478260869565 0.21906354515050167 0.22909698996655517
6 0.8244147157190636 0.46321070234113715 0.23411371237458195 0.23076923076923078
6 0.34615384615384615 0.7625418060200669 0.24247491638795987 0.23411371237458195
6 0.5719063545150501 0.8913043478260869 0.22742474916387959 0.21739130434782608
6 0.1605351170568562 0.8795986622073578 0.22742474916387959 0.225752508361204