6 0.9849498327759197 0.5936454849498328 0.030100334448160536 0.21070234113712374
6 0.03678929765886288 0.7759197324414716 0.07357859531772576 0.24749163879598662
3 0.5016722408026756 0.4983277591973244 0.46488294314381273 0.451505016722408
6 0.657190635451505 0.016722408026755852 0.23578595317725753 0.033444816053511704
6 0.8846153846153846 0.9498327759197325 0.225752508361204 0.10033444816053512
6 0.8678929765886287 0.06354515050167224 0.225752508361204 0.12709030100334448
6 0.6204013377926422 0.7859531772575251 0.24247491638795987 0.22909698996655517
6 0.8712374581939799 0.7759197324414716 0.24247491638795987 0.23076923076923078
6 0.46153846153846156 0.18896321070234115 0.20066889632107024 0.21906354515050167
6 0.43478260869565216 0.8779264214046822 0.24749163879598662 0.22909698996655517
6 0.18561872909698995 0.5501672240802675 0.23411371237458195 0.2525083612040134
6 0.677257525083612 0.17558528428093645 0.225752508361204 0.205685618729097
6 0.16722408026755853 0.3210702341137124 0.2508361204013378 0.21906354515050167
6 0.2408026755852843 0.12374581939799331 0.22073578595317725 0.19899665551839466
6 0.18729096989966554 0.8076923076923077 0.23578595317725753 0.225752508361204
6 0.8411371237458194 0.47324414715719065 0.24581939799331104 0.23411371237458195
6 0.9464882943143813 0.21070234113712374 0.10702341137123746 0.22073578595317725