6 0.9866220735785953 0.23244147157190637 0.026755852842809364 0.22408026755852842
6 0.9765886287625418 0.5217391304347826 0.046822742474916385 0.2508361204013378
6 0.6020066889632107 0.822742474916388 0.20234113712374582 0.24749163879598662
6 0.5267558528428093 0.7725752508361204 0.17558528428093645 0.18394648829431437
3 0.5050167224080268 0.49498327759197325 0.5284280936454849 0.4765886287625418
6 0.6588628762541806 0.9698996655518395 0.20735785953177258 0.06020066889632107
4 0.8394648829431438 0.7976588628762542 0.3210702341137124 0.40301003344481606
5 0.15551839464882944 0.41471571906354515 0.08361204013377926 0.0802675585284281
5 0.939799331103679 0.15217391304347827 0.10033444816053512 0.09364548494983277
6 0.04180602006688963 0.8996655518394648 0.08361204013377926 0.20066889632107024
6 0.19063545150501673 0.580267558528428 0.20234113712374582 0.24581939799331104
6 0.5150501672240803 0.030100334448160536 0.22073578595317725 0.06020066889632107
6 0.06020066889632107 0.677257525083612 0.12040133779264214 0.26421404682274247
6 0.1956521739130435 0.794314381270903 0.22073578595317725 0.20903010033444816
6 0.07692307692307693 0.08361204013377926 0.15384615384615385 0.16722408026755853
6 0.8712374581939799 0.4414715719063545 0.23578595317725753 0.2408026755852843
6 0.07692307692307693 0.28929765886287623 0.15384615384615385 0.22073578595317725
6 0.35451505016722407 0.1806020066889632 0.23076923076923078 0.21237458193979933