6 0.9866220735785953 0.38294314381270905 0.026755852842809364 0.2040133779264214
3 0.4916387959866221 0.5050167224080268 0.48494983277591974 0.47157190635451507
6 0.36454849498327757 0.9749163879598662 0.18896321070234115 0.05016722408026756
6 0.939799331103679 0.056856187290969896 0.11538461538461539 0.11204013377926421
6 0.09698996655518395 0.3010033444816054 0.18896321070234115 0.21906354515050167
6 0.8862876254180602 0.479933110367893 0.22240802675585283 0.2591973244147157
6 0.9280936454849499 0.822742474916388 0.1354515050167224 0.22073578595317725
6 0.5919732441471572 0.7892976588628763 0.2508361204013378 0.24581939799331104
6 0.6906354515050167 0.9381270903010034 0.2709030100334448 0.12374581939799331
6 0.07190635451505016 0.7391304347826086 0.14381270903010032 0.22408026755852842
6 0.09866220735785954 0.09364548494983277 0.19732441471571907 0.18729096989966554
6 0.10535117056856187 0.9147157190635451 0.21070234113712374 0.1705685618729097
6 0.29264214046822745 0.8461538461538461 0.24749163879598662 0.24247491638795987
6 0.7575250836120402 0.7759197324414716 0.2809364548494983 0.23745819397993312
6 0.2993311036789298 0.12709030100334448 0.26755852842809363 0.2525083612040134
6 0.7625418060200669 0.26755852842809363 0.26421404682274247 0.2525083612040134
6 0.7993311036789298 0.540133779264214 0.23578595317725753 0.28929765886287623