6 0.47157190635451507 0.9063545150501672 0.3110367892976589 0.18729096989966554
6 0.03511705685618729 0.05518394648829431 0.07023411371237458 0.11036789297658862
6 0.02508361204013378 0.9381270903010034 0.05016722408026756 0.12374581939799331
3 0.4816053511705686 0.47157190635451507 0.4531772575250836 0.7006688963210702
6 0.939799331103679 0.10033444816053512 0.11705685618729098 0.1956521739130435
5 0.7424749163879598 0.7591973244147158 0.07525083612040134 0.0802675585284281
6 0.05351170568561873 0.23076923076923078 0.10702341137123746 0.19899665551839466
6 0.5150501672240803 0.033444816053511704 0.225752508361204 0.06521739130434782
6 0.7157190635451505 0.04013377926421405 0.17558528428093645 0.0802675585284281
6 0.21906354515050167 0.9648829431438127 0.2508361204013378 0.06856187290969899
6 0.1705685618729097 0.07859531772575251 0.21739130434782608 0.15551839464882944
6 0.7725752508361204 0.42474916387959866 0.21070234113712374 0.18729096989966554
6 0.3729096989966555 0.782608695652174 0.19732441471571907 0.20903010033444816
6 0.7692307692307693 0.23578595317725753 0.1956521739130435 0.18394648829431437
6 0.3729096989966555 0.10702341137123746 0.20903010033444816 0.21237458193979933
6 0.06020066889632107 0.44481605351170567 0.11872909698996656 0.20234113712374582
6 0.9331103678929766 0.22909698996655517 0.12876254180602006 0.23076923076923078
6 0.7859531772575251 0.903010033444816 0.20735785953177258 0.1939799331103679
6 0.9180602006688964 0.7792642140468228 0.1588628762541806 0.20903010033444816
6 0.08361204013377926 0.6588628762541806 0.16722408026755853 0.225752508361204