6 0.08361204013377926 0.7307692307692307 0.16722408026755853 0.2508361204013378
6 0.051839464882943144 0.05016722408026756 0.10367892976588629 0.10033444816053512
3 0.4882943143812709 0.5016722408026756 0.5568561872909699 0.5668896321070234
6 0.5016722408026756 0.09698996655518395 0.25418060200668896 0.1939799331103679
6 0.2525083612040134 0.9498327759197325 0.2591973244147157 0.10033444816053512
6 0.7575250836120402 0.028428093645484948 0.22408026755852842 0.056856187290969896
6 0.9214046822742475 0.06020066889632107 0.1505016722408027 0.11872909698996656
6 0.725752508361204 0.15217391304347827 0.2140468227424749 0.19899665551839466
6 0.6538461538461539 0.9331103678929766 0.22240802675585283 0.13210702341137123
6 0.2608695652173913 0.7591973244147158 0.2391304347826087 0.25585284280936454
6 0.6956521739130435 0.7474916387959866 0.24247491638795987 0.21906354515050167
6 0.479933110367893 0.1806020066889632 0.22742474916387959 0.18394648829431437
6 0.8913043478260869 0.6304347826086957 0.21070234113712374 0.23745819397993312
6 0.7508361204013378 0.2792642140468227 0.23076923076923078 0.2508361204013378
6 0.15551839464882944 0.5334448160535117 0.21070234113712374 0.2408026755852843
6 0.2842809364548495 0.13712374581939799 0.225752508361204 0.23076923076923078
6 0.919732441471572 0.3494983277591973 0.1588628762541806 0.225752508361204
6 0.4816053511705686 0.8511705685618729 0.24247491638795987 0.225752508361204
6 0.10869565217391304 0.26421404682274247 0.21739130434782608 0.23076923076923078
6 0.8795986622073578 0.8712374581939799 0.23578595317725753 0.2408026755852843
6 0.10367892976588629 0.8762541806020067 0.20735785953177258 0.24749163879598662
6 0.822742474916388 0.5551839464882943 0.20234113712374582 0.25418060200668896
6 0.08193979933110368 0.4916387959866221 0.16220735785953178 0.23745819397993312
6 0.2408026755852843 0.31270903010033446 0.20066889632107024 0.17558528428093645