6 0.016722408026755852 0.8846153846153846 0.033444816053511704 0.1956521739130435
6 0.13712374581939799 0.7123745819397993 0.23578595317725753 0.25585284280936454
5 0.9531772575250836 0.35785953177257523 0.08193979933110368 0.11036789297658862
6 0.03678929765886288 0.6237458193979933 0.07357859531772576 0.32441471571906355
6 0.9765886287625418 0.18729096989966554 0.046822742474916385 0.22073578595317725
6 0.24414715719063546 0.6086956521739131 0.24581939799331104 0.23745819397993312
3 0.5066889632107023 0.5117056856187291 0.4531772575250836 0.5050167224080268
6 0.8862876254180602 0.8561872909698997 0.22240802675585283 0.26755852842809363
6 0.08862876254180602 0.931438127090301 0.17725752508361203 0.13043478260869565
6 0.8946488294314381 0.07190635451505016 0.205685618729097 0.14381270903010032
6 0.7508361204013378 0.7391304347826086 0.2809364548494983 0.25585284280936454