6 0.023411371237458192 0.919732441471572 0.046822742474916385 0.1605351170568562
3 0.5 0.5050167224080268 0.411371237458194 0.5150501672240803
6 0.028428093645484948 0.6337792642140468 0.056856187290969896 0.3311036789297659
6 0.15384615384615385 0.7408026755852842 0.225752508361204 0.2157190635451505
5 0.12040133779264214 0.931438127090301 0.10367892976588629 0.10535117056856187
6 0.9264214046822743 0.9481605351170569 0.13377926421404682 0.10367892976588629
6 0.9464882943143813 0.8043478260869565 0.10367892976588629 0.22073578595317725
6 0.4899665551839465 0.9648829431438127 0.2525083612040134 0.06856187290969899
6 0.9448160535117057 0.5953177257525084 0.11036789297658862 0.23745819397993312
6 0.06688963210702341 0.07190635451505016 0.13377926421404682 0.14381270903010032
6 0.8745819397993311 0.11204013377926421 0.2391304347826087 0.21906354515050167
6 0.41471571906354515 0.8411371237458194 0.3110367892976589 0.22909698996655517
6 0.4197324414715719 0.07023411371237458 0.23411371237458195 0.14046822742474915
6 0.8060200668896321 0.882943143812709 0.23411371237458195 0.21906354515050167
6 0.9113712374581939 0.32274247491638797 0.17725752508361203 0.23745819397993312
6 0.3311036789297659 0.21070234113712374 0.22742474916387959 0.21237458193979933
6 0.774247491638796 0.6739130434782609 0.2725752508361204 0.24581939799331104
6 0.1806020066889632 0.4531772575250836 0.27759197324414714 0.27759197324414714