6 0.01839464882943144 0.8361204013377926 0.03511705685618729 0.205685618729097
6 0.9581939799331104 0.5384615384615384 0.08361204013377926 0.24581939799331104
3 0.49665551839464883 0.4882943143812709 0.5117056856187291 0.6538461538461539
6 0.08528428093645485 0.9698996655518395 0.1705685618729097 0.06020066889632107
6 0.3762541806020067 0.028428093645484948 0.23076923076923078 0.056856187290969896
6 0.8244147157190636 0.9698996655518395 0.23745819397993312 0.06020066889632107
5 0.5953177257525084 0.05016722408026756 0.09698996655518395 0.07525083612040134
6 0.26588628762541805 0.9464882943143813 0.23578595317725753 0.10702341137123746
6 0.7525083612040134 0.056856187290969896 0.23076923076923078 0.11204013377926421
6 0.9364548494983278 0.20903010033444816 0.12207357859531773 0.26588628762541805
6 0.14214046822742474 0.4682274247491639 0.225752508361204 0.2591973244147157
6 0.5334448160535117 0.9080267558528428 0.2709030100334448 0.18227424749163879
6 0.12876254180602006 0.27759197324414714 0.24749163879598662 0.2491638795986622
6 0.2792642140468227 0.7324414715719063 0.23578595317725753 0.23076923076923078
6 0.7658862876254181 0.7709030100334449 0.2525083612040134 0.2591973244147157