3 0.5016722408026756 0.520066889632107 0.5100334448160535 0.5384615384615384
6 0.9581939799331104 0.3394648829431438 0.07859531772575251 0.22408026755852842
6 0.8678929765886287 0.026755852842809364 0.21739130434782608 0.05351170568561873
6 0.3411371237458194 0.8913043478260869 0.21070234113712374 0.21237458193979933
6 0.31605351170568563 0.03511705685618729 0.225752508361204 0.06856187290969899
6 0.051839464882943144 0.6086956521739131 0.10367892976588629 0.23076923076923078
6 0.6505016722408027 0.9297658862876255 0.21070234113712374 0.14046822742474915
6 0.46321070234113715 0.9331103678929766 0.225752508361204 0.13210702341137123
6 0.1688963210702341 0.4983277591973244 0.20066889632107024 0.2157190635451505
6 0.7040133779264214 0.09364548494983277 0.22073578595317725 0.18729096989966554
6 0.8812709030100334 0.9080267558528428 0.23076923076923078 0.18227424749163879
6 0.7525083612040134 0.7424749163879598 0.2157190635451505 0.21906354515050167
6 0.782608695652174 0.3294314381270903 0.2140468227424749 0.21906354515050167
6 0.13377926421404682 0.08695652173913043 0.20903010033444816 0.17391304347826086
6 0.2391304347826087 0.7073578595317725 0.22240802675585283 0.1939799331103679
6 0.8812709030100334 0.540133779264214 0.22240802675585283 0.23076923076923078
6 0.9096989966555183 0.1454849498327759 0.17558528428093645 0.2040133779264214
6 0.5117056856187291 0.1705685618729097 0.2391304347826087 0.225752508361204
6 0.11036789297658862 0.27591973244147155 0.22073578595317725 0.21070234113712374