6 0.033444816053511704 0.03511705685618729 0.06688963210702341 0.07023411371237458
6 0.6672240802675585 0.043478260869565216 0.2140468227424749 0.08528428093645485
3 0.5033444816053512 0.5016722408026756 0.5635451505016722 0.5903010033444817
6 0.033444816053511704 0.5468227424749164 0.06688963210702341 0.2508361204013378
6 0.1505016722408027 0.6521739130434783 0.21739130434782608 0.22909698996655517
6 0.3695652173913043 0.02508361204013378 0.23745819397993312 0.05016722408026756
6 0.061872909698996656 0.9481605351170569 0.12374581939799331 0.10367892976588629
6 0.5668896321070234 0.07190635451505016 0.21070234113712374 0.14381270903010032
6 0.23076923076923078 0.9464882943143813 0.22240802675585283 0.10702341137123746
6 0.16555183946488294 0.5217391304347826 0.19230769230769232 0.1956521739130435
6 0.6304347826086957 0.8060200668896321 0.23411371237458195 0.22909698996655517
6 0.7959866220735786 0.27424749163879597 0.23076923076923078 0.21906354515050167
6 0.16722408026755853 0.10033444816053512 0.2408026755852843 0.20066889632107024
6 0.8678929765886287 0.09197324414715718 0.20903010033444816 0.18394648829431437
6 0.8595317725752508 0.49665551839464883 0.225752508361204 0.20234113712374582
6 0.36622073578595316 0.16387959866220736 0.1956521739130435 0.205685618729097
6 0.3093645484949833 0.8060200668896321 0.26755852842809363 0.21906354515050167
6 0.8996655518394648 0.7140468227424749 0.1956521739130435 0.205685618729097
6 0.8110367892976589 0.9063545150501672 0.23411371237458195 0.18729096989966554
6 0.11036789297658862 0.3093645484949833 0.22073578595317725 0.21739130434782608