6 0.9882943143812709 0.6120401337792643 0.021739130434782608 0.22073578595317725
6 0.5384615384615384 0.011705685618729096 0.2408026755852843 0.023411371237458192
6 0.9832775919732442 0.8612040133779264 0.033444816053511704 0.23076923076923078
6 0.560200668896321 0.8846153846153846 0.29264214046822745 0.23076923076923078
6 0.12040133779264214 0.015050167224080268 0.21906354515050167 0.030100334448160536
3 0.49331103678929766 0.46321070234113715 0.49665551839464883 0.8043478260869565
6 0.028428093645484948 0.08528428093645485 0.056856187290969896 0.1705685618729097
6 0.03678929765886288 0.46153846153846156 0.07357859531772576 0.23411371237458195
6 0.6204013377926422 0.14715719063545152 0.27424749163879597 0.24581939799331104
6 0.36622073578595316 0.038461538461538464 0.20066889632107024 0.07692307692307693
6 0.36789297658862874 0.9548494983277592 0.23578595317725753 0.0903010033444816
6 0.13712374581939799 0.9682274247491639 0.2525083612040134 0.06354515050167224
6 0.7575250836120402 0.05852842809364549 0.23578595317725753 0.11538461538461539
6 0.9280936454849499 0.09364548494983277 0.14214046822742474 0.18729096989966554
6 0.7809364548494984 0.9331103678929766 0.22742474916387959 0.13210702341137123
6 0.16722408026755853 0.5484949832775919 0.23578595317725753 0.23411371237458195
6 0.8327759197324415 0.3896321070234114 0.2391304347826087 0.22408026755852842
6 0.14214046822742474 0.7926421404682275 0.24749163879598662 0.22408026755852842
6 0.8327759197324415 0.6304347826086957 0.23578595317725753 0.2391304347826087
6 0.1705685618729097 0.3093645484949833 0.23578595317725753 0.23745819397993312