6 0.23244147157190637 0.7675585284280937 0.20234113712374582 0.1956521739130435
6 0.979933110367893 0.07190635451505016 0.038461538461538464 0.14381270903010032
6 0.43645484949832775 0.9464882943143813 0.2391304347826087 0.10702341137123746
6 0.8578595317725752 0.2608695652173913 0.24581939799331104 0.20234113712374582
6 0.17725752508361203 0.8545150501672241 0.24247491638795987 0.225752508361204
6 0.08193979933110368 0.17725752508361203 0.16387959866220736 0.2040133779264214
6 0.4882943143812709 0.7993311036789298 0.26421404682274247 0.22408026755852842
6 0.6187290969899666 0.6989966555183946 0.23411371237458195 0.21906354515050167
6 0.7658862876254181 0.7725752508361204 0.21070234113712374 0.21906354515050167
3 0.5100334448160535 0.47324414715719065 0.47491638795986624 0.4765886287625418
5 0.13712374581939799 0.07692307692307693 0.06856187290969899 0.06688963210702341
6 0.33444816053511706 0.9531772575250836 0.20903010033444816 0.09364548494983277
6 0.520066889632107 0.043478260869565216 0.23411371237458195 0.08528428093645485
6 0.7424749163879598 0.9548494983277592 0.2525083612040134 0.0903010033444816
6 0.7759197324414716 0.6137123745819398 0.23076923076923078 0.22909698996655517
6 0.7023411371237458 0.08361204013377926 0.22742474916387959 0.16722408026755853
6 0.3076923076923077 0.09698996655518395 0.22742474916387959 0.1939799331103679
6 0.882943143812709 0.1588628762541806 0.22240802675585283 0.1956521739130435
6 0.07859531772575251 0.6471571906354515 0.15719063545150502 0.2591973244147157
6 0.9080267558528428 0.4297658862876254 0.17892976588628762 0.225752508361204
6 0.18729096989966554 0.4431438127090301 0.225752508361204 0.2157190635451505
6 0.9063545150501672 0.9080267558528428 0.1806020066889632 0.18394648829431437
6 0.9548494983277592 0.5719063545150501 0.08862876254180602 0.22742474916387959
6 0.24247491638795987 0.225752508361204 0.2625418060200669 0.2508361204013378