6 0.7190635451505016 0.9832775919732442 0.23411371237458195 0.033444816053511704
6 0.568561872909699 0.14381270903010032 0.20234113712374582 0.20234113712374582
3 0.4916387959866221 0.5033444816053512 0.4782608695652174 0.540133779264214
6 0.24247491638795987 0.03177257525083612 0.29264214046822745 0.061872909698996656
6 0.9531772575250836 0.41471571906354515 0.08528428093645485 0.2508361204013378
6 0.07859531772575251 0.9581939799331104 0.15719063545150502 0.08361204013377926
6 0.9347826086956522 0.03511705685618729 0.13043478260869565 0.07023411371237458
6 0.23244147157190637 0.9782608695652174 0.20903010033444816 0.043478260869565216
6 0.6605351170568562 0.1020066889632107 0.2508361204013378 0.20234113712374582
6 0.46153846153846156 0.9698996655518395 0.2391304347826087 0.06020066889632107
6 0.06688963210702341 0.2692307692307692 0.13210702341137123 0.26421404682274247
6 0.2809364548494983 0.8444816053511706 0.27759197324414714 0.2508361204013378
6 0.9180602006688964 0.8695652173913043 0.1588628762541806 0.22408026755852842
6 0.8762541806020067 0.1505016722408027 0.225752508361204 0.23411371237458195
6 0.7357859531772575 0.7675585284280937 0.24581939799331104 0.21906354515050167
6 0.8076923076923077 0.35785953177257523 0.2525083612040134 0.24247491638795987
6 0.5418060200668896 0.8528428093645485 0.2508361204013378 0.22408026755852842
6 0.1254180602006689 0.4916387959866221 0.24581939799331104 0.24581939799331104
6 0.2140468227424749 0.2909698996655518 0.2391304347826087 0.2508361204013378