6 0.9816053511705686 0.617056856187291 0.03678929765886288 0.2040133779264214
6 0.774247491638796 0.011705685618729096 0.24247491638795987 0.021739130434782608
6 0.026755852842809364 0.8177257525083612 0.05351170568561873 0.225752508361204
6 0.9749163879598662 0.07190635451505016 0.05016722408026756 0.14381270903010032
6 0.016722408026755852 0.08361204013377926 0.033444816053511704 0.16555183946488294
6 0.0451505016722408 0.47491638795986624 0.08862876254180602 0.21906354515050167
3 0.4882943143812709 0.49498327759197325 0.5351170568561873 0.5551839464882943
6 0.24749163879598662 0.9632107023411371 0.2408026755852843 0.07357859531772576
6 0.7207357859531772 0.8461538461538461 0.24247491638795987 0.1956521739130435
6 0.06688963210702341 0.9548494983277592 0.13210702341137123 0.0903010033444816
6 0.16555183946488294 0.3394648829431438 0.22073578595317725 0.18729096989966554
6 0.23411371237458195 0.6939799331103679 0.1939799331103679 0.22073578595317725
6 0.8979933110367893 0.9247491638795987 0.19732441471571907 0.1505016722408027
6 0.9130434782608695 0.47157190635451507 0.1705685618729097 0.27424749163879597
6 0.5869565217391305 0.7976588628762542 0.24247491638795987 0.20234113712374582
6 0.12876254180602006 0.06688963210702341 0.2140468227424749 0.13210702341137123
6 0.8461538461538461 0.10702341137123746 0.2157190635451505 0.1939799331103679
6 0.5919732441471572 0.1806020066889632 0.22240802675585283 0.1956521739130435
6 0.7842809364548495 0.6070234113712375 0.18561872909698995 0.21237458193979933
6 0.362876254180602 0.18227424749163879 0.2591973244147157 0.205685618729097
6 0.06856187290969899 0.2625418060200669 0.1354515050167224 0.21906354515050167
6 0.3528428093645485 0.8344481605351171 0.2508361204013378 0.22073578595317725
6 0.08862876254180602 0.6387959866220736 0.17725752508361203 0.22073578595317725