6 0.8361204013377926 0.6053511705685619 0.22240802675585283 0.21906354515050167
6 0.13043478260869565 0.32441471571906355 0.23411371237458195 0.23745819397993312
5 0.9866220735785953 0.5016722408026756 0.026755852842809364 0.08695652173913043
6 0.021739130434782608 0.11872909698996656 0.043478260869565216 0.1956521739130435
6 0.9698996655518395 0.6237458193979933 0.06020066889632107 0.21237458193979933
3 0.5 0.5150501672240803 0.5217391304347826 0.5668896321070234
6 0.06354515050167224 0.959866220735786 0.12709030100334448 0.0802675585284281
6 0.03511705685618729 0.5050167224080268 0.07023411371237458 0.24749163879598662
6 0.5451505016722408 0.9632107023411371 0.22742474916387959 0.07357859531772576
6 0.07190635451505016 0.2976588628762542 0.14381270903010032 0.205685618729097
6 0.7675585284280937 0.6906354515050167 0.20903010033444816 0.21906354515050167
6 0.16387959866220736 0.5652173913043478 0.22240802675585283 0.26588628762541805
6 0.9481605351170569 0.205685618729097 0.09698996655518395 0.225752508361204
6 0.12876254180602006 0.9180602006688964 0.23076923076923078 0.16220735785953178
6 0.8093645484949833 0.9581939799331104 0.23578595317725753 0.08361204013377926
6 0.1488294314381271 0.7073578595317725 0.225752508361204 0.22073578595317725
6 0.8929765886287625 0.07023411371237458 0.2140468227424749 0.14046822742474915
6 0.3528428093645485 0.12876254180602006 0.21739130434782608 0.22909698996655517
6 0.6705685618729097 0.08862876254180602 0.23076923076923078 0.17725752508361203
6 0.14381270903010032 0.08193979933110368 0.22240802675585283 0.16220735785953178
6 0.35785953177257523 0.9180602006688964 0.23411371237458195 0.16220735785953178
6 0.7993311036789298 0.3277591973244147 0.21070234113712374 0.22073578595317725
6 0.9163879598662207 0.8076923076923077 0.16387959866220736 0.225752508361204
6 0.4331103678929766 0.0903010033444816 0.225752508361204 0.17892976588628762