6 0.9464882943143813 0.011705685618729096 0.10367892976588629 0.021739130434782608
6 0.12709030100334448 0.9648829431438127 0.2140468227424749 0.06856187290969899
6 0.023411371237458192 0.14715719063545152 0.046822742474916385 0.23411371237458195
6 0.9214046822742475 0.2993311036789298 0.1505016722408027 0.23745819397993312
3 0.5050167224080268 0.5016722408026756 0.3779264214046823 0.5735785953177257
6 0.8444816053511706 0.9782608695652174 0.2692307692307692 0.04180602006688963
6 0.12876254180602006 0.046822742474916385 0.25585284280936454 0.09364548494983277
6 0.08361204013377926 0.8344481605351171 0.16722408026755853 0.23745819397993312
6 0.2508361204013378 0.8996655518394648 0.24247491638795987 0.1956521739130435
5 0.31438127090301005 0.2391304347826087 0.11036789297658862 0.09364548494983277
6 0.8193979933110368 0.617056856187291 0.2842809364548495 0.225752508361204
6 0.225752508361204 0.5668896321070234 0.23411371237458195 0.22073578595317725
6 0.3695652173913043 0.08361204013377926 0.21070234113712374 0.16722408026755853
6 0.782608695652174 0.2976588628762542 0.22073578595317725 0.2157190635451505
6 0.45819397993311034 0.8879598662207357 0.23411371237458195 0.21237458193979933
6 0.8043478260869565 0.06688963210702341 0.23578595317725753 0.13210702341137123
6 0.7090301003344481 0.8327759197324415 0.27424749163879597 0.2491638795986622
6 0.6120401337792643 0.14046822742474915 0.26421404682274247 0.225752508361204
6 0.13879598662207357 0.35785953177257523 0.25585284280936454 0.24247491638795987
6 0.1688963210702341 0.7859531772575251 0.18227424749163879 0.24414715719063546