6 0.9765886287625418 0.043478260869565216 0.046822742474916385 0.08695652173913043
3 0.5083612040133779 0.5083612040133779 0.5117056856187291 0.560200668896321
6 0.9431438127090301 0.5668896321070234 0.11371237458193979 0.2976588628762542
6 0.8344481605351171 0.7892976588628763 0.24749163879598662 0.2959866220735786
6 0.7859531772575251 0.5618729096989966 0.20066889632107024 0.2976588628762542
6 0.038461538461538464 0.11036789297658862 0.07692307692307693 0.22073578595317725
5 0.021739130434782608 0.6672240802675585 0.043478260869565216 0.1020066889632107
6 0.19063545150501673 0.7709030100334449 0.1806020066889632 0.26588628762541805
6 0.2157190635451505 0.9214046822742475 0.29431438127090304 0.15719063545150502
6 0.6705685618729097 0.8043478260869565 0.2709030100334448 0.2591973244147157
6 0.9013377926421404 0.9264214046822743 0.19732441471571907 0.14046822742474915
6 0.09531772575250837 0.2525083612040134 0.18896321070234115 0.29264214046822745
6 0.061872909698996656 0.7759197324414716 0.12374581939799331 0.22073578595317725
6 0.36789297658862874 0.745819397993311 0.2525083612040134 0.27759197324414714
6 0.4866220735785953 0.9548494983277592 0.2725752508361204 0.08862876254180602
6 0.7725752508361204 0.32441471571906355 0.22240802675585283 0.23745819397993312
6 0.6070234113712375 0.19063545150501673 0.20234113712374582 0.21237458193979933
6 0.9046822742474916 0.15551839464882944 0.18561872909698995 0.22909698996655517
6 0.24247491638795987 0.26755852842809363 0.22073578595317725 0.2709030100334448
6 0.9113712374581939 0.36622073578595316 0.17725752508361203 0.225752508361204