3 0.49665551839464883 0.4899665551839465 0.520066889632107 0.5618729096989966
6 0.9581939799331104 0.5234113712374582 0.08361204013377926 0.2608695652173913
6 0.8729096989966555 0.9749163879598662 0.24247491638795987 0.05016722408026756
6 0.048494983277591976 0.49665551839464883 0.09698996655518395 0.2408026755852843
5 0.6588628762541806 0.6337792642140468 0.07023411371237458 0.07190635451505016
6 0.21237458193979933 0.9264214046822743 0.25752508361204013 0.14715719063545152
6 0.08695652173913043 0.09531772575250837 0.17391304347826086 0.19063545150501673
6 0.33277591973244147 0.8612040133779264 0.2391304347826087 0.22408026755852842
6 0.6789297658862876 0.9063545150501672 0.22240802675585283 0.18729096989966554
6 0.5836120401337793 0.802675585284281 0.24749163879598662 0.22909698996655517
6 0.802675585284281 0.5551839464882943 0.22240802675585283 0.22909698996655517
6 0.8662207357859532 0.3394648829431438 0.2508361204013378 0.205685618729097
6 0.1354515050167224 0.30267558528428096 0.23244147157190637 0.2525083612040134
6 0.8411371237458194 0.11705685618729098 0.26755852842809363 0.23411371237458195
6 0.11204013377926421 0.717391304347826 0.22408026755852842 0.22408026755852842