3 0.5016722408026756 0.49665551839464883 0.4916387959866221 0.4899665551839465
6 0.03511705685618729 0.3729096989966555 0.07023411371237458 0.2508361204013378
6 0.8996655518394648 0.8979933110367893 0.1939799331103679 0.2040133779264214
6 0.5551839464882943 0.051839464882943144 0.2408026755852843 0.10367892976588629
6 0.8043478260869565 0.07525083612040134 0.27759197324414714 0.1505016722408027
6 0.07357859531772576 0.9364548494983278 0.14715719063545152 0.12709030100334448
6 0.7341137123745819 0.7558528428093646 0.23076923076923078 0.26755852842809363
6 0.9214046822742475 0.6070234113712375 0.1505016722408027 0.21237458193979933
6 0.07692307692307693 0.7424749163879598 0.15384615384615385 0.24581939799331104
6 0.5133779264214047 0.8260869565217391 0.22742474916387959 0.225752508361204
6 0.8528428093645485 0.3879598662207358 0.2725752508361204 0.24247491638795987
6 0.3612040133779264 0.12207357859531773 0.24414715719063546 0.1956521739130435
6 0.2491638795986622 0.31438127090301005 0.2591973244147157 0.22073578595317725
6 0.26421404682274247 0.7140468227424749 0.2508361204013378 0.22073578595317725