5 0.8913043478260869 0.47491638795986624 0.07859531772575251 0.06688963210702341
6 0.013377926421404682 0.43645484949832775 0.026755852842809364 0.18394648829431437
6 0.4682274247491639 0.011705685618729096 0.22742474916387959 0.023411371237458192
3 0.5016722408026756 0.5050167224080268 0.4096989966555184 0.4214046822742475
6 0.7608695652173914 0.9832775919732442 0.22240802675585283 0.033444816053511704
6 0.17725752508361203 0.028428093645484948 0.2408026755852843 0.056856187290969896
6 0.9515050167224081 0.12040133779264214 0.09698996655518395 0.2408026755852843
6 0.3411371237458194 0.27759197324414714 0.22073578595317725 0.19899665551839466
6 0.11872909698996656 0.540133779264214 0.23076923076923078 0.22073578595317725
6 0.9364548494983278 0.9565217391304348 0.12207357859531773 0.08528428093645485
6 0.45819397993311034 0.22073578595317725 0.2391304347826087 0.1939799331103679
6 0.7207357859531772 0.07190635451505016 0.2525083612040134 0.14381270903010032
6 0.08862876254180602 0.6588628762541806 0.17725752508361203 0.2140468227424749
6 0.8795986622073578 0.7374581939799331 0.22073578595317725 0.20234113712374582
6 0.34448160535117056 0.0903010033444816 0.2508361204013378 0.17892976588628762
6 0.7792642140468228 0.3795986622073579 0.23076923076923078 0.2408026755852843
6 0.11872909698996656 0.32274247491638797 0.23411371237458195 0.225752508361204
6 0.23244147157190637 0.8076923076923077 0.23076923076923078 0.23745819397993312