6 0.9698996655518395 0.49665551839464883 0.06020066889632107 0.225752508361204
3 0.49665551839464883 0.49331103678929766 0.5250836120401338 0.717391304347826
6 0.05016722408026756 0.10702341137123746 0.10033444816053512 0.21237458193979933
6 0.49665551839464883 0.038461538461538464 0.23578595317725753 0.07692307692307693
5 0.6722408026755853 0.13210702341137123 0.07859531772575251 0.08361204013377926
6 0.7842809364548495 0.08361204013377926 0.225752508361204 0.16555183946488294
6 0.8377926421404682 0.48327759197324416 0.225752508361204 0.2508361204013378
6 0.6789297658862876 0.8043478260869565 0.22742474916387959 0.20903010033444816
6 0.23076923076923078 0.8913043478260869 0.21070234113712374 0.1956521739130435
6 0.4899665551839465 0.9113712374581939 0.24749163879598662 0.17725752508361203
6 0.1688963210702341 0.2959866220735786 0.24581939799331104 0.23411371237458195
6 0.08862876254180602 0.5183946488294314 0.17725752508361203 0.22742474916387959
6 0.8929765886287625 0.7591973244147158 0.20903010033444816 0.25585284280936454
6 0.19063545150501673 0.677257525083612 0.22073578595317725 0.20903010033444816
6 0.39297658862876256 0.16722408026755853 0.2709030100334448 0.225752508361204
6 0.8612040133779264 0.2525083612040134 0.26755852842809363 0.22742474916387959