6 0.011705685618729096 0.36622073578595316 0.023411371237458192 0.2040133779264214
6 0.9698996655518395 0.40468227424749165 0.06020066889632107 0.2391304347826087
6 0.9264214046822743 0.9816053511705686 0.14715719063545152 0.03511705685618729
6 0.09197324414715718 0.03678929765886288 0.18227424749163879 0.07357859531772576
6 0.9531772575250836 0.637123745819398 0.08862876254180602 0.25585284280936454
6 0.028428093645484948 0.5886287625418061 0.056856187290969896 0.2391304347826087
6 0.6622073578595318 0.8879598662207357 0.24247491638795987 0.21906354515050167
6 0.9280936454849499 0.04013377926421405 0.1354515050167224 0.0802675585284281
5 0.7491638795986622 0.7876254180602007 0.06688963210702341 0.06688963210702341
6 0.9431438127090301 0.862876254180602 0.11371237458193979 0.225752508361204
6 0.11036789297658862 0.9464882943143813 0.22073578595317725 0.10702341137123746
6 0.6153846153846154 0.07525083612040134 0.22073578595317725 0.1505016722408027
6 0.47324414715719065 0.822742474916388 0.24749163879598662 0.22073578595317725
6 0.794314381270903 0.8979933110367893 0.23411371237458195 0.2040133779264214
6 0.2157190635451505 0.637123745819398 0.22742474916387959 0.2391304347826087
6 0.27424749163879597 0.8327759197324415 0.23578595317725753 0.19063545150501673
6 0.39464882943143814 0.06688963210702341 0.25585284280936454 0.13210702341137123
6 0.8444816053511706 0.5016722408026756 0.2391304347826087 0.2491638795986622
6 0.9364548494983278 0.18227424749163879 0.12207357859531773 0.23411371237458195
6 0.7842809364548495 0.2491638795986622 0.225752508361204 0.22408026755852842
6 0.09698996655518395 0.17892976588628762 0.1939799331103679 0.24749163879598662
6 0.30434782608695654 0.22073578595317725 0.27424749163879597 0.24247491638795987
6 0.09531772575250837 0.7725752508361204 0.18896321070234115 0.22909698996655517
3 0.5016722408026756 0.5016722408026756 0.4882943143812709 0.5083612040133779