6 0.5384615384615384 0.16220735785953178 0.24581939799331104 0.20903010033444816
6 0.021739130434782608 0.9648829431438127 0.043478260869565216 0.06856187290969899
6 0.9414715719063546 0.25585284280936454 0.11705685618729098 0.31438127090301005
6 0.30267558528428096 0.028428093645484948 0.2976588628762542 0.056856187290969896
6 0.931438127090301 0.9832775919732442 0.13043478260869565 0.033444816053511704
6 0.028428093645484948 0.10869565217391304 0.056856187290969896 0.21739130434782608
6 0.13377926421404682 0.17892976588628762 0.2140468227424749 0.19899665551839466
6 0.21739130434782608 0.931438127090301 0.20234113712374582 0.1354515050167224
3 0.5083612040133779 0.5033444816053512 0.44481605351170567 0.5183946488294314
5 0.11036789297658862 0.043478260869565216 0.08862876254180602 0.08528428093645485
6 0.09197324414715718 0.774247491638796 0.18227424749163879 0.2525083612040134
6 0.9448160535117057 0.6153846153846154 0.10869565217391304 0.22408026755852842
6 0.47157190635451507 0.9247491638795987 0.24749163879598662 0.1505016722408027
6 0.8695652173913043 0.9364548494983278 0.24749163879598662 0.12709030100334448
6 0.4280936454849498 0.0802675585284281 0.21070234113712374 0.1588628762541806
6 0.38461538461538464 0.25585284280936454 0.24247491638795987 0.22073578595317725
6 0.391304347826087 0.7759197324414716 0.27424749163879597 0.21237458193979933
6 0.8662207357859532 0.07692307692307693 0.25418060200668896 0.15384615384615385
6 0.24247491638795987 0.5836120401337793 0.2140468227424749 0.22073578595317725
6 0.782608695652174 0.7157190635451505 0.24749163879598662 0.26588628762541805
6 0.08528428093645485 0.5133779264214047 0.1705685618729097 0.23076923076923078
6 0.21070234113712374 0.3745819397993311 0.2608695652173913 0.22073578595317725
6 0.25585284280936454 0.8963210702341137 0.2408026755852843 0.2040133779264214