6 0.8327759197324415 0.9899665551839465 0.23578595317725753 0.020066889632107024
6 0.020066889632107024 0.362876254180602 0.038461538461538464 0.2525083612040134
6 0.9180602006688964 0.7508361204013378 0.1588628762541806 0.24581939799331104
3 0.5050167224080268 0.5301003344481605 0.46153846153846156 0.49331103678929766
6 0.03678929765886288 0.7123745819397993 0.07357859531772576 0.27424749163879597
6 0.06354515050167224 0.10367892976588629 0.12709030100334448 0.20735785953177258
6 0.2842809364548495 0.2408026755852843 0.23076923076923078 0.2508361204013378
6 0.1020066889632107 0.5050167224080268 0.19230769230769232 0.2826086956521739
6 0.6789297658862876 0.7959866220735786 0.29264214046822745 0.24247491638795987
6 0.1588628762541806 0.9782608695652174 0.2525083612040134 0.043478260869565216
6 0.9381270903010034 0.34615384615384615 0.12374581939799331 0.27759197324414714
5 0.3979933110367893 0.13043478260869565 0.08528428093645485 0.08695652173913043
6 0.8511705685618729 0.5484949832775919 0.2709030100334448 0.2491638795986622
6 0.2725752508361204 0.7608695652173914 0.2608695652173913 0.2525083612040134
6 0.17892976588628762 0.2408026755852843 0.23076923076923078 0.2408026755852843
6 0.9046822742474916 0.09531772575250837 0.18394648829431437 0.19063545150501673
6 0.18729096989966554 0.459866220735786 0.23578595317725753 0.225752508361204
6 0.2709030100334448 0.05852842809364549 0.27424749163879597 0.11538461538461539
6 0.48327759197324416 0.9214046822742475 0.2157190635451505 0.15719063545150502
6 0.9063545150501672 0.8545150501672241 0.1806020066889632 0.1939799331103679
6 0.754180602006689 0.2408026755852843 0.26421404682274247 0.2408026755852843