6 0.9046822742474916 0.22408026755852842 0.18561872909698995 0.22073578595317725
6 0.01839464882943144 0.9096989966555183 0.03511705685618729 0.17892976588628762
6 0.9765886287625418 0.8110367892976589 0.046822742474916385 0.23411371237458195
6 0.903010033444816 0.011705685618729096 0.18729096989966554 0.023411371237458192
6 0.3060200668896321 0.16722408026755853 0.21739130434782608 0.22073578595317725
6 0.3377926421404682 0.10535117056856187 0.26421404682274247 0.20903010033444816
3 0.5066889632107023 0.5167224080267558 0.40301003344481606 0.68561872909699
6 0.9347826086956522 0.5986622073578596 0.1254180602006689 0.24581939799331104
6 0.9096989966555183 0.32274247491638797 0.17558528428093645 0.205685618729097
6 0.11538461538461539 0.15217391304347827 0.23076923076923078 0.2525083612040134
6 0.2608695652173913 0.9297658862876255 0.24581939799331104 0.14046822742474915
6 0.6471571906354515 0.8896321070234113 0.27759197324414714 0.22073578595317725
6 0.20066889632107024 0.7608695652173914 0.23411371237458195 0.225752508361204
6 0.8193979933110368 0.7374581939799331 0.2508361204013378 0.23076923076923078
6 0.10367892976588629 0.5551839464882943 0.20735785953177258 0.2508361204013378
6 0.7976588628762542 0.5301003344481605 0.23578595317725753 0.22408026755852842
6 0.20903010033444816 0.362876254180602 0.24749163879598662 0.24247491638795987