6 0.9866220735785953 0.9464882943143813 0.026755852842809364 0.10702341137123746
6 0.9816053511705686 0.061872909698996656 0.03511705685618729 0.12374581939799331
6 0.9648829431438127 0.5652173913043478 0.06688963210702341 0.23076923076923078
6 0.8812709030100334 0.9832775919732442 0.21070234113712374 0.033444816053511704
3 0.5066889632107023 0.5117056856187291 0.5351170568561873 0.5518394648829431
6 0.03678929765886288 0.8277591973244147 0.07357859531772576 0.22408026755852842
6 0.9515050167224081 0.23411371237458195 0.09698996655518395 0.225752508361204
5 0.68561872909699 0.09698996655518395 0.06688963210702341 0.08528428093645485
6 0.2725752508361204 0.30267558528428096 0.22240802675585283 0.225752508361204
5 0.9364548494983278 0.41304347826086957 0.08361204013377926 0.07859531772575251
6 0.9464882943143813 0.7642140468227425 0.10367892976588629 0.22408026755852842
6 0.6722408026755853 0.9230769230769231 0.24749163879598662 0.15384615384615385
6 0.774247491638796 0.24247491638795987 0.2508361204013378 0.2591973244147157
6 0.23411371237458195 0.16722408026755853 0.2508361204013378 0.21906354515050167
6 0.24414715719063546 0.6605351170568562 0.23411371237458195 0.23745819397993312
6 0.10535117056856187 0.056856187290969896 0.21070234113712374 0.11204013377926421
6 0.12040133779264214 0.4397993311036789 0.2140468227424749 0.23745819397993312
6 0.4531772575250836 0.8812709030100334 0.23411371237458195 0.2157190635451505
6 0.16220735785953178 0.8193979933110368 0.20234113712374582 0.22909698996655517
6 0.8043478260869565 0.6688963210702341 0.23076923076923078 0.23745819397993312