6 0.22909698996655517 0.9832775919732442 0.19732441471571907 0.033444816053511704
3 0.5100334448160535 0.49331103678929766 0.5351170568561873 0.5785953177257525
6 0.27591973244147155 0.705685618729097 0.22073578595317725 0.21906354515050167
6 0.07023411371237458 0.4498327759197324 0.13879598662207357 0.2157190635451505
6 0.9414715719063546 0.41638795986622074 0.11705685618729098 0.25585284280936454
6 0.939799331103679 0.9080267558528428 0.11371237458193979 0.18227424749163879
6 0.38127090301003347 0.13377926421404682 0.2525083612040134 0.24581939799331104
6 0.8093645484949833 0.9581939799331104 0.21739130434782608 0.08361204013377926
6 0.11538461538461539 0.09531772575250837 0.23076923076923078 0.19063545150501673
6 0.8762541806020067 0.09698996655518395 0.24749163879598662 0.1939799331103679
6 0.5836120401337793 0.9548494983277592 0.24247491638795987 0.08862876254180602
6 0.05852842809364549 0.8946488294314381 0.11705685618729098 0.20903010033444816
6 0.21906354515050167 0.8762541806020067 0.23411371237458195 0.19899665551839466
6 0.6605351170568562 0.8060200668896321 0.23411371237458195 0.21906354515050167
6 0.47324414715719065 0.8411371237458194 0.24749163879598662 0.21237458193979933
6 0.18394648829431437 0.6036789297658863 0.205685618729097 0.2157190635451505
6 0.8745819397993311 0.774247491638796 0.21739130434782608 0.225752508361204
6 0.8110367892976589 0.2140468227424749 0.2608695652173913 0.225752508361204
6 0.5117056856187291 0.11036789297658862 0.21739130434782608 0.22073578595317725
6 0.13043478260869565 0.3612040133779264 0.18227424749163879 0.1939799331103679