6 0.9531772575250836 0.9648829431438127 0.08528428093645485 0.06856187290969899
3 0.49665551839464883 0.5117056856187291 0.46153846153846156 0.5668896321070234
6 0.03511705685618729 0.0903010033444816 0.07023411371237458 0.1806020066889632
6 0.9816053511705686 0.657190635451505 0.03511705685618729 0.22408026755852842
6 0.6237458193979933 0.03177257525083612 0.2525083612040134 0.061872909698996656
6 0.11036789297658862 0.9481605351170569 0.22073578595317725 0.10367892976588629
6 0.2959866220735786 0.07190635451505016 0.23745819397993312 0.14381270903010032
6 0.8327759197324415 0.6387959866220736 0.2508361204013378 0.23076923076923078
6 0.7926421404682275 0.3093645484949833 0.2525083612040134 0.24247491638795987
6 0.6989966555183946 0.17224080267558528 0.26421404682274247 0.22408026755852842
6 0.13377926421404682 0.5618729096989966 0.26755852842809363 0.27591973244147155