6 0.9581939799331104 0.2408026755852843 0.08361204013377926 0.2491638795986622
6 0.05351170568561873 0.342809364548495 0.10702341137123746 0.21906354515050167
3 0.5083612040133779 0.4983277591973244 0.5066889632107023 0.5301003344481605
6 0.12876254180602006 0.959866220735786 0.24247491638795987 0.0802675585284281
6 0.9464882943143813 0.49331103678929766 0.10702341137123746 0.2157190635451505
6 0.051839464882943144 0.11872909698996656 0.10367892976588629 0.23745819397993312
6 0.6622073578595318 0.9565217391304348 0.23076923076923078 0.08528428093645485
6 0.43645484949832775 0.9414715719063546 0.22742474916387959 0.11538461538461539
6 0.5066889632107023 0.8076923076923077 0.23578595317725753 0.19899665551839466
6 0.29431438127090304 0.06521739130434782 0.27759197324414714 0.13043478260869565
6 0.7157190635451505 0.745819397993311 0.23076923076923078 0.22909698996655517
6 0.8461538461538461 0.06688963210702341 0.26755852842809363 0.13377926421404682
6 0.23411371237458195 0.6337792642140468 0.21070234113712374 0.19230769230769232
6 0.8361204013377926 0.22909698996655517 0.21739130434782608 0.20234113712374582
6 0.07190635451505016 0.617056856187291 0.14214046822742474 0.23745819397993312
6 0.24247491638795987 0.8561872909698997 0.23578595317725753 0.22909698996655517
6 0.8929765886287625 0.8812709030100334 0.20234113712374582 0.21906354515050167
6 0.1688963210702341 0.40635451505016723 0.205685618729097 0.21906354515050167
6 0.9013377926421404 0.6705685618729097 0.19230769230769232 0.20066889632107024
6 0.3093645484949833 0.22742474916387959 0.2140468227424749 0.205685618729097