6 0.9682274247491639 0.979933110367893 0.06020066889632107 0.038461538461538464
3 0.49665551839464883 0.5066889632107023 0.4665551839464883 0.5351170568561873
6 0.03511705685618729 0.11872909698996656 0.06856187290969899 0.23578595317725753
5 0.14214046822742474 0.015050167224080268 0.14715719063545152 0.030100334448160536
6 0.6672240802675585 0.021739130434782608 0.27424749163879597 0.043478260869565216
6 0.8060200668896321 0.9749163879598662 0.26755852842809363 0.05016722408026756
6 0.24581939799331104 0.9648829431438127 0.24247491638795987 0.06856187290969899
6 0.9163879598662207 0.4280936454849498 0.16387959866220736 0.2391304347826087
6 0.8896321070234113 0.043478260869565216 0.21739130434782608 0.08528428093645485
6 0.9280936454849499 0.1939799331103679 0.1354515050167224 0.26755852842809363
6 0.23411371237458195 0.21739130434782608 0.2508361204013378 0.2491638795986622
6 0.3277591973244147 0.06020066889632107 0.2508361204013378 0.11872909698996656
6 0.07190635451505016 0.33277591973244147 0.14214046822742474 0.2408026755852843
6 0.5284280936454849 0.8862876254180602 0.25752508361204013 0.225752508361204
6 0.16387959866220736 0.5033444816053512 0.23411371237458195 0.2391304347826087
6 0.7775919732441472 0.3394648829431438 0.21739130434782608 0.22408026755852842
6 0.8327759197324415 0.6237458193979933 0.25585284280936454 0.2391304347826087
6 0.9063545150501672 0.822742474916388 0.1806020066889632 0.225752508361204
6 0.2591973244147157 0.7274247491638796 0.22742474916387959 0.23076923076923078
6 0.08361204013377926 0.7809364548494984 0.16722408026755853 0.2508361204013378
6 0.725752508361204 0.13043478260869565 0.2608695652173913 0.22408026755852842