6 0.9581939799331104 0.07023411371237458 0.07859531772575251 0.14046822742474915
3 0.49331103678929766 0.5066889632107023 0.5133779264214047 0.6505016722408027
6 0.9765886287625418 0.49498327759197325 0.046822742474916385 0.22408026755852842
6 0.9632107023411371 0.2608695652173913 0.07023411371237458 0.23411371237458195
5 0.7023411371237458 0.26755852842809363 0.06020066889632107 0.06688963210702341
6 0.033444816053511704 0.8812709030100334 0.06688963210702341 0.23745819397993312
6 0.1588628762541806 0.9749163879598662 0.2591973244147157 0.05016722408026756
6 0.9515050167224081 0.6822742474916388 0.09197324414715718 0.19899665551839466
6 0.9147157190635451 0.9464882943143813 0.16387959866220736 0.10702341137123746
6 0.061872909698996656 0.08862876254180602 0.12374581939799331 0.17725752508361203
6 0.32274247491638797 0.08193979933110368 0.23076923076923078 0.16220735785953178
6 0.7224080267558528 0.06688963210702341 0.2140468227424749 0.13377926421404682
6 0.4331103678929766 0.9331103678929766 0.24581939799331104 0.13210702341137123
6 0.8260869565217391 0.3411371237458194 0.2525083612040134 0.2491638795986622
6 0.7324414715719063 0.8093645484949833 0.2591973244147157 0.23411371237458195
6 0.08528428093645485 0.2976588628762542 0.1705685618729097 0.2408026755852843
6 0.11705685618729098 0.717391304347826 0.21070234113712374 0.24581939799331104
6 0.3093645484949833 0.7073578595317725 0.2140468227424749 0.24247491638795987
6 0.8260869565217391 0.5819397993311036 0.20903010033444816 0.23076923076923078
6 0.15551839464882944 0.4682274247491639 0.22240802675585283 0.23745819397993312