6 0.023411371237458192 0.06020066889632107 0.046822742474916385 0.11538461538461539
6 0.9531772575250836 0.35785953177257523 0.08862876254180602 0.25585284280936454
3 0.5050167224080268 0.5033444816053512 0.4397993311036789 0.46488294314381273
6 0.9515050167224081 0.9130434782608695 0.08361204013377926 0.17391304347826086
6 0.8260869565217391 0.023411371237458192 0.24749163879598662 0.046822742474916385
6 0.05016722408026756 0.7307692307692307 0.10033444816053512 0.26755852842809363
6 0.8160535117056856 0.9414715719063546 0.225752508361204 0.11538461538461539
6 0.9381270903010034 0.6688963210702341 0.12040133779264214 0.225752508361204
6 0.9230769230769231 0.12374581939799331 0.15384615384615385 0.2157190635451505
6 0.07525083612040134 0.32608695652173914 0.1505016722408027 0.22408026755852842
6 0.34615384615384615 0.10535117056856187 0.22073578595317725 0.20903010033444816
6 0.19230769230769232 0.882943143812709 0.2140468227424749 0.205685618729097
6 0.6722408026755853 0.822742474916388 0.205685618729097 0.19899665551839466
6 0.13210702341137123 0.10702341137123746 0.225752508361204 0.21237458193979933
6 0.745819397993311 0.27759197324414714 0.24247491638795987 0.20903010033444816
6 0.4698996655518395 0.8210702341137124 0.21070234113712374 0.22073578595317725
6 0.2140468227424749 0.6555183946488294 0.23244147157190637 0.23745819397993312
6 0.7892976588628763 0.6137123745819398 0.205685618729097 0.22909698996655517
6 0.26421404682274247 0.3076923076923077 0.22742474916387959 0.205685618729097