6 0.9765886287625418 0.2608695652173913 0.04180602006688963 0.17391304347826086
6 0.9381270903010034 0.016722408026755852 0.12374581939799331 0.033444816053511704
6 0.038461538461538464 0.9531772575250836 0.07692307692307693 0.08695652173913043
3 0.5 0.5050167224080268 0.4665551839464883 0.48327759197324416
6 0.33444816053511706 0.2625418060200669 0.30267558528428096 0.21906354515050167
6 0.9113712374581939 0.38127090301003347 0.17224080267558528 0.2625418060200669
6 0.4782608695652174 0.9464882943143813 0.26588628762541805 0.10702341137123746
6 0.12207357859531773 0.431438127090301 0.20066889632107024 0.27759197324414714
6 0.5869565217391305 0.07525083612040134 0.2040133779264214 0.1505016722408027
6 0.07525083612040134 0.18227424749163879 0.1505016722408027 0.2408026755852843
6 0.7290969899665551 0.931438127090301 0.24749163879598662 0.13712374581939799
6 0.9347826086956522 0.6220735785953178 0.13043478260869565 0.22742474916387959
6 0.5903010033444817 0.7876254180602007 0.2809364548494983 0.225752508361204
6 0.7809364548494984 0.5836120401337793 0.20066889632107024 0.2525083612040134
6 0.8929765886287625 0.13043478260869565 0.20234113712374582 0.205685618729097
6 0.10367892976588629 0.7625418060200669 0.20735785953177258 0.22073578595317725
6 0.2625418060200669 0.540133779264214 0.19230769230769232 0.28929765886287623