6 0.07190635451505016 0.9882943143812709 0.14214046822742474 0.021739130434782608
6 0.07190635451505016 0.3612040133779264 0.14381270903010032 0.20903010033444816
6 0.9816053511705686 0.46153846153846156 0.03511705685618729 0.20234113712374582
6 0.026755852842809364 0.6806020066889632 0.05351170568561873 0.22073578595317725
6 0.5518394648829431 0.9832775919732442 0.2140468227424749 0.033444816053511704
6 0.9648829431438127 0.07357859531772576 0.07023411371237458 0.14715719063545152
6 0.9581939799331104 0.7307692307692307 0.07859531772575251 0.23411371237458195
6 0.6722408026755853 0.8260869565217391 0.21739130434782608 0.23076923076923078
3 0.5066889632107023 0.5334448160535117 0.5250836120401338 0.5267558528428093
6 0.774247491638796 0.9749163879598662 0.24247491638795987 0.05016722408026756
6 0.30434782608695654 0.0451505016722408 0.225752508361204 0.0903010033444816
6 0.14046822742474915 0.9414715719063546 0.18561872909698995 0.11538461538461539
6 0.21237458193979933 0.882943143812709 0.225752508361204 0.22909698996655517
6 0.9381270903010034 0.9180602006688964 0.12040133779264214 0.16220735785953178
6 0.225752508361204 0.39297658862876256 0.1806020066889632 0.22073578595317725
6 0.6287625418060201 0.06856187290969899 0.225752508361204 0.13712374581939799
6 0.0802675585284281 0.08695652173913043 0.1605351170568562 0.17391304347826086
6 0.225752508361204 0.1705685618729097 0.2140468227424749 0.1939799331103679
6 0.46321070234113715 0.20234113712374582 0.20903010033444816 0.21237458193979933
6 0.7859531772575251 0.8177257525083612 0.22240802675585283 0.22073578595317725
6 0.8411371237458194 0.1505016722408027 0.22240802675585283 0.20234113712374582
6 0.17725752508361203 0.6538461538461539 0.23076923076923078 0.2157190635451505
6 0.08361204013377926 0.48327759197324416 0.16722408026755853 0.205685618729097
6 0.8411371237458194 0.3612040133779264 0.225752508361204 0.20234113712374582
6 0.4397993311036789 0.862876254180602 0.2391304347826087 0.20234113712374582
6 0.8595317725752508 0.5819397993311036 0.23076923076923078 0.23745819397993312