6 0.9698996655518395 0.44648829431438125 0.06020066889632107 0.20903010033444816
6 0.033444816053511704 0.11538461538461539 0.06688963210702341 0.23076923076923078
6 0.07859531772575251 0.5066889632107023 0.15551839464882944 0.20903010033444816
6 0.9882943143812709 0.919732441471572 0.021739130434782608 0.1605351170568562
3 0.5066889632107023 0.4682274247491639 0.5418060200668896 0.782608695652174
6 0.31270903010033446 0.1605351170568562 0.22073578595317725 0.225752508361204
6 0.07692307692307693 0.12876254180602006 0.15384615384615385 0.2508361204013378
6 0.04013377926421405 0.7040133779264214 0.0802675585284281 0.2040133779264214
6 0.6337792642140468 0.07357859531772576 0.21070234113712374 0.14715719063545152
6 0.919732441471572 0.3779264214046823 0.1505016722408027 0.2157190635451505
6 0.677257525083612 0.8277591973244147 0.24749163879598662 0.205685618729097
6 0.9464882943143813 0.09364548494983277 0.10367892976588629 0.18729096989966554
5 0.225752508361204 0.5033444816053512 0.08528428093645485 0.06856187290969899
6 0.8327759197324415 0.03511705685618729 0.24247491638795987 0.06856187290969899
6 0.24581939799331104 0.20903010033444816 0.225752508361204 0.2157190635451505
6 0.08193979933110368 0.4230769230769231 0.16387959866220736 0.21237458193979933
6 0.5903010033444817 0.9214046822742475 0.25752508361204013 0.15719063545150502
6 0.23076923076923078 0.9163879598662207 0.22240802675585283 0.16555183946488294
6 0.07190635451505016 0.8929765886287625 0.14381270903010032 0.21237458193979933
6 0.842809364548495 0.9331103678929766 0.17892976588628762 0.13210702341137123
6 0.7023411371237458 0.14046822742474915 0.2391304347826087 0.22073578595317725
6 0.8478260869565217 0.5301003344481605 0.19732441471571907 0.205685618729097
6 0.16722408026755853 0.6839464882943144 0.20903010033444816 0.21906354515050167
6 0.9096989966555183 0.7240802675585284 0.17558528428093645 0.205685618729097