6 0.44648829431438125 0.010033444816053512 0.23244147157190637 0.01839464882943144
6 0.030100334448160536 0.7525083612040134 0.06020066889632107 0.2525083612040134
6 0.18227424749163879 0.4983277591973244 0.22073578595317725 0.29264214046822745
3 0.49665551839464883 0.49665551839464883 0.5284280936454849 0.5367892976588629
6 0.8127090301003345 0.41471571906354515 0.24749163879598662 0.26755852842809363
6 0.13377926421404682 0.9832775919732442 0.22742474916387959 0.033444816053511704
6 0.959866220735786 0.3612040133779264 0.07525083612040134 0.28762541806020064
6 0.9581939799331104 0.7675585284280937 0.08361204013377926 0.27759197324414714
6 0.9431438127090301 0.07525083612040134 0.10702341137123746 0.1505016722408027
6 0.42642140468227424 0.9782608695652174 0.23578595317725753 0.04180602006688963
6 0.81438127090301 0.04180602006688963 0.21070234113712374 0.08361204013377926
6 0.9247491638795987 0.939799331103679 0.1454849498327759 0.11872909698996656
6 0.07692307692307693 0.596989966555184 0.15384615384615385 0.2591973244147157
6 0.09197324414715718 0.3394648829431438 0.18227424749163879 0.26755852842809363
6 0.07692307692307693 0.07692307692307693 0.15384615384615385 0.15384615384615385
6 0.8093645484949833 0.20066889632107024 0.2709030100334448 0.21906354515050167
6 0.7625418060200669 0.919732441471572 0.225752508361204 0.1605351170568562
6 0.20234113712374582 0.20735785953177258 0.23411371237458195 0.2625418060200669
6 0.46488294314381273 0.8294314381270903 0.22240802675585283 0.2157190635451505
6 0.3612040133779264 0.11872909698996656 0.21070234113712374 0.23745819397993312
6 0.2408026755852843 0.8444816053511706 0.2508361204013378 0.25585284280936454
6 0.7842809364548495 0.725752508361204 0.24247491638795987 0.22909698996655517