3 0.48327759197324416 0.5133779264214047 0.47157190635451507 0.5050167224080268
6 0.1956521739130435 0.5016722408026756 0.20234113712374582 0.25752508361204013
6 0.9765886287625418 0.17391304347826086 0.046822742474916385 0.2157190635451505
6 0.19063545150501673 0.015050167224080268 0.24414715719063546 0.030100334448160536
6 0.959866220735786 0.43812709030100333 0.0802675585284281 0.24749163879598662
6 0.046822742474916385 0.09531772575250837 0.09197324414715718 0.19063545150501673
6 0.6053511705685619 0.030100334448160536 0.23411371237458195 0.06020066889632107
6 0.7859531772575251 0.9414715719063546 0.23411371237458195 0.11538461538461539
6 0.931438127090301 0.8946488294314381 0.13043478260869565 0.20903010033444816
6 0.16555183946488294 0.7207357859531772 0.20234113712374582 0.21237458193979933
6 0.38127090301003347 0.8377926421404682 0.2725752508361204 0.225752508361204
6 0.25418060200668896 0.15217391304347827 0.2525083612040134 0.24247491638795987
6 0.8210702341137124 0.0802675585284281 0.24749163879598662 0.1588628762541806
6 0.08862876254180602 0.32608695652173914 0.17725752508361203 0.23745819397993312
6 0.7775919732441472 0.6070234113712375 0.25585284280936454 0.225752508361204
6 0.8695652173913043 0.28929765886287623 0.22742474916387959 0.23745819397993312
6 0.6387959866220736 0.8160535117056856 0.23411371237458195 0.24247491638795987
6 0.5050167224080268 0.16722408026755853 0.24581939799331104 0.23076923076923078