6 0.5117056856187291 0.011705685618729096 0.24749163879598662 0.023411371237458192
5 0.2826086956521739 0.5033444816053512 0.11371237458193979 0.11538461538461539
6 0.09364548494983277 0.9816053511705686 0.18561872909698995 0.03511705685618729
3 0.5384615384615384 0.5050167224080268 0.5167224080267558 0.7642140468227425
6 0.0451505016722408 0.0802675585284281 0.0903010033444816 0.1588628762541806
6 0.5117056856187291 0.09364548494983277 0.2993311036789298 0.18729096989966554
6 0.7759197324414716 0.18227424749163879 0.23076923076923078 0.23745819397993312
6 0.9214046822742475 0.28595317725752506 0.14715719063545152 0.24581939799331104
6 0.7391304347826086 0.048494983277591976 0.23411371237458195 0.09698996655518395
6 0.9147157190635451 0.08695652173913043 0.1705685618729097 0.17391304347826086
6 0.05518394648829431 0.7842809364548495 0.11036789297658862 0.3060200668896321
6 0.822742474916388 0.44648829431438125 0.18561872909698995 0.27591973244147155
6 0.2826086956521739 0.9247491638795987 0.22408026755852842 0.1505016722408027
6 0.7140468227424749 0.8177257525083612 0.24581939799331104 0.29264214046822745
6 0.5133779264214047 0.9180602006688964 0.23411371237458195 0.16220735785953178
6 0.11538461538461539 0.3862876254180602 0.23076923076923078 0.2976588628762542
6 0.2525083612040134 0.7240802675585284 0.26755852842809363 0.2508361204013378