6 0.979933110367893 0.15719063545150502 0.038461538461538464 0.19899665551839466
6 0.01839464882943144 0.9063545150501672 0.03511705685618729 0.18729096989966554
3 0.5100334448160535 0.49665551839464883 0.5100334448160535 0.520066889632107
6 0.9632107023411371 0.3862876254180602 0.07023411371237458 0.22073578595317725
5 0.3745819397993311 0.07692307692307693 0.07859531772575251 0.07190635451505016
6 0.919732441471572 0.030100334448160536 0.15551839464882944 0.06020066889632107
6 0.15719063545150502 0.9665551839464883 0.2157190635451505 0.06688963210702341
6 0.568561872909699 0.9548494983277592 0.2140468227424749 0.0903010033444816
6 0.07190635451505016 0.5986622073578596 0.14214046822742474 0.22909698996655517
6 0.5568561872909699 0.07190635451505016 0.2709030100334448 0.14381270903010032
6 0.8745819397993311 0.8946488294314381 0.2391304347826087 0.20903010033444816
6 0.3411371237458194 0.8896321070234113 0.22073578595317725 0.22073578595317725
6 0.07525083612040134 0.12709030100334448 0.1505016722408027 0.23745819397993312
6 0.8093645484949833 0.2508361204013378 0.23411371237458195 0.24247491638795987
6 0.18729096989966554 0.39464882943143814 0.23076923076923078 0.22909698996655517
6 0.5117056856187291 0.822742474916388 0.2525083612040134 0.1956521739130435
6 0.16220735785953178 0.7591973244147158 0.24749163879598662 0.24581939799331104