5 0.8244147157190636 0.6120401337792643 0.12207357859531773 0.08862876254180602
6 0.05351170568561873 0.5334448160535117 0.10702341137123746 0.24581939799331104
6 0.9632107023411371 0.33277591973244147 0.07357859531772576 0.2508361204013378
3 0.5083612040133779 0.4782608695652174 0.5551839464882943 0.560200668896321
6 0.9682274247491639 0.6137123745819398 0.06354515050167224 0.24247491638795987
6 0.04013377926421405 0.18561872909698995 0.0802675585284281 0.23745819397993312
6 0.8260869565217391 0.5852842809364549 0.20903010033444816 0.22408026755852842
6 0.9448160535117057 0.9698996655518395 0.10869565217391304 0.06020066889632107
6 0.451505016722408 0.9648829431438127 0.23578595317725753 0.06856187290969899
6 0.06856187290969899 0.657190635451505 0.1354515050167224 0.21237458193979933
6 0.9247491638795987 0.13879598662207357 0.1454849498327759 0.22408026755852842
6 0.23076923076923078 0.9481605351170569 0.22742474916387959 0.10367892976588629
6 0.6187290969899666 0.8645484949832776 0.22240802675585283 0.225752508361204
6 0.5133779264214047 0.05518394648829431 0.2391304347826087 0.11036789297658862
6 0.7508361204013378 0.07023411371237458 0.23578595317725753 0.14046822742474915
6 0.5083612040133779 0.8678929765886287 0.18896321070234115 0.17224080267558528
6 0.8177257525083612 0.9214046822742475 0.21070234113712374 0.15719063545150502
6 0.20066889632107024 0.5434782608695652 0.22240802675585283 0.23745819397993312
6 0.10702341137123746 0.8494983277591973 0.2140468227424749 0.21906354515050167
6 0.8344481605351171 0.32274247491638797 0.23076923076923078 0.2491638795986622
6 0.3294314381270903 0.1505016722408027 0.2591973244147157 0.1956521739130435
6 0.11204013377926421 0.33444816053511706 0.22408026755852842 0.24749163879598662