3 0.49665551839464883 0.5083612040133779 0.5117056856187291 0.5267558528428093
6 0.8260869565217391 0.38127090301003347 0.2140468227424749 0.20903010033444816
5 0.8344481605351171 0.9749163879598662 0.08193979933110368 0.05016722408026756
6 0.03511705685618729 0.09364548494983277 0.07023411371237458 0.18729096989966554
6 0.40468227424749165 0.9498327759197325 0.23411371237458195 0.10033444816053512
6 0.12040133779264214 0.03511705685618729 0.19732441471571907 0.06856187290969899
6 0.6939799331103679 0.03678929765886288 0.23745819397993312 0.07357859531772576
6 0.15384615384615385 0.47157190635451507 0.22240802675585283 0.20903010033444816
6 0.9364548494983278 0.9548494983277592 0.12040133779264214 0.08862876254180602
6 0.9515050167224081 0.7876254180602007 0.09197324414715718 0.23745819397993312
6 0.9013377926421404 0.45484949832775917 0.19230769230769232 0.23076923076923078
6 0.06688963210702341 0.5167224080267558 0.13210702341137123 0.2525083612040134
6 0.568561872909699 0.8444816053511706 0.22073578595317725 0.205685618729097
6 0.8210702341137124 0.6755852842809364 0.2391304347826087 0.20234113712374582
6 0.1939799331103679 0.6906354515050167 0.20066889632107024 0.2157190635451505
6 0.9046822742474916 0.18227424749163879 0.18561872909698995 0.22909698996655517
6 0.2826086956521739 0.2709030100334448 0.20903010033444816 0.21237458193979933
6 0.09364548494983277 0.2725752508361204 0.18561872909698995 0.20903010033444816
6 0.08361204013377926 0.8678929765886287 0.16722408026755853 0.24247491638795987