6 0.9866220735785953 0.6053511705685619 0.026755852842809364 0.20735785953177258
6 0.05518394648829431 0.6889632107023411 0.11036789297658862 0.24749163879598662
3 0.5033444816053512 0.49665551839464883 0.4214046822742475 0.4431438127090301
6 0.07859531772575251 0.9698996655518395 0.15719063545150502 0.06020066889632107
5 0.2491638795986622 0.5953177257525084 0.07525083612040134 0.07859531772575251
5 0.2157190635451505 0.2525083612040134 0.08862876254180602 0.09364548494983277
6 0.21237458193979933 0.048494983277591976 0.23076923076923078 0.09698996655518395
6 0.6321070234113713 0.05518394648829431 0.23076923076923078 0.11036789297658862
6 0.431438127090301 0.06688963210702341 0.19063545150501673 0.13377926421404682
6 0.45652173913043476 0.9414715719063546 0.22073578595317725 0.11538461538461539
6 0.5267558528428093 0.794314381270903 0.20234113712374582 0.21906354515050167
6 0.06856187290969899 0.4214046822742475 0.1354515050167224 0.2157190635451505
6 0.9381270903010034 0.1705685618729097 0.12040133779264214 0.20903010033444816
6 0.9381270903010034 0.431438127090301 0.12040133779264214 0.22408026755852842
6 0.2408026755852843 0.38461538461538464 0.24581939799331104 0.21237458193979933
6 0.10869565217391304 0.8110367892976589 0.2140468227424749 0.2157190635451505
6 0.25752508361204013 0.9113712374581939 0.19732441471571907 0.17725752508361203
6 0.7290969899665551 0.8862876254180602 0.23076923076923078 0.22408026755852842
6 0.32441471571906355 0.7374581939799331 0.22742474916387959 0.20234113712374582
6 0.7692307692307693 0.16722408026755853 0.22240802675585283 0.19899665551839466
6 0.08528428093645485 0.15719063545150502 0.1705685618729097 0.20066889632107024
6 0.7959866220735786 0.36622073578595316 0.21906354515050167 0.2040133779264214
6 0.9163879598662207 0.8812709030100334 0.1605351170568562 0.23745819397993312