6 0.04180602006688963 0.9230769230769231 0.08361204013377926 0.14715719063545152
6 0.9782608695652174 0.06688963210702341 0.03511705685618729 0.13377926421404682
6 0.2157190635451505 0.7926421404682275 0.2391304347826087 0.2842809364548495
3 0.49665551839464883 0.4765886287625418 0.5100334448160535 0.7441471571906354
6 0.6872909698996655 0.020066889632107024 0.22073578595317725 0.038461538461538464
6 0.40468227424749165 0.9749163879598662 0.205685618729097 0.05016722408026756
6 0.7809364548494984 0.5852842809364549 0.22240802675585283 0.23411371237458195
6 0.3110367892976589 0.05016722408026756 0.22742474916387959 0.10033444816053512
6 0.46488294314381273 0.919732441471572 0.22073578595317725 0.1605351170568562
6 0.12876254180602006 0.9682274247491639 0.2508361204013378 0.06354515050167224
6 0.8645484949832776 0.03678929765886288 0.18394648829431437 0.07357859531772576
6 0.754180602006689 0.342809364548495 0.19230769230769232 0.22909698996655517
6 0.939799331103679 0.5033444816053512 0.12040133779264214 0.2157190635451505
6 0.6839464882943144 0.8545150501672241 0.20735785953177258 0.27591973244147155
6 0.12709030100334448 0.09197324414715718 0.2525083612040134 0.18394648829431437
6 0.9180602006688964 0.9063545150501672 0.1588628762541806 0.18729096989966554
6 0.6605351170568562 0.12876254180602006 0.2391304347826087 0.22408026755852842
6 0.07859531772575251 0.29431438127090304 0.15551839464882944 0.24247491638795987
6 0.8612040133779264 0.1688963210702341 0.2508361204013378 0.20234113712374582
6 0.8913043478260869 0.6923076923076923 0.2140468227424749 0.21906354515050167
6 0.10869565217391304 0.6722408026755853 0.21739130434782608 0.2591973244147157
6 0.05518394648829431 0.5852842809364549 0.11036789297658862 0.2692307692307692