6 0.3779264214046823 0.008361204013377926 0.18394648829431437 0.016722408026755852
3 0.5117056856187291 0.5066889632107023 0.44481605351170567 0.6287625418060201
6 0.9632107023411371 0.2993311036789298 0.07023411371237458 0.21906354515050167
6 0.9531772575250836 0.5267558528428093 0.09197324414715718 0.2408026755852843
6 0.7575250836120402 0.9698996655518395 0.23745819397993312 0.06020066889632107
6 0.8745819397993311 0.9230769230769231 0.22408026755852842 0.15384615384615385
6 0.8963210702341137 0.056856187290969896 0.20066889632107024 0.11204013377926421
6 0.07023411371237458 0.717391304347826 0.13879598662207357 0.22408026755852842
6 0.225752508361204 0.8578595317725752 0.2508361204013378 0.2408026755852843
6 0.7224080267558528 0.8060200668896321 0.22742474916387959 0.22909698996655517
6 0.8010033444816054 0.21237458193979933 0.19732441471571907 0.2525083612040134
6 0.13043478260869565 0.39297658862876256 0.23411371237458195 0.22073578595317725
6 0.2826086956521739 0.10367892976588629 0.23076923076923078 0.205685618729097
6 0.9096989966555183 0.7357859531772575 0.17558528428093645 0.225752508361204
6 0.6086956521739131 0.12876254180602006 0.22742474916387959 0.23411371237458195
6 0.20903010033444816 0.6137123745819398 0.24581939799331104 0.25752508361204013