3 0.49665551839464883 0.5066889632107023 0.4280936454849498 0.49665551839464883
6 0.026755852842809364 0.4013377926421405 0.05351170568561873 0.2391304347826087
6 0.9732441471571907 0.2625418060200669 0.05351170568561873 0.22408026755852842
6 0.05016722408026756 0.8494983277591973 0.10033444816053512 0.25585284280936454
6 0.15384615384615385 0.6806020066889632 0.2709030100334448 0.2709030100334448
6 0.8561872909698997 0.3511705685618729 0.2508361204013378 0.23411371237458195
6 0.2608695652173913 0.9782608695652174 0.24581939799331104 0.04180602006688963
6 0.2408026755852843 0.03678929765886288 0.22742474916387959 0.07357859531772576
6 0.9297658862876255 0.49665551839464883 0.13879598662207357 0.25585284280936454
6 0.06521739130434782 0.048494983277591976 0.13043478260869565 0.09698996655518395
6 0.06856187290969899 0.6137123745819398 0.1354515050167224 0.23076923076923078
6 0.07357859531772576 0.20066889632107024 0.14715719063545152 0.2157190635451505
6 0.7842809364548495 0.568561872909699 0.20234113712374582 0.23411371237458195
6 0.8762541806020067 0.06688963210702341 0.23578595317725753 0.13210702341137123
6 0.32274247491638797 0.8394648829431438 0.2809364548494983 0.2525083612040134
6 0.2408026755852843 0.15551839464882944 0.20066889632107024 0.23411371237458195
6 0.1956521739130435 0.479933110367893 0.24247491638795987 0.23745819397993312
6 0.5986622073578596 0.19230769230769232 0.2525083612040134 0.225752508361204
6 0.6220735785953178 0.8377926421404682 0.24581939799331104 0.23745819397993312
6 0.8394648829431438 0.7157190635451505 0.23411371237458195 0.22073578595317725