6 0.5719063545150501 0.9080267558528428 0.24247491638795987 0.17892976588628762
6 0.8812709030100334 0.28762541806020064 0.23076923076923078 0.21237458193979933
3 0.5217391304347826 0.5217391304347826 0.49665551839464883 0.6705685618729097
6 0.9632107023411371 0.5066889632107023 0.07357859531772576 0.2842809364548495
6 0.9765886287625418 0.08361204013377926 0.046822742474916385 0.16722408026755853
6 0.020066889632107024 0.8294314381270903 0.038461538461538464 0.2157190635451505
6 0.5869565217391305 0.9816053511705686 0.24749163879598662 0.03511705685618729
6 0.9013377926421404 0.9230769230769231 0.19732441471571907 0.15384615384615385
6 0.6923076923076923 0.2525083612040134 0.225752508361204 0.2508361204013378
6 0.8160535117056856 0.02508361204013378 0.23411371237458195 0.05016722408026756
4 0.08528428093645485 0.48494983277591974 0.1705685618729097 0.43478260869565216
6 0.22408026755852842 0.19063545150501673 0.20903010033444816 0.23411371237458195
6 0.7040133779264214 0.9364548494983278 0.2508361204013378 0.12709030100334448
6 0.8461538461538461 0.5250836120401338 0.23076923076923078 0.2976588628762542
6 0.13377926421404682 0.939799331103679 0.23578595317725753 0.11872909698996656
6 0.6806020066889632 0.07525083612040134 0.25752508361204013 0.1505016722408027
6 0.8963210702341137 0.7692307692307693 0.20234113712374582 0.24749163879598662
6 0.22073578595317725 0.6939799331103679 0.29264214046822745 0.25752508361204013
6 0.2508361204013378 0.45819397993311034 0.21070234113712374 0.23411371237458195
6 0.7023411371237458 0.7675585284280937 0.2591973244147157 0.2508361204013378
6 0.862876254180602 0.16387959866220736 0.26421404682274247 0.21906354515050167
6 0.3595317725752508 0.8745819397993311 0.24581939799331104 0.2508361204013378
6 0.46488294314381273 0.12207357859531773 0.2391304347826087 0.22909698996655517
6 0.10367892976588629 0.18896321070234115 0.205685618729097 0.23411371237458195
3 0.15384615384615385 0.8929765886287625 0.22742474916387959 0.20903010033444816