6 0.9866220735785953 0.09531772575250837 0.026755852842809364 0.19063545150501673
3 0.5083612040133779 0.5100334448160535 0.43478260869565216 0.6505016722408027
6 0.9816053511705686 0.8678929765886287 0.03678929765886288 0.19732441471571907
5 0.8996655518394648 0.011705685618729096 0.08361204013377926 0.021739130434782608
5 0.5167224080267558 0.8795986622073578 0.09364548494983277 0.08361204013377926
6 0.1505016722408027 0.9431438127090301 0.22073578595317725 0.11371237458193979
6 0.9431438127090301 0.3377926421404682 0.10869565217391304 0.23411371237458195
6 0.12207357859531773 0.7759197324414716 0.24414715719063546 0.22073578595317725
6 0.205685618729097 0.056856187290969896 0.2408026755852843 0.11204013377926421
6 0.7424749163879598 0.07525083612040134 0.2140468227424749 0.1505016722408027
6 0.2157190635451505 0.617056856187291 0.20234113712374582 0.26588628762541805
6 0.842809364548495 0.9147157190635451 0.22073578595317725 0.1705685618729097
6 0.0802675585284281 0.46321070234113715 0.1605351170568562 0.22073578595317725
6 0.7491638795986622 0.7374581939799331 0.2140468227424749 0.2157190635451505