6 0.15384615384615385 0.9832775919732442 0.24749163879598662 0.033444816053511704
6 0.01839464882943144 0.10535117056856187 0.03511705685618729 0.17725752508361203
5 0.9782608695652174 0.7692307692307693 0.043478260869565216 0.08193979933110368
3 0.5367892976588629 0.47491638795986624 0.5066889632107023 0.5050167224080268
6 0.882943143812709 0.9765886287625418 0.225752508361204 0.046822742474916385
6 0.9632107023411371 0.2391304347826087 0.07357859531772576 0.27424749163879597
6 0.6337792642140468 0.9665551839464883 0.23411371237458195 0.06521739130434782
6 0.17725752508361203 0.13043478260869565 0.29264214046822745 0.24247491638795987
6 0.6872909698996655 0.09531772575250837 0.26421404682274247 0.19063545150501673
6 0.11705685618729098 0.3394648829431438 0.23244147157190637 0.25418060200668896
6 0.2809364548494983 0.8846153846153846 0.2408026755852843 0.23076923076923078
6 0.11204013377926421 0.8010033444816054 0.22408026755852842 0.2508361204013378
6 0.18729096989966554 0.5183946488294314 0.2591973244147157 0.2140468227424749
6 0.5050167224080268 0.8678929765886287 0.2508361204013378 0.21739130434782608