3 0.4983277591973244 0.49665551839464883 0.5100334448160535 0.5351170568561873
6 0.959866220735786 0.08862876254180602 0.07525083612040134 0.17725752508361203
6 0.04180602006688963 0.6488294314381271 0.08361204013377926 0.23578595317725753
6 0.3511705685618729 0.9749163879598662 0.2525083612040134 0.05016722408026756
6 0.9297658862876255 0.9046822742474916 0.13377926421404682 0.19063545150501673
6 0.939799331103679 0.5903010033444817 0.11371237458193979 0.20234113712374582
6 0.9414715719063546 0.2809364548494983 0.11036789297658862 0.18729096989966554
6 0.903010033444816 0.7876254180602007 0.18896321070234115 0.22073578595317725
6 0.1956521739130435 0.07859531772575251 0.26755852842809363 0.15551839464882944
6 0.7959866220735786 0.0903010033444816 0.21906354515050167 0.17892976588628762
6 0.6739130434782609 0.8762541806020067 0.22073578595317725 0.23745819397993312
6 0.7842809364548495 0.6454849498327759 0.21739130434782608 0.21906354515050167
6 0.22073578595317725 0.8762541806020067 0.22073578595317725 0.23745819397993312
6 0.451505016722408 0.8193979933110368 0.26421404682274247 0.21237458193979933
6 0.07692307692307693 0.27759197324414714 0.15384615384615385 0.23745819397993312
6 0.19063545150501673 0.6471571906354515 0.22073578595317725 0.23076923076923078
6 0.29431438127090304 0.2391304347826087 0.24414715719063546 0.23076923076923078
6 0.7909698996655519 0.3076923076923077 0.22742474916387959 0.2508361204013378
6 0.4816053511705686 0.11036789297658862 0.25752508361204013 0.22073578595317725