6 0.1939799331103679 0.010033444816053512 0.23411371237458195 0.01839464882943144
3 0.5033444816053512 0.4983277591973244 0.411371237458194 0.4180602006688963
6 0.979933110367893 0.11538461538461539 0.038461538461538464 0.2157190635451505
6 0.9749163879598662 0.45652173913043476 0.05016722408026756 0.21906354515050167
6 0.026755852842809364 0.8879598662207357 0.05351170568561873 0.22408026755852842
6 0.6755852842809364 0.030100334448160536 0.26588628762541805 0.06020066889632107
6 0.4080267558528428 0.9749163879598662 0.2391304347826087 0.05016722408026756
6 0.06521739130434782 0.08361204013377926 0.13043478260869565 0.16555183946488294
6 0.9147157190635451 0.9331103678929766 0.16722408026755853 0.13210702341137123
6 0.061872909698996656 0.6304347826086957 0.12374581939799331 0.23745819397993312
6 0.2157190635451505 0.6454849498327759 0.205685618729097 0.21237458193979933
6 0.9163879598662207 0.7474916387959866 0.16387959866220736 0.24581939799331104
6 0.7692307692307693 0.3595317725752508 0.21070234113712374 0.18394648829431437
6 0.23411371237458195 0.8879598662207357 0.23578595317725753 0.22408026755852842
6 0.11705685618729098 0.39464882943143814 0.23244147157190637 0.2608695652173913
6 0.44481605351170567 0.8244147157190636 0.21739130434782608 0.22408026755852842
6 0.32608695652173914 0.2709030100334448 0.24749163879598662 0.225752508361204
6 0.862876254180602 0.540133779264214 0.2525083612040134 0.23076923076923078
6 0.6555183946488294 0.7575250836120402 0.23411371237458195 0.22073578595317725
6 0.7558528428093646 0.1588628762541806 0.26755852842809363 0.23411371237458195