6 0.745819397993311 0.9849498327759197 0.24749163879598662 0.030100334448160536
6 0.9682274247491639 0.40468227424749165 0.061872909698996656 0.2391304347826087
2 0.47157190635451507 0.4765886287625418 0.5117056856187291 0.4983277591973244
6 0.46488294314381273 0.030100334448160536 0.25418060200668896 0.06020066889632107
6 0.9615384615384616 0.16220735785953178 0.07692307692307693 0.205685618729097
6 0.9096989966555183 0.06521739130434782 0.17558528428093645 0.13043478260869565
6 0.08528428093645485 0.6655518394648829 0.1705685618729097 0.20066889632107024
5 0.8311036789297659 0.6638795986622074 0.09866220735785954 0.09197324414715718
6 0.10702341137123746 0.47324414715719065 0.21237458193979933 0.2508361204013378
6 0.3595317725752508 0.7675585284280937 0.2709030100334448 0.2140468227424749
6 0.43645484949832775 0.9247491638795987 0.23745819397993312 0.1505016722408027
6 0.6989966555183946 0.6722408026755853 0.22240802675585283 0.2508361204013378
6 0.26755852842809363 0.0903010033444816 0.2408026755852843 0.1806020066889632
6 0.09364548494983277 0.8779264214046822 0.18729096989966554 0.24414715719063546
6 0.08695652173913043 0.13377926421404682 0.17391304347826086 0.24749163879598662
6 0.5785953177257525 0.10367892976588629 0.2625418060200669 0.205685618729097
6 0.6354515050167224 0.882943143812709 0.24414715719063546 0.23244147157190637