6 0.015050167224080268 0.7391304347826086 0.030100334448160536 0.20735785953177258
6 0.8210702341137124 0.5518394648829431 0.22073578595317725 0.27759197324414714
6 0.21906354515050167 0.7290969899665551 0.23411371237458195 0.27424749163879597
6 0.18227424749163879 0.33444816053511706 0.26421404682274247 0.22408026755852842
6 0.7190635451505016 0.048494983277591976 0.23411371237458195 0.09698996655518395
6 0.9013377926421404 0.5518394648829431 0.18561872909698995 0.26755852842809363
2 0.5033444816053512 0.49665551839464883 0.43478260869565216 0.4431438127090301
6 0.19230769230769232 0.45819397993311034 0.23578595317725753 0.25585284280936454
6 0.051839464882943144 0.21237458193979933 0.10367892976588629 0.23745819397993312
6 0.13377926421404682 0.774247491638796 0.20234113712374582 0.23076923076923078
6 0.8913043478260869 0.30434782608695654 0.2140468227424749 0.205685618729097
6 0.7441471571906354 0.11705685618729098 0.2391304347826087 0.21237458193979933
6 0.07190635451505016 0.9381270903010034 0.14381270903010032 0.12040133779264214
6 0.27591973244147155 0.931438127090301 0.2709030100334448 0.13712374581939799
6 0.9230769230769231 0.10702341137123746 0.15384615384615385 0.2140468227424749
6 0.7775919732441472 0.794314381270903 0.22742474916387959 0.2157190635451505
6 0.49331103678929766 0.8294314381270903 0.24749163879598662 0.225752508361204
6 0.35785953177257523 0.11204013377926421 0.2709030100334448 0.22408026755852842