6 0.13210702341137123 0.9916387959866221 0.18561872909698995 0.016722408026755852
6 0.010033444816053512 0.18394648829431437 0.01839464882943144 0.2040133779264214
6 0.07023411371237458 0.010033444816053512 0.13879598662207357 0.01839464882943144
6 0.9765886287625418 0.5100334448160535 0.0451505016722408 0.17391304347826086
6 0.17391304347826086 0.4397993311036789 0.20903010033444816 0.205685618729097
6 0.4431438127090301 0.9548494983277592 0.24749163879598662 0.0903010033444816
6 0.026755852842809364 0.47491638795986624 0.05351170568561873 0.23411371237458195
3 0.5117056856187291 0.47157190635451507 0.6254180602006689 0.6672240802675585
5 0.03511705685618729 0.9665551839464883 0.07023411371237458 0.06688963210702341
6 0.051839464882943144 0.7040133779264214 0.10367892976588629 0.22408026755852842
6 0.14214046822742474 0.3394648829431438 0.22073578595317725 0.20903010033444816
6 0.9464882943143813 0.27759197324414714 0.10702341137123746 0.20903010033444816
6 0.44648829431438125 0.8695652173913043 0.25585284280936454 0.21237458193979933
6 0.3996655518394649 0.07190635451505016 0.23411371237458195 0.14381270903010032
6 0.8762541806020067 0.7140468227424749 0.23076923076923078 0.21237458193979933
6 0.15719063545150502 0.09698996655518395 0.24749163879598662 0.1939799331103679
6 0.7959866220735786 0.06856187290969899 0.25752508361204013 0.13712374581939799
6 0.8745819397993311 0.5117056856187291 0.21739130434782608 0.24247491638795987
6 0.1588628762541806 0.6454849498327759 0.1956521739130435 0.21906354515050167