6 0.010033444816053512 0.056856187290969896 0.01839464882943144 0.11036789297658862
3 0.49498327759197325 0.42642140468227424 0.47157190635451507 0.7642140468227425
6 0.5702341137123745 0.9882943143812709 0.205685618729097 0.021739130434782608
6 0.9832775919732442 0.18227424749163879 0.033444816053511704 0.2040133779264214
5 0.9715719063545151 0.342809364548495 0.05351170568561873 0.0903010033444816
6 0.028428093645484948 0.24247491638795987 0.056856187290969896 0.22408026755852842
6 0.9414715719063546 0.46153846153846156 0.11705685618729098 0.17391304347826086
6 0.030100334448160536 0.7274247491638796 0.06020066889632107 0.2157190635451505
6 0.9515050167224081 0.03511705685618729 0.09698996655518395 0.06856187290969899
6 0.17224080267558528 0.9698996655518395 0.205685618729097 0.06020066889632107
6 0.05016722408026756 0.9096989966555183 0.10033444816053512 0.17892976588628762
6 0.9280936454849499 0.6421404682274248 0.13879598662207357 0.2157190635451505
6 0.10367892976588629 0.09531772575250837 0.20234113712374582 0.19063545150501673
6 0.6304347826086957 0.07859531772575251 0.23076923076923078 0.15551839464882944
6 0.8461538461538461 0.11204013377926421 0.20903010033444816 0.22408026755852842
6 0.7558528428093646 0.32441471571906355 0.2157190635451505 0.2157190635451505
6 0.8812709030100334 0.8862876254180602 0.22742474916387959 0.22073578595317725
6 0.6438127090301003 0.8695652173913043 0.2391304347826087 0.22073578595317725
6 0.2591973244147157 0.7809364548494984 0.2391304347826087 0.23411371237458195
6 0.13377926421404682 0.5702341137123745 0.26755852842809363 0.21739130434782608