6 0.931438127090301 0.8177257525083612 0.13043478260869565 0.2625418060200669
6 0.9364548494983278 0.08695652173913043 0.12207357859531773 0.17391304347826086
6 0.9765886287625418 0.7274247491638796 0.046822742474916385 0.225752508361204
6 0.046822742474916385 0.520066889632107 0.09364548494983277 0.2525083612040134
6 0.016722408026755852 0.2391304347826087 0.033444816053511704 0.225752508361204
6 0.9414715719063546 0.9715719063545151 0.10869565217391304 0.056856187290969896
6 0.20066889632107024 0.9832775919732442 0.2140468227424749 0.033444816053511704
6 0.8411371237458194 0.3093645484949833 0.2809364548494983 0.27591973244147155
6 0.959866220735786 0.47491638795986624 0.07525083612040134 0.26755852842809363
3 0.49331103678929766 0.5016722408026756 0.5468227424749164 0.5451505016722408
6 0.7408026755852842 0.9715719063545151 0.24414715719063546 0.056856187290969896
6 0.9130434782608695 0.23745819397993312 0.17391304347826086 0.22742474916387959
5 0.6036789297658863 0.23578595317725753 0.06020066889632107 0.05852842809364549
6 0.05016722408026756 0.07023411371237458 0.10033444816053512 0.14046822742474915
6 0.5635451505016722 0.03511705685618729 0.2842809364548495 0.07023411371237458
6 0.11872909698996656 0.5434782608695652 0.23076923076923078 0.25585284280936454
6 0.8361204013377926 0.5769230769230769 0.2508361204013378 0.2508361204013378
6 0.21739130434782608 0.07357859531772576 0.2408026755852843 0.14715719063545152
6 0.3862876254180602 0.9297658862876255 0.24581939799331104 0.14046822742474915
6 0.5836120401337793 0.8678929765886287 0.2909698996655518 0.2591973244147157
6 0.07859531772575251 0.9080267558528428 0.15719063545150502 0.18227424749163879
6 0.15384615384615385 0.25418060200668896 0.2508361204013378 0.24581939799331104
6 0.6605351170568562 0.14381270903010032 0.23411371237458195 0.21906354515050167
6 0.38127090301003347 0.17725752508361203 0.24247491638795987 0.2157190635451505
6 0.3010033444816054 0.7591973244147158 0.24749163879598662 0.23411371237458195
6 0.7709030100334449 0.7107023411371237 0.22408026755852842 0.23076923076923078