6 0.021739130434782608 0.6321070234113713 0.043478260869565216 0.20234113712374582
6 0.026755852842809364 0.09364548494983277 0.05351170568561873 0.18227424749163879
6 0.6153846153846154 0.9832775919732442 0.22742474916387959 0.033444816053511704
6 0.03678929765886288 0.9080267558528428 0.07357859531772576 0.17725752508361203
6 0.6137123745819398 0.8612040133779264 0.2842809364548495 0.2391304347826087
6 0.9765886287625418 0.4397993311036789 0.046822742474916385 0.21237458193979933
3 0.4899665551839465 0.5167224080267558 0.596989966555184 0.725752508361204
6 0.7491638795986622 0.0903010033444816 0.23244147157190637 0.1806020066889632
6 0.09866220735785954 0.015050167224080268 0.19732441471571907 0.030100334448160536
6 0.8963210702341137 0.9648829431438127 0.20066889632107024 0.06856187290969899
6 0.07190635451505016 0.68561872909699 0.14214046822742474 0.225752508361204
6 0.5518394648829431 0.05351170568561873 0.21906354515050167 0.10702341137123746
6 0.1806020066889632 0.9431438127090301 0.2909698996655518 0.11371237458193979
6 0.842809364548495 0.6204013377926422 0.24749163879598662 0.26755852842809363
6 0.12876254180602006 0.33277591973244147 0.21739130434782608 0.22909698996655517
6 0.8578595317725752 0.36789297658862874 0.2157190635451505 0.25585284280936454
6 0.23411371237458195 0.7525083612040134 0.27424749163879597 0.25585284280936454
6 0.2525083612040134 0.0802675585284281 0.21906354515050167 0.1588628762541806
6 0.9130434782608695 0.1488294314381271 0.1705685618729097 0.23745819397993312
6 0.1939799331103679 0.2692307692307692 0.24247491638795987 0.22073578595317725
6 0.9247491638795987 0.7140468227424749 0.1505016722408027 0.2508361204013378