3 0.5117056856187291 0.5434782608695652 0.5066889632107023 0.5551839464882943
0 0.5050167224080268 0.5351170568561873 0.4882943143812709 0.5384615384615384
6 0.24247491638795987 0.6521739130434783 0.2976588628762542 0.2508361204013378
6 0.03511705685618729 0.8294314381270903 0.07023411371237458 0.3210702341137124
6 0.9464882943143813 0.6939799331103679 0.10702341137123746 0.29264214046822745
6 0.5501672240802675 0.04180602006688963 0.27759197324414714 0.08361204013377926
6 0.3729096989966555 0.9297658862876255 0.23076923076923078 0.14046822742474915
6 0.919732441471572 0.07023411371237458 0.1588628762541806 0.14046822742474915
6 0.12876254180602006 0.9280936454849499 0.25585284280936454 0.14381270903010032
6 0.09531772575250837 0.10367892976588629 0.18896321070234115 0.205685618729097
6 0.7424749163879598 0.3394648829431438 0.23076923076923078 0.2809364548494983
6 0.9113712374581939 0.4280936454849498 0.17224080267558528 0.2826086956521739
6 0.7642140468227425 0.10869565217391304 0.27759197324414714 0.21739130434782608