3 0.40468227424749165 0.4431438127090301 0.32441471571906355 0.6070234113712375
3 0.5117056856187291 0.596989966555184 0.5133779264214047 0.44648829431438125
6 0.05351170568561873 0.6321070234113713 0.10702341137123746 0.23745819397993312
6 0.8377926421404682 0.6505016722408027 0.23076923076923078 0.23076923076923078
6 0.6454849498327759 0.931438127090301 0.23076923076923078 0.13712374581939799
6 0.6304347826086957 0.0802675585284281 0.26588628762541805 0.1588628762541806
6 0.10535117056856187 0.1505016722408027 0.21070234113712374 0.205685618729097
6 0.6421404682274248 0.2909698996655518 0.22240802675585283 0.21906354515050167
6 0.4397993311036789 0.8745819397993311 0.24247491638795987 0.2508361204013378
6 0.8193979933110368 0.8678929765886287 0.2608695652173913 0.20903010033444816
6 0.13210702341137123 0.4096989966555184 0.2408026755852843 0.21906354515050167
6 0.9080267558528428 0.11538461538461539 0.17892976588628762 0.23076923076923078