6 0.8812709030100334 0.794314381270903 0.20735785953177258 0.26755852842809363
6 0.9080267558528428 0.9063545150501672 0.18394648829431437 0.18729096989966554
6 0.05852842809364549 0.7290969899665551 0.11705685618729098 0.23076923076923078
6 0.9749163879598662 0.5568561872909699 0.05016722408026756 0.225752508361204
6 0.16555183946488294 0.9782608695652174 0.2508361204013378 0.04180602006688963
3 0.5100334448160535 0.49665551839464883 0.5468227424749164 0.6421404682274248
6 0.41471571906354515 0.015050167224080268 0.20735785953177258 0.030100334448160536
6 0.9464882943143813 0.32274247491638797 0.10367892976588629 0.2408026755852843
6 0.28595317725752506 0.9464882943143813 0.22742474916387959 0.10702341137123746
6 0.028428093645484948 0.47157190635451507 0.056856187290969896 0.26588628762541805
6 0.3093645484949833 0.2140468227424749 0.20903010033444816 0.21906354515050167
6 0.6839464882943144 0.8193979933110368 0.2391304347826087 0.25585284280936454
6 0.6505016722408027 0.9765886287625418 0.23411371237458195 0.046822742474916385
6 0.8277591973244147 0.05351170568561873 0.24581939799331104 0.10702341137123746
6 0.056856187290969896 0.10033444816053512 0.11371237458193979 0.20066889632107024
6 0.24414715719063546 0.7709030100334449 0.2391304347826087 0.23076923076923078
6 0.431438127090301 0.14214046822742474 0.24749163879598662 0.17892976588628762
6 0.21739130434782608 0.061872909698996656 0.225752508361204 0.12374581939799331
6 0.16220735785953178 0.5 0.22073578595317725 0.22408026755852842
6 0.8461538461538461 0.205685618729097 0.2591973244147157 0.22408026755852842
6 0.8494983277591973 0.5117056856187291 0.22240802675585283 0.2508361204013378
6 0.11036789297658862 0.28595317725752506 0.22073578595317725 0.22408026755852842