6 0.3779264214046823 0.015050167224080268 0.20066889632107024 0.030100334448160536
6 0.9648829431438127 0.8929765886287625 0.07023411371237458 0.21237458193979933
6 0.7709030100334449 0.9782608695652174 0.20735785953177258 0.043478260869565216
3 0.5033444816053512 0.4765886287625418 0.5066889632107023 0.5986622073578596
6 0.36622073578595316 0.9782608695652174 0.225752508361204 0.04180602006688963
6 0.8361204013377926 0.9297658862876255 0.22240802675585283 0.14046822742474915
2 0.8461538461538461 0.5234113712374582 0.28595317725752506 0.29264214046822745
6 0.9515050167224081 0.6923076923076923 0.09698996655518395 0.22073578595317725
6 0.046822742474916385 0.8762541806020067 0.09364548494983277 0.23411371237458195
6 0.3729096989966555 0.26421404682274247 0.225752508361204 0.2157190635451505
6 0.05351170568561873 0.6521739130434783 0.10702341137123746 0.23578595317725753
6 0.056856187290969896 0.1488294314381271 0.11371237458193979 0.22073578595317725
6 0.056856187290969896 0.3612040133779264 0.11371237458193979 0.23076923076923078
6 0.3795986622073579 0.822742474916388 0.20234113712374582 0.20903010033444816
6 0.782608695652174 0.7525083612040134 0.23076923076923078 0.2157190635451505
6 0.931438127090301 0.27759197324414714 0.13043478260869565 0.23076923076923078
6 0.6739130434782609 0.19732441471571907 0.2140468227424749 0.205685618729097
6 0.23745819397993312 0.0903010033444816 0.23076923076923078 0.17892976588628762
6 0.5903010033444817 0.8260869565217391 0.21906354515050167 0.225752508361204
6 0.16722408026755853 0.25752508361204013 0.20066889632107024 0.17892976588628762
6 0.21237458193979933 0.9080267558528428 0.22073578595317725 0.18227424749163879
6 0.8695652173913043 0.0802675585284281 0.2525083612040134 0.1588628762541806
6 0.1588628762541806 0.49331103678929766 0.2140468227424749 0.24247491638795987
6 0.19899665551839466 0.7240802675585284 0.22073578595317725 0.21237458193979933
5 0.7859531772575251 0.7591973244147158 0.09866220735785954 0.08361204013377926
6 0.5451505016722408 0.8896321070234113 0.20903010033444816 0.19732441471571907