6 0.010033444816053512 0.1705685618729097 0.01839464882943144 0.22073578595317725
5 0.7976588628762542 0.6989966555183946 0.08528428093645485 0.0802675585284281
6 0.9816053511705686 0.9414715719063546 0.03511705685618729 0.11538461538461539
6 0.9832775919732442 0.07525083612040134 0.033444816053511704 0.1505016722408027
6 0.27424749163879597 0.02508361204013378 0.24414715719063546 0.05016722408026756
6 0.9732441471571907 0.7324414715719063 0.05351170568561873 0.225752508361204
6 0.6688963210702341 0.9816053511705686 0.18394648829431437 0.03511705685618729
6 0.7508361204013378 0.020066889632107024 0.20234113712374582 0.038461538461538464
3 0.49665551839464883 0.5334448160535117 0.6204013377926422 0.5551839464882943
6 0.07023411371237458 0.03511705685618729 0.13879598662207357 0.06856187290969899
6 0.1488294314381271 0.4230769230769231 0.23076923076923078 0.22408026755852842
6 0.06354515050167224 0.5050167224080268 0.12709030100334448 0.2408026755852843
6 0.14046822742474915 0.8996655518394648 0.2608695652173913 0.20066889632107024
6 0.8662207357859532 0.9548494983277592 0.22240802675585283 0.08862876254180602
6 0.560200668896321 0.046822742474916385 0.1956521739130435 0.09364548494983277
6 0.9431438127090301 0.33277591973244147 0.10869565217391304 0.20903010033444816
6 0.36454849498327757 0.08695652173913043 0.21070234113712374 0.17391304347826086
6 0.6906354515050167 0.9080267558528428 0.22240802675585283 0.17892976588628762
6 0.8461538461538461 0.6337792642140468 0.22742474916387959 0.2157190635451505
6 0.49331103678929766 0.8695652173913043 0.23076923076923078 0.20903010033444816
6 0.0802675585284281 0.7240802675585284 0.1605351170568562 0.19230769230769232
6 0.5518394648829431 0.18896321070234115 0.23578595317725753 0.20234113712374582
6 0.8846153846153846 0.13043478260869565 0.2140468227424749 0.21237458193979933
6 0.8093645484949833 0.4096989966555184 0.2140468227424749 0.22073578595317725
6 0.14046822742474915 0.17558528428093645 0.24749163879598662 0.2408026755852843