3 0.5083612040133779 0.5317725752508361 0.4782608695652174 0.7107023411371237
6 0.10367892976588629 0.9464882943143813 0.20735785953177258 0.10702341137123746
6 0.6872909698996655 0.9749163879598662 0.24247491638795987 0.05016722408026756
6 0.8862876254180602 0.40468227424749165 0.22742474916387959 0.21906354515050167
6 0.8712374581939799 0.048494983277591976 0.2508361204013378 0.09698996655518395
6 0.05016722408026756 0.5585284280936454 0.10033444816053512 0.1956521739130435
6 0.9280936454849499 0.9548494983277592 0.14214046822742474 0.0903010033444816
6 0.24749163879598662 0.051839464882943144 0.22742474916387959 0.10367892976588629
6 0.745819397993311 0.9163879598662207 0.2591973244147157 0.16555183946488294
6 0.9046822742474916 0.15551839464882944 0.18394648829431437 0.2508361204013378
6 0.20903010033444816 0.903010033444816 0.2525083612040134 0.1939799331103679
6 0.6605351170568562 0.09364548494983277 0.2391304347826087 0.18729096989966554
6 0.3745819397993311 0.7792642140468228 0.22742474916387959 0.2525083612040134
6 0.40468227424749165 0.12876254180602006 0.2391304347826087 0.24581939799331104
6 0.12876254180602006 0.47491638795986624 0.24749163879598662 0.22408026755852842
6 0.7391304347826086 0.2508361204013378 0.24581939799331104 0.2591973244147157
6 0.18394648829431437 0.6906354515050167 0.24581939799331104 0.2491638795986622
6 0.9080267558528428 0.6237458193979933 0.17892976588628762 0.23411371237458195
6 0.2408026755852843 0.2826086956521739 0.24581939799331104 0.22909698996655517
6 0.0903010033444816 0.13712374581939799 0.1806020066889632 0.2709030100334448