6 0.4331103678929766 0.9899665551839465 0.22742474916387959 0.020066889632107024
6 0.9782608695652174 0.38294314381270905 0.04180602006688963 0.2040133779264214
6 0.794314381270903 0.782608695652174 0.25585284280936454 0.20903010033444816
6 0.12876254180602006 0.30434782608695654 0.2140468227424749 0.17892976588628762
3 0.49331103678929766 0.5033444816053512 0.49665551839464883 0.5484949832775919
6 0.9698996655518395 0.9013377926421404 0.06020066889632107 0.19732441471571907
6 0.16722408026755853 0.08193979933110368 0.23578595317725753 0.15719063545150502
6 0.05852842809364549 0.7391304347826086 0.11705685618729098 0.205685618729097
6 0.7441471571906354 0.9782608695652174 0.25585284280936454 0.04180602006688963
6 0.5618729096989966 0.782608695652174 0.24247491638795987 0.23076923076923078
6 0.11705685618729098 0.391304347826087 0.23244147157190637 0.19899665551839466
6 0.774247491638796 0.02508361204013378 0.24581939799331104 0.05016722408026756
6 0.22240802675585283 0.939799331103679 0.205685618729097 0.11872909698996656
6 0.11872909698996656 0.7424749163879598 0.22240802675585283 0.22408026755852842
6 0.8528428093645485 0.49665551839464883 0.23411371237458195 0.22909698996655517
6 0.36622073578595316 0.04180602006688963 0.2508361204013378 0.08361204013377926
6 0.05852842809364549 0.9214046822742475 0.11538461538461539 0.15719063545150502
6 0.13210702341137123 0.16387959866220736 0.23076923076923078 0.22408026755852842
6 0.8060200668896321 0.8695652173913043 0.26755852842809363 0.19230769230769232
6 0.939799331103679 0.6889632107023411 0.11705685618729098 0.26588628762541805
6 0.9163879598662207 0.07859531772575251 0.1588628762541806 0.15551839464882944
6 0.5819397993311036 0.09531772575250837 0.23411371237458195 0.19063545150501673
6 0.3277591973244147 0.21739130434782608 0.2391304347826087 0.2157190635451505