6 0.9749163879598662 0.7792642140468228 0.05016722408026756 0.2157190635451505
3 0.5 0.49665551839464883 0.5284280936454849 0.5367892976588629
6 0.8963210702341137 0.02508361204013378 0.205685618729097 0.05016722408026756
6 0.9046822742474916 0.5484949832775919 0.18394648829431437 0.225752508361204
6 0.03678929765886288 0.4214046822742475 0.07357859531772576 0.22742474916387959
6 0.18896321070234115 0.4013377926421405 0.21070234113712374 0.20066889632107024
6 0.8946488294314381 0.9565217391304348 0.205685618729097 0.08528428093645485
6 0.06856187290969899 0.9046822742474916 0.1354515050167224 0.19063545150501673
6 0.9364548494983278 0.21906354515050167 0.12207357859531773 0.2508361204013378
6 0.11204013377926421 0.7859531772575251 0.22073578595317725 0.23411371237458195
6 0.28929765886287623 0.061872909698996656 0.25752508361204013 0.12374581939799331
6 0.717391304347826 0.9130434782608695 0.21906354515050167 0.17391304347826086
6 0.5668896321070234 0.8076923076923077 0.2508361204013378 0.2040133779264214
6 0.6722408026755853 0.0903010033444816 0.23578595317725753 0.1806020066889632
6 0.7725752508361204 0.6923076923076923 0.21070234113712374 0.2391304347826087
6 0.3294314381270903 0.7642140468227425 0.225752508361204 0.23411371237458195
6 0.1605351170568562 0.5367892976588629 0.22240802675585283 0.225752508361204
6 0.3511705685618729 0.22408026755852842 0.2525083612040134 0.205685618729097
6 0.7692307692307693 0.2709030100334448 0.22240802675585283 0.225752508361204