6 0.7591973244147158 0.9916387959866221 0.17892976588628762 0.016722408026755852
6 0.9565217391304348 0.6505016722408027 0.08193979933110368 0.24247491638795987
6 0.8411371237458194 0.5451505016722408 0.2391304347826087 0.2709030100334448
3 0.5033444816053512 0.4916387959866221 0.5133779264214047 0.5150501672240803
6 0.8461538461538461 0.021739130434782608 0.2508361204013378 0.043478260869565216
6 0.17725752508361203 0.9782608695652174 0.23076923076923078 0.043478260869565216
5 0.33444816053511706 0.24749163879598662 0.08528428093645485 0.06856187290969899
6 0.06521739130434782 0.06856187290969899 0.13043478260869565 0.13712374581939799
6 0.4180602006688963 0.05351170568561873 0.24247491638795987 0.10702341137123746
6 0.5568561872909699 0.9364548494983278 0.2591973244147157 0.12709030100334448
6 0.21739130434782608 0.08528428093645485 0.1806020066889632 0.1705685618729097
6 0.21739130434782608 0.2993311036789298 0.20234113712374582 0.1939799331103679
6 0.931438127090301 0.10702341137123746 0.13043478260869565 0.2140468227424749
6 0.06354515050167224 0.26588628762541805 0.12709030100334448 0.23745819397993312
6 0.4698996655518395 0.8043478260869565 0.23244147157190637 0.18729096989966554
6 0.07357859531772576 0.6672240802675585 0.14715719063545152 0.2157190635451505
6 0.1505016722408027 0.4882943143812709 0.24581939799331104 0.225752508361204
6 0.07357859531772576 0.8712374581939799 0.14715719063545152 0.21237458193979933
6 0.8361204013377926 0.31438127090301005 0.23411371237458195 0.2157190635451505
6 0.2792642140468227 0.8695652173913043 0.24247491638795987 0.21906354515050167
6 0.8528428093645485 0.8762541806020067 0.24581939799331104 0.23076923076923078
6 0.8177257525083612 0.16387959866220736 0.20903010033444816 0.21739130434782608