6 0.7842809364548495 0.4280936454849498 0.18561872909698995 0.2157190635451505
6 0.10702341137123746 0.8695652173913043 0.20903010033444816 0.25585284280936454
6 0.9548494983277592 0.9498327759197325 0.08361204013377926 0.10033444816053512
6 0.08528428093645485 0.7123745819397993 0.1705685618729097 0.24749163879598662
6 0.9565217391304348 0.7123745819397993 0.08193979933110368 0.23411371237458195
6 0.9632107023411371 0.49665551839464883 0.07023411371237458 0.20903010033444816
3 0.4816053511705686 0.5066889632107023 0.5535117056856187 0.5117056856187291
6 0.5719063545150501 0.028428093645484948 0.20066889632107024 0.056856187290969896
6 0.5351170568561873 0.8177257525083612 0.23076923076923078 0.21906354515050167
6 0.07190635451505016 0.09531772575250837 0.14381270903010032 0.19063545150501673
6 0.06020066889632107 0.29264214046822745 0.11872909698996656 0.1956521739130435
6 0.40468227424749165 0.9414715719063546 0.2140468227424749 0.11538461538461539
6 0.8361204013377926 0.5117056856187291 0.18896321070234115 0.20234113712374582
6 0.20735785953177258 0.8996655518394648 0.22073578595317725 0.20066889632107024
6 0.7474916387959866 0.7073578595317725 0.21070234113712374 0.2040133779264214
6 0.7675585284280937 0.07859531772575251 0.2140468227424749 0.15551839464882944
6 0.0903010033444816 0.4916387959866221 0.1806020066889632 0.205685618729097
6 0.36622073578595316 0.7926421404682275 0.22742474916387959 0.1956521739130435
6 0.3511705685618729 0.061872909698996656 0.2525083612040134 0.12374581939799331
6 0.9163879598662207 0.8979933110367893 0.1605351170568562 0.2040133779264214
6 0.7491638795986622 0.8411371237458194 0.20234113712374582 0.23411371237458195
6 0.9297658862876255 0.11204013377926421 0.13377926421404682 0.21237458193979933
6 0.6588628762541806 0.22909698996655517 0.205685618729097 0.19899665551839466
6 0.4013377926421405 0.21237458193979933 0.22073578595317725 0.18729096989966554
6 0.9130434782608695 0.31438127090301005 0.1705685618729097 0.2040133779264214
6 0.17224080267558528 0.5033444816053512 0.17725752508361203 0.225752508361204