6 0.9765886287625418 0.3411371237458194 0.0451505016722408 0.23076923076923078
5 0.6354515050167224 0.9765886287625418 0.13879598662207357 0.046822742474916385
3 0.5 0.4899665551839465 0.68561872909699 0.637123745819398
6 0.08862876254180602 0.5869565217391305 0.17725752508361203 0.27759197324414714
6 0.9464882943143813 0.11036789297658862 0.10702341137123746 0.22073578595317725
6 0.8461538461538461 0.9581939799331104 0.26588628762541805 0.08361204013377926
6 0.2525083612040134 0.043478260869565216 0.2959866220735786 0.08695652173913043
6 0.9280936454849499 0.7190635451505016 0.14214046822742474 0.29264214046822745
6 0.7809364548494984 0.056856187290969896 0.2692307692307692 0.11204013377926421
6 0.5267558528428093 0.08695652173913043 0.26421404682274247 0.17391304347826086
6 0.8193979933110368 0.29264214046822745 0.2508361204013378 0.27591973244147155
6 0.11036789297658862 0.1505016722408027 0.22073578595317725 0.2140468227424749
6 0.3210702341137124 0.8494983277591973 0.26421404682274247 0.2625418060200669
6 0.11872909698996656 0.3695652173913043 0.23745819397993312 0.2508361204013378
6 0.34448160535117056 0.1806020066889632 0.26755852842809363 0.2508361204013378
6 0.09698996655518395 0.862876254180602 0.1939799331103679 0.2725752508361204