6 0.9531772575250836 0.013377926421404682 0.08695652173913043 0.026755852842809364
6 0.205685618729097 0.038461538461538464 0.23076923076923078 0.07692307692307693
3 0.5050167224080268 0.4983277591973244 0.48494983277591974 0.49665551839464883
6 0.06521739130434782 0.9682274247491639 0.13043478260869565 0.06354515050167224
6 0.0451505016722408 0.25752508361204013 0.08862876254180602 0.25585284280936454
6 0.9515050167224081 0.3093645484949833 0.09197324414715718 0.23745819397993312
6 0.9498327759197325 0.7976588628762542 0.09531772575250837 0.22408026755852842
6 0.8979933110367893 0.9615384615384616 0.19732441471571907 0.07692307692307693
6 0.1020066889632107 0.07190635451505016 0.2040133779264214 0.14381270903010032
6 0.6789297658862876 0.9665551839464883 0.225752508361204 0.06688963210702341
6 0.2909698996655518 0.8361204013377926 0.24581939799331104 0.22408026755852842
6 0.391304347826087 0.8996655518394648 0.2140468227424749 0.20066889632107024
6 0.5819397993311036 0.8244147157190636 0.19230769230769232 0.21906354515050167
6 0.7675585284280937 0.7474916387959866 0.2140468227424749 0.20066889632107024
6 0.23244147157190637 0.33277591973244147 0.22073578595317725 0.2040133779264214
6 0.10869565217391304 0.49665551839464883 0.21739130434782608 0.21739130434782608
6 0.342809364548495 0.14046822742474915 0.23076923076923078 0.23076923076923078
6 0.6454849498327759 0.1705685618729097 0.225752508361204 0.225752508361204
6 0.8612040133779264 0.16555183946488294 0.22742474916387959 0.22073578595317725
6 0.8979933110367893 0.5117056856187291 0.19732441471571907 0.20903010033444816
6 0.11036789297658862 0.717391304347826 0.21070234113712374 0.21906354515050167
5 0.7725752508361204 0.7591973244147158 0.06020066889632107 0.06856187290969899