6 0.6705685618729097 0.05351170568561873 0.24749163879598662 0.1020066889632107
6 0.8160535117056856 0.25752508361204013 0.1605351170568562 0.14046822742474915
6 0.7090301003344481 0.09364548494983277 0.34448160535117056 0.18729096989966554
6 0.046822742474916385 0.10535117056856187 0.09197324414715718 0.20903010033444816
6 0.030100334448160536 0.6187290969899666 0.06020066889632107 0.22909698996655517
6 0.0451505016722408 0.28762541806020064 0.08862876254180602 0.22408026755852842
3 0.5083612040133779 0.5033444816053512 0.45652173913043476 0.46488294314381273
6 0.7525083612040134 0.04180602006688963 0.24581939799331104 0.08361204013377926
6 0.18227424749163879 0.43478260869565216 0.24247491638795987 0.25752508361204013
6 0.09197324414715718 0.7976588628762542 0.18227424749163879 0.2591973244147157
6 0.14214046822742474 0.05351170568561873 0.24749163879598662 0.10702341137123746
6 0.7123745819397993 0.8093645484949833 0.225752508361204 0.22073578595317725
6 0.46488294314381273 0.8745819397993311 0.21739130434782608 0.2408026755852843