6 0.9448160535117057 0.5301003344481605 0.10702341137123746 0.1956521739130435
6 0.6287625418060201 0.9866220735785953 0.15384615384615385 0.026755852842809364
6 0.2959866220735786 0.06354515050167224 0.2140468227424749 0.12709030100334448
6 0.4397993311036789 0.9464882943143813 0.20234113712374582 0.10702341137123746
6 0.01839464882943144 0.7842809364548495 0.03511705685618729 0.1956521739130435
3 0.5033444816053512 0.5100334448160535 0.5133779264214047 0.5785953177257525
6 0.9565217391304348 0.06020066889632107 0.0802675585284281 0.12040133779264214
6 0.38127090301003347 0.051839464882943144 0.22742474916387959 0.10367892976588629
6 0.6889632107023411 0.9481605351170569 0.22073578595317725 0.10367892976588629
6 0.9565217391304348 0.21906354515050167 0.08193979933110368 0.21906354515050167
6 0.1588628762541806 0.7474916387959866 0.23578595317725753 0.2391304347826087
6 0.9147157190635451 0.8327759197324415 0.16722408026755853 0.19063545150501673
6 0.9230769230769231 0.9214046822742475 0.14715719063545152 0.15719063545150502
6 0.10033444816053512 0.09698996655518395 0.20066889632107024 0.1939799331103679
6 0.07190635451505016 0.4280936454849498 0.14214046822742474 0.20234113712374582
6 0.8076923076923077 0.06020066889632107 0.2140468227424749 0.11872909698996656
6 0.7993311036789298 0.6471571906354515 0.1956521739130435 0.17725752508361203
6 0.15551839464882944 0.5301003344481605 0.205685618729097 0.18394648829431437
6 0.3695652173913043 0.7625418060200669 0.205685618729097 0.17892976588628762
6 0.8127090301003345 0.4280936454849498 0.20234113712374582 0.19899665551839466
6 0.7642140468227425 0.22742474916387959 0.1956521739130435 0.21237458193979933
6 0.36454849498327757 0.25418060200668896 0.2391304347826087 0.21906354515050167
6 0.9147157190635451 0.3996655518394649 0.1705685618729097 0.20735785953177258
6 0.9698996655518395 0.6454849498327759 0.06020066889632107 0.19063545150501673