6 0.7157190635451505 0.18729096989966554 0.24581939799331104 0.2040133779264214
3 0.5050167224080268 0.5033444816053512 0.4397993311036789 0.49665551839464883
6 0.47324414715719065 0.8695652173913043 0.22073578595317725 0.22073578595317725
6 0.5284280936454849 0.011705685618729096 0.24247491638795987 0.021739130434782608
6 0.431438127090301 0.9832775919732442 0.26755852842809363 0.033444816053511704
6 0.08193979933110368 0.46488294314381273 0.16387959866220736 0.1939799331103679
6 0.9264214046822743 0.3394648829431438 0.14715719063545152 0.23076923076923078
6 0.08361204013377926 0.637123745819398 0.16722408026755853 0.21739130434782608
6 0.8795986622073578 0.5133779264214047 0.23076923076923078 0.22909698996655517
6 0.25585284280936454 0.596989966555184 0.22742474916387959 0.2525083612040134
6 0.5585284280936454 0.8327759197324415 0.22240802675585283 0.2040133779264214
6 0.939799331103679 0.6187290969899666 0.11371237458193979 0.21906354515050167
6 0.7709030100334449 0.7140468227424749 0.24247491638795987 0.2508361204013378
6 0.7408026755852842 0.09698996655518395 0.22408026755852842 0.1939799331103679
6 0.06020066889632107 0.931438127090301 0.12040133779264214 0.13043478260869565
6 0.8913043478260869 0.931438127090301 0.21070234113712374 0.1354515050167224
6 0.19063545150501673 0.8327759197324415 0.2525083612040134 0.24247491638795987
6 0.11538461538461539 0.28929765886287623 0.23076923076923078 0.23076923076923078
6 0.8494983277591973 0.7792642140468228 0.23076923076923078 0.19063545150501673