6 0.8979933110367893 0.8862876254180602 0.19230769230769232 0.20066889632107024
6 0.6889632107023411 0.013377926421404682 0.28762541806020064 0.026755852842809364
6 0.9882943143812709 0.3093645484949833 0.021739130434782608 0.2040133779264214
6 0.1705685618729097 0.6137123745819398 0.23578595317725753 0.1956521739130435
6 0.979933110367893 0.06856187290969899 0.038461538461538464 0.13712374581939799
6 0.68561872909699 0.9816053511705686 0.18394648829431437 0.03511705685618729
6 0.16555183946488294 0.5250836120401338 0.225752508361204 0.205685618729097
6 0.4080267558528428 0.015050167224080268 0.22742474916387959 0.030100334448160536
3 0.49665551839464883 0.5217391304347826 0.4882943143812709 0.4983277591973244
6 0.6321070234113713 0.02508361204013378 0.25418060200668896 0.05016722408026756
6 0.7926421404682275 0.6822742474916388 0.20234113712374582 0.18394648829431437
6 0.36622073578595316 0.9448160535117057 0.25585284280936454 0.11036789297658862
6 0.19063545150501673 0.25418060200668896 0.22240802675585283 0.22909698996655517
6 0.3879598662207358 0.18227424749163879 0.2140468227424749 0.17224080267558528
6 0.15719063545150502 0.9749163879598662 0.20234113712374582 0.05016722408026756
6 0.08528428093645485 0.1354515050167224 0.1705685618729097 0.2508361204013378
6 0.8812709030100334 0.5167224080267558 0.22742474916387959 0.205685618729097
6 0.6254180602006689 0.2391304347826087 0.22742474916387959 0.225752508361204
6 0.27591973244147155 0.07525083612040134 0.2508361204013378 0.1505016722408027
6 0.3177257525083612 0.8879598662207357 0.20903010033444816 0.17892976588628762
6 0.7959866220735786 0.11371237458193979 0.23076923076923078 0.205685618729097
6 0.560200668896321 0.8662207357859532 0.205685618729097 0.22408026755852842
6 0.782608695652174 0.38294314381270905 0.21237458193979933 0.19063545150501673
6 0.9096989966555183 0.16555183946488294 0.17892976588628762 0.225752508361204
6 0.1020066889632107 0.8093645484949833 0.20066889632107024 0.22742474916387959
6 0.03678929765886288 0.4414715719063545 0.07357859531772576 0.2508361204013378
6 0.03511705685618729 0.7525083612040134 0.06856187290969899 0.1939799331103679