6 0.6304347826086957 0.9130434782608695 0.3377926421404682 0.17391304347826086
6 0.020066889632107024 0.5836120401337793 0.038461538461538464 0.18227424749163879
3 0.49665551839464883 0.5418060200668896 0.5451505016722408 0.5484949832775919
6 0.9615384615384616 0.09866220735785954 0.07692307692307693 0.19732441471571907
6 0.030100334448160536 0.22909698996655517 0.06020066889632107 0.22073578595317725
6 0.048494983277591976 0.7759197324414716 0.09698996655518395 0.22909698996655517
6 0.8093645484949833 0.5518394648829431 0.1956521739130435 0.26755852842809363
6 0.560200668896321 0.048494983277591976 0.23745819397993312 0.09698996655518395
6 0.3193979933110368 0.03678929765886288 0.21739130434782608 0.07357859531772576
6 0.9247491638795987 0.931438127090301 0.1505016722408027 0.13712374581939799
6 0.21906354515050167 0.28762541806020064 0.1939799331103679 0.18896321070234115
6 0.9347826086956522 0.5183946488294314 0.13043478260869565 0.25418060200668896
6 0.697324414715719 0.7775919732441472 0.22240802675585283 0.1956521739130435
6 0.8662207357859532 0.24581939799331104 0.2391304347826087 0.27591973244147155
6 0.5635451505016722 0.8177257525083612 0.2391304347826087 0.22408026755852842
6 0.09866220735785954 0.09531772575250837 0.19732441471571907 0.19063545150501673
6 0.411371237458194 0.9331103678929766 0.23244147157190637 0.13210702341137123
6 0.15719063545150502 0.6672240802675585 0.20234113712374582 0.23411371237458195
6 0.1705685618729097 0.41471571906354515 0.2140468227424749 0.19063545150501673
6 0.7006688963210702 0.12040133779264214 0.22240802675585283 0.20903010033444816