6 0.6906354515050167 0.6187290969899666 0.225752508361204 0.2157190635451505
6 0.033444816053511704 0.4765886287625418 0.06688963210702341 0.2491638795986622
6 0.9816053511705686 0.18896321070234115 0.03678929765886288 0.17725752508361203
6 0.011705685618729096 0.9063545150501672 0.023411371237458192 0.1806020066889632
6 0.5250836120401338 0.9899665551839465 0.20066889632107024 0.020066889632107024
3 0.4882943143812709 0.5869565217391305 0.4414715719063545 0.7892976588628763
6 0.3277591973244147 0.931438127090301 0.21070234113712374 0.1354515050167224
6 0.5618729096989966 0.02508361204013378 0.23076923076923078 0.05016722408026756
6 0.26421404682274247 0.862876254180602 0.21739130434782608 0.2408026755852843
5 0.8662207357859532 0.5367892976588629 0.10702341137123746 0.10535117056856187
6 0.11538461538461539 0.9632107023411371 0.23076923076923078 0.07357859531772576
6 0.07859531772575251 0.4096989966555184 0.15551839464882944 0.23076923076923078
6 0.7408026755852842 0.7859531772575251 0.23076923076923078 0.23076923076923078
6 0.14046822742474915 0.07190635451505016 0.225752508361204 0.14381270903010032
6 0.8996655518394648 0.657190635451505 0.1956521739130435 0.20066889632107024
6 0.22408026755852842 0.2591973244147157 0.22073578595317725 0.23076923076923078
6 0.9096989966555183 0.34448160535117056 0.1806020066889632 0.2157190635451505
6 0.8963210702341137 0.13879598662207357 0.1956521739130435 0.22909698996655517
6 0.7290969899665551 0.26588628762541805 0.23076923076923078 0.24581939799331104
6 0.431438127090301 0.14214046822742474 0.24247491638795987 0.22909698996655517
6 0.14214046822742474 0.6321070234113713 0.2391304347826087 0.22909698996655517
6 0.9130434782608695 0.8745819397993311 0.16722408026755853 0.2508361204013378