6 0.030100334448160536 0.2976588628762542 0.06020066889632107 0.2157190635451505
6 0.023411371237458192 0.9080267558528428 0.046822742474916385 0.18394648829431437
6 0.9581939799331104 0.8127090301003345 0.08361204013377926 0.28762541806020064
6 0.08361204013377926 0.32608695652173914 0.16722408026755853 0.26421404682274247
3 0.49331103678929766 0.5033444816053512 0.6086956521739131 0.540133779264214
6 0.5769230769230769 0.06020066889632107 0.2525083612040134 0.11872909698996656
6 0.9063545150501672 0.862876254180602 0.17558528428093645 0.26755852842809363
5 0.021739130434782608 0.1688963210702341 0.043478260869565216 0.0802675585284281
6 0.9615384615384616 0.225752508361204 0.07692307692307693 0.2508361204013378
6 0.17892976588628762 0.04013377926421405 0.22073578595317725 0.0802675585284281
5 0.7140468227424749 0.2959866220735786 0.07859531772575251 0.06856187290969899
6 0.48494983277591974 0.959866220735786 0.25418060200668896 0.0802675585284281
6 0.12040133779264214 0.47157190635451507 0.2408026755852843 0.25418060200668896
6 0.23411371237458195 0.9515050167224081 0.2709030100334448 0.09698996655518395
6 0.9063545150501672 0.05351170568561873 0.1806020066889632 0.10702341137123746
6 0.34448160535117056 0.09866220735785954 0.20735785953177258 0.19732441471571907
6 0.13210702341137123 0.7341137123745819 0.24749163879598662 0.2508361204013378
6 0.3695652173913043 0.8277591973244147 0.25585284280936454 0.21906354515050167
6 0.7090301003344481 0.8896321070234113 0.2608695652173913 0.22073578595317725
6 0.8377926421404682 0.6488294314381271 0.2709030100334448 0.2408026755852843
6 0.8461538461538461 0.32441471571906355 0.225752508361204 0.225752508361204
6 0.7675585284280937 0.11872909698996656 0.2140468227424749 0.20234113712374582