3 0.5 0.49331103678929766 0.5 0.5117056856187291
6 0.043478260869565216 0.4782608695652174 0.08528428093645485 0.24581939799331104
6 0.14046822742474915 0.028428093645484948 0.24749163879598662 0.056856187290969896
5 0.9565217391304348 0.3177257525083612 0.08193979933110368 0.08361204013377926
6 0.7073578595317725 0.9515050167224081 0.225752508361204 0.09698996655518395
6 0.6638795986622074 0.05518394648829431 0.21070234113712374 0.11036789297658862
6 0.06354515050167224 0.7374581939799331 0.12709030100334448 0.21739130434782608
6 0.842809364548495 0.3996655518394649 0.25752508361204013 0.24247491638795987
6 0.39297658862876256 0.1488294314381271 0.23578595317725753 0.2491638795986622
6 0.17558528428093645 0.6187290969899666 0.21739130434782608 0.2959866220735786
6 0.1705685618729097 0.9080267558528428 0.22073578595317725 0.18394648829431437
6 0.3494983277591973 0.7809364548494984 0.2508361204013378 0.27424749163879597
6 0.8678929765886287 0.8545150501672241 0.24749163879598662 0.1939799331103679
6 0.5719063545150501 0.8394648829431438 0.20234113712374582 0.21906354515050167
6 0.8645484949832776 0.11371237458193979 0.2391304347826087 0.225752508361204