6 0.28595317725752506 0.016722408026755852 0.2391304347826087 0.033444816053511704
6 0.03177257525083612 0.9464882943143813 0.06354515050167224 0.10702341137123746
6 0.5167224080267558 0.020066889632107024 0.21739130434782608 0.038461538461538464
3 0.5083612040133779 0.5100334448160535 0.5719063545150501 0.5518394648829431
6 0.205685618729097 0.09698996655518395 0.22240802675585283 0.19063545150501673
6 0.9481605351170569 0.9414715719063546 0.09698996655518395 0.11538461538461539
5 0.391304347826087 0.22408026755852842 0.09197324414715718 0.08528428093645485
6 0.8361204013377926 0.45652173913043476 0.20066889632107024 0.205685618729097
6 0.17391304347826086 0.9498327759197325 0.23244147157190637 0.10033444816053512
6 0.774247491638796 0.05518394648829431 0.24581939799331104 0.11036789297658862
6 0.07023411371237458 0.1956521739130435 0.13879598662207357 0.24247491638795987
5 0.7842809364548495 0.1588628762541806 0.07190635451505016 0.06856187290969899
6 0.5919732441471572 0.9297658862876255 0.2391304347826087 0.14046822742474915
6 0.40301003344481606 0.903010033444816 0.2040133779264214 0.1939799331103679
6 0.7374581939799331 0.2625418060200669 0.23076923076923078 0.21237458193979933
6 0.862876254180602 0.5869565217391305 0.24247491638795987 0.24247491638795987
6 0.05518394648829431 0.6438127090301003 0.11036789297658862 0.2157190635451505
6 0.2525083612040134 0.2959866220735786 0.21739130434782608 0.21237458193979933
6 0.1705685618729097 0.5234113712374582 0.20234113712374582 0.22073578595317725
6 0.2157190635451505 0.7892976588628763 0.24247491638795987 0.22408026755852842
6 0.7391304347826086 0.7959866220735786 0.23411371237458195 0.23745819397993312
6 0.5468227424749164 0.16722408026755853 0.2140468227424749 0.21237458193979933