6 0.5133779264214047 0.6036789297658863 0.5568561872909699 0.479933110367893
2 0.4782608695652174 0.5367892976588629 0.5535117056856187 0.6070234113712375
6 0.774247491638796 0.4765886287625418 0.2508361204013378 0.2040133779264214
6 0.7491638795986622 0.3010033444816054 0.2976588628762542 0.205685618729097
6 0.8461538461538461 0.4899665551839465 0.17558528428093645 0.2157190635451505
6 0.2591973244147157 0.9698996655518395 0.2909698996655518 0.06020066889632107
6 0.47157190635451507 0.9782608695652174 0.205685618729097 0.043478260869565216
6 0.07525083612040134 0.9648829431438127 0.1505016722408027 0.06856187290969899
6 0.4080267558528428 0.0451505016722408 0.27759197324414714 0.0903010033444816
6 0.8712374581939799 0.033444816053511704 0.2508361204013378 0.06521739130434782
6 0.13377926421404682 0.35451505016722407 0.26755852842809363 0.21906354515050167
6 0.6588628762541806 0.046822742474916385 0.23578595317725753 0.09364548494983277
6 0.7976588628762542 0.7625418060200669 0.2525083612040134 0.32274247491638797
6 0.08528428093645485 0.822742474916388 0.1705685618729097 0.2408026755852843
6 0.8461538461538461 0.15719063545150502 0.2809364548494983 0.22073578595317725
6 0.6036789297658863 0.8896321070234113 0.3311036789297659 0.22073578595317725
6 0.17558528428093645 0.20735785953177258 0.25418060200668896 0.23244147157190637
6 0.28929765886287623 0.12040133779264214 0.26588628762541805 0.23244147157190637
6 0.12709030100334448 0.5301003344481605 0.25418060200668896 0.2391304347826087