6 0.8193979933110368 0.5719063545150501 0.2508361204013378 0.29264214046822745
6 0.9648829431438127 0.5953177257525084 0.06354515050167224 0.19063545150501673
3 0.5033444816053512 0.5 0.5384615384615384 0.5367892976588629
6 0.7876254180602007 0.9782608695652174 0.225752508361204 0.04180602006688963
6 0.9548494983277592 0.2591973244147157 0.08361204013377926 0.19899665551839466
6 0.05351170568561873 0.8327759197324415 0.10702341137123746 0.2993311036789298
6 0.056856187290969896 0.2391304347826087 0.11371237458193979 0.20903010033444816
6 0.822742474916388 0.34615384615384615 0.19230769230769232 0.18227424749163879
6 0.1020066889632107 0.07859531772575251 0.2040133779264214 0.15551839464882944
6 0.17892976588628762 0.5434782608695652 0.20234113712374582 0.2625418060200669
6 0.5869565217391305 0.10367892976588629 0.2140468227424749 0.205685618729097
6 0.4013377926421405 0.1605351170568562 0.24749163879598662 0.21906354515050167
6 0.580267558528428 0.882943143812709 0.2608695652173913 0.23411371237458195
6 0.35618729096989965 0.7859531772575251 0.24581939799331104 0.225752508361204