6 0.9565217391304348 0.46153846153846156 0.08193979933110368 0.23411371237458195
6 0.1588628762541806 0.6070234113712375 0.2408026755852843 0.2491638795986622
3 0.5 0.5367892976588629 0.47157190635451507 0.479933110367893
6 0.9581939799331104 0.6555183946488294 0.07859531772575251 0.2157190635451505
6 0.3494983277591973 0.021739130434782608 0.25585284280936454 0.043478260869565216
6 0.903010033444816 0.02508361204013378 0.18729096989966554 0.05016722408026756
6 0.04013377926421405 0.13377926421404682 0.0802675585284281 0.25418060200668896
6 0.9280936454849499 0.9364548494983278 0.1354515050167224 0.12709030100334448
6 0.49665551839464883 0.9615384615384616 0.2508361204013378 0.07692307692307693
6 0.7090301003344481 0.03177257525083612 0.24247491638795987 0.061872909698996656
6 0.19899665551839466 0.3010033444816054 0.225752508361204 0.22909698996655517
6 0.7357859531772575 0.9498327759197325 0.2608695652173913 0.10033444816053512
6 0.05852842809364549 0.38127090301003347 0.11705685618729098 0.23411371237458195
6 0.08193979933110368 0.6086956521739131 0.16387959866220736 0.23076923076923078
6 0.17558528428093645 0.9331103678929766 0.25585284280936454 0.13210702341137123
6 0.5016722408026756 0.8695652173913043 0.25752508361204013 0.225752508361204
6 0.8043478260869565 0.6421404682274248 0.24247491638795987 0.23076923076923078
6 0.1605351170568562 0.07859531772575251 0.21739130434782608 0.15551839464882944
6 0.7357859531772575 0.7792642140468228 0.24581939799331104 0.2157190635451505
6 0.8963210702341137 0.20234113712374582 0.20066889632107024 0.2408026755852843
6 0.7107023411371237 0.29264214046822745 0.22742474916387959 0.22073578595317725
6 0.5852842809364549 0.1254180602006689 0.22742474916387959 0.22408026755852842
6 0.391304347826087 0.20735785953177258 0.22073578595317725 0.24581939799331104
6 0.28595317725752506 0.7993311036789298 0.23411371237458195 0.20903010033444816