6 0.36789297658862874 0.20066889632107024 0.2140468227424749 0.2491638795986622
6 0.026755852842809364 0.3862876254180602 0.05351170568561873 0.23745819397993312
6 0.4983277591973244 0.7959866220735786 0.18561872909698995 0.14381270903010032
3 0.5066889632107023 0.5 0.43645484949832775 0.5100334448160535
6 0.11371237458193979 0.5568561872909699 0.22240802675585283 0.2491638795986622
6 0.06020066889632107 0.6270903010033445 0.11872909698996656 0.2491638795986622
6 0.7090301003344481 0.8929765886287625 0.225752508361204 0.2040133779264214
5 0.25418060200668896 0.4682274247491639 0.09698996655518395 0.09364548494983277
6 0.745819397993311 0.9364548494983278 0.20735785953177258 0.12709030100334448
6 0.5083612040133779 0.9214046822742475 0.2140468227424749 0.15719063545150502
6 0.06521739130434782 0.0802675585284281 0.13043478260869565 0.1588628762541806
6 0.9347826086956522 0.391304347826087 0.1254180602006689 0.22073578595317725
6 0.26755852842809363 0.16220735785953178 0.20234113712374582 0.2040133779264214
6 0.08862876254180602 0.2709030100334448 0.17725752508361203 0.22073578595317725
6 0.8979933110367893 0.1605351170568562 0.19732441471571907 0.2525083612040134
6 0.6923076923076923 0.1705685618729097 0.20735785953177258 0.18729096989966554
6 0.9180602006688964 0.6906354515050167 0.1588628762541806 0.21906354515050167
6 0.11371237458193979 0.8695652173913043 0.21739130434782608 0.205685618729097