3 0.5050167224080268 0.5 0.5167224080267558 0.5100334448160535
6 0.540133779264214 0.7993311036789298 0.24247491638795987 0.17391304347826086
6 0.9648829431438127 0.49331103678929766 0.06688963210702341 0.225752508361204
6 0.745819397993311 0.03511705685618729 0.22073578595317725 0.06856187290969899
6 0.32608695652173914 0.1806020066889632 0.29264214046822745 0.25585284280936454
6 0.6806020066889632 0.9732441471571907 0.20234113712374582 0.05351170568561873
6 0.048494983277591976 0.46488294314381273 0.09698996655518395 0.23411371237458195
6 0.06521739130434782 0.7508361204013378 0.13043478260869565 0.22909698996655517
6 0.2608695652173913 0.9565217391304348 0.2508361204013378 0.08528428093645485
6 0.22909698996655517 0.07859531772575251 0.27759197324414714 0.15551839464882944
6 0.903010033444816 0.07859531772575251 0.18896321070234115 0.15551839464882944
6 0.49498327759197325 0.931438127090301 0.20903010033444816 0.1354515050167224
6 0.06521739130434782 0.11371237458193979 0.13043478260869565 0.2040133779264214
6 0.1688963210702341 0.38127090301003347 0.22240802675585283 0.2525083612040134
6 0.560200668896321 0.08361204013377926 0.24247491638795987 0.16555183946488294
6 0.8394648829431438 0.5953177257525084 0.22742474916387959 0.25585284280936454
6 0.1806020066889632 0.637123745819398 0.26755852842809363 0.20903010033444816
6 0.29264214046822745 0.8110367892976589 0.26421404682274247 0.20234113712374582
6 0.6555183946488294 0.2709030100334448 0.3210702341137124 0.21237458193979933
6 0.8177257525083612 0.1939799331103679 0.27424749163879597 0.23411371237458195
6 0.8612040133779264 0.35785953177257523 0.27759197324414714 0.22408026755852842