6 0.9749163879598662 0.22073578595317725 0.05016722408026756 0.2040133779264214
3 0.5033444816053512 0.5033444816053512 0.5418060200668896 0.6120401337792643
6 0.03511705685618729 0.540133779264214 0.07023411371237458 0.2909698996655518
6 0.3979933110367893 0.9682274247491639 0.2140468227424749 0.06354515050167224
6 0.8578595317725752 0.6822742474916388 0.2140468227424749 0.225752508361204
6 0.056856187290969896 0.9431438127090301 0.11371237458193979 0.11371237458193979
6 0.931438127090301 0.06856187290969899 0.13043478260869565 0.13712374581939799
6 0.7842809364548495 0.7558528428093646 0.18896321070234115 0.21237458193979933
6 0.7508361204013378 0.06020066889632107 0.2508361204013378 0.12040133779264214
6 0.931438127090301 0.4983277591973244 0.13043478260869565 0.19899665551839466
6 0.2140468227424749 0.28595317725752506 0.205685618729097 0.22909698996655517
6 0.903010033444816 0.9046822742474916 0.18896321070234115 0.19063545150501673
6 0.1020066889632107 0.08361204013377926 0.2040133779264214 0.16722408026755853
6 0.1588628762541806 0.5016722408026756 0.21070234113712374 0.2157190635451505
6 0.14046822742474915 0.8377926421404682 0.2140468227424749 0.20903010033444816
6 0.3394648829431438 0.1020066889632107 0.22240802675585283 0.20234113712374582
6 0.8311036789297659 0.2909698996655518 0.22742474916387959 0.21906354515050167