6 0.051839464882943144 0.015050167224080268 0.10367892976588629 0.030100334448160536
6 0.02508361204013378 0.3528428093645485 0.05016722408026756 0.2525083612040134
6 0.023411371237458192 0.14214046822742474 0.046822742474916385 0.2491638795986622
6 0.1454849498327759 0.391304347826087 0.2809364548494983 0.225752508361204
6 0.19899665551839466 0.5852842809364549 0.2525083612040134 0.23411371237458195
6 0.42474916387959866 0.8177257525083612 0.2959866220735786 0.24749163879598662
6 0.038461538461538464 0.5869565217391305 0.07692307692307693 0.25752508361204013
3 0.5033444816053512 0.5 0.5117056856187291 0.5869565217391305
6 0.1488294314381271 0.08361204013377926 0.2591973244147157 0.16555183946488294
6 0.11538461538461539 0.22240802675585283 0.22073578595317725 0.21739130434782608
5 0.5334448160535117 0.9431438127090301 0.07190635451505016 0.08361204013377926
6 0.3210702341137124 0.9765886287625418 0.2508361204013378 0.046822742474916385
6 0.5451505016722408 0.03511705685618729 0.26755852842809363 0.07023411371237458
6 0.3729096989966555 0.08528428093645485 0.25752508361204013 0.1705685618729097
6 0.9013377926421404 0.45484949832775917 0.19230769230769232 0.2491638795986622
6 0.7876254180602007 0.08361204013377926 0.22408026755852842 0.16722408026755853
6 0.8712374581939799 0.9364548494983278 0.2508361204013378 0.12709030100334448
6 0.6739130434782609 0.903010033444816 0.225752508361204 0.1939799331103679
6 0.9230769230769231 0.12040133779264214 0.14715719063545152 0.23076923076923078
6 0.8093645484949833 0.30267558528428096 0.24581939799331104 0.23076923076923078
6 0.23244147157190637 0.8929765886287625 0.24247491638795987 0.205685618729097
6 0.8963210702341137 0.7725752508361204 0.20234113712374582 0.23411371237458195
6 0.1588628762541806 0.7374581939799331 0.2391304347826087 0.1956521739130435
6 0.7926421404682275 0.6187290969899666 0.19732441471571907 0.2040133779264214
6 0.6137123745819398 0.16220735785953178 0.22240802675585283 0.19899665551839466