0 0.49665551839464883 0.5769230769230769 0.2976588628762542 0.27759197324414714
6 0.021739130434782608 0.46153846153846156 0.04180602006688963 0.2408026755852843
6 0.05518394648829431 0.2909698996655518 0.11036789297658862 0.28929765886287623
2 0.49665551839464883 0.560200668896321 0.29264214046822745 0.31438127090301005
5 0.4080267558528428 0.4498327759197324 0.10702341137123746 0.10033444816053512
6 0.9765886287625418 0.10702341137123746 0.0451505016722408 0.20903010033444816
6 0.822742474916388 0.6070234113712375 0.2709030100334448 0.25752508361204013
6 0.5250836120401338 0.01839464882943144 0.21739130434782608 0.03511705685618729
6 0.056856187290969896 0.6120401337792643 0.11371237458193979 0.28762541806020064
5 0.8662207357859532 0.9147157190635451 0.11705685618729098 0.10535117056856187
6 0.17391304347826086 0.22408026755852842 0.23578595317725753 0.2591973244147157
5 0.919732441471572 0.8060200668896321 0.07859531772575251 0.07525083612040134
6 0.3377926421404682 0.2725752508361204 0.2809364548494983 0.27591973244147155
6 0.3712374581939799 0.8913043478260869 0.25418060200668896 0.21739130434782608
6 0.8913043478260869 0.4866220735785953 0.21070234113712374 0.27759197324414714
6 0.16722408026755853 0.7993311036789298 0.2608695652173913 0.27424749163879597
6 0.5702341137123745 0.8127090301003345 0.24581939799331104 0.23745819397993312
6 0.6889632107023411 0.411371237458194 0.2508361204013378 0.23411371237458195
6 0.7608695652173914 0.1688963210702341 0.2391304347826087 0.25585284280936454