6 0.4096989966555184 0.08862876254180602 0.29264214046822745 0.17725752508361203
6 0.038461538461538464 0.24749163879598662 0.07692307692307693 0.27424749163879597
6 0.02508361204013378 0.7324414715719063 0.05016722408026756 0.2525083612040134
6 0.10702341137123746 0.9832775919732442 0.2140468227424749 0.033444816053511704
2 0.49498327759197325 0.5167224080267558 0.3110367892976589 0.33277591973244147
6 0.2826086956521739 0.06020066889632107 0.2909698996655518 0.12040133779264214
6 0.7341137123745819 0.43812709030100333 0.2809364548494983 0.27591973244147155
6 0.939799331103679 0.0903010033444816 0.11538461538461539 0.1806020066889632
6 0.6421404682274248 0.6889632107023411 0.2140468227424749 0.26588628762541805
6 0.225752508361204 0.5869565217391305 0.27424749163879597 0.2976588628762542
6 0.8913043478260869 0.5468227424749164 0.2140468227424749 0.27759197324414714
6 0.6956521739130435 0.903010033444816 0.2909698996655518 0.1939799331103679
6 0.10367892976588629 0.4498327759197324 0.205685618729097 0.2525083612040134
6 0.4331103678929766 0.7491638795986622 0.25585284280936454 0.22073578595317725
6 0.24414715719063546 0.8795986622073578 0.28929765886287623 0.23076923076923078
6 0.7658862876254181 0.17892976588628762 0.2709030100334448 0.2591973244147157