5 0.4899665551839465 0.4983277591973244 0.23578595317725753 0.22073578595317725
6 0.4214046822742475 0.7290969899665551 0.22742474916387959 0.2709030100334448
6 0.9765886287625418 0.19732441471571907 0.046822742474916385 0.21237458193979933
2 0.4899665551839465 0.5016722408026756 0.23578595317725753 0.225752508361204
6 0.5418060200668896 0.9816053511705686 0.2391304347826087 0.03511705685618729
6 0.08862876254180602 0.026755852842809364 0.17725752508361203 0.05351170568561873
6 0.3695652173913043 0.822742474916388 0.205685618729097 0.21237458193979933
6 0.225752508361204 0.9498327759197325 0.22073578595317725 0.10033444816053512
6 0.38127090301003347 0.0451505016722408 0.24247491638795987 0.0903010033444816
6 0.8411371237458194 0.959866220735786 0.2508361204013378 0.0802675585284281
6 0.06354515050167224 0.9247491638795987 0.12709030100334448 0.1505016722408027
6 0.939799331103679 0.5668896321070234 0.11371237458193979 0.22408026755852842
6 0.677257525083612 0.3795986622073579 0.19732441471571907 0.22408026755852842
6 0.8010033444816054 0.0802675585284281 0.23578595317725753 0.1588628762541806
6 0.6187290969899666 0.6471571906354515 0.2140468227424749 0.225752508361204
6 0.2692307692307692 0.17558528428093645 0.22742474916387959 0.22909698996655517
6 0.07859531772575251 0.20234113712374582 0.15719063545150502 0.22408026755852842
6 0.5819397993311036 0.14381270903010032 0.2591973244147157 0.24581939799331104
6 0.16220735785953178 0.774247491638796 0.2140468227424749 0.2525083612040134