6 0.9682274247491639 0.9531772575250836 0.06020066889632107 0.09364548494983277
2 0.5066889632107023 0.49498327759197325 0.2725752508361204 0.2709030100334448
6 0.6822742474916388 0.9765886287625418 0.24749163879598662 0.046822742474916385
5 0.959866220735786 0.32441471571906355 0.07023411371237458 0.08361204013377926
6 0.7357859531772575 0.028428093645484948 0.22742474916387959 0.056856187290969896
5 0.033444816053511704 0.2625418060200669 0.06688963210702341 0.0802675585284281
6 0.9247491638795987 0.06020066889632107 0.1454849498327759 0.11872909698996656
6 0.5234113712374582 0.919732441471572 0.2140468227424749 0.1605351170568562
6 0.5585284280936454 0.20234113712374582 0.27759197324414714 0.24581939799331104
6 0.07190635451505016 0.09531772575250837 0.14381270903010032 0.19063545150501673
6 0.32274247491638797 0.30267558528428096 0.20234113712374582 0.23745819397993312
6 0.8712374581939799 0.4816053511705686 0.22240802675585283 0.19899665551839466
6 0.12040133779264214 0.4096989966555184 0.20234113712374582 0.21237458193979933
6 0.7909698996655519 0.6923076923076923 0.2608695652173913 0.24581939799331104
6 0.28595317725752506 0.5652173913043478 0.21070234113712374 0.23076923076923078
6 0.44816053511705684 0.7324414715719063 0.23076923076923078 0.20903010033444816
6 0.12876254180602006 0.7123745819397993 0.23076923076923078 0.19063545150501673
6 0.6956521739130435 0.3695652173913043 0.20903010033444816 0.1956521739130435
5 0.596989966555184 0.2625418060200669 0.06688963210702341 0.07190635451505016
5 0.03511705685618729 0.9832775919732442 0.07023411371237458 0.033444816053511704