6 0.9765886287625418 0.3762541806020067 0.046822742474916385 0.21739130434782608
6 0.3411371237458194 0.9682274247491639 0.2525083612040134 0.06354515050167224
5 0.5 0.5183946488294314 0.205685618729097 0.2040133779264214
5 0.061872909698996656 0.842809364548495 0.12374581939799331 0.14715719063545152
6 0.1705685618729097 0.9548494983277592 0.2692307692307692 0.08862876254180602
6 0.8110367892976589 0.9464882943143813 0.27759197324414714 0.10702341137123746
2 0.3411371237458194 0.14046822742474915 0.31438127090301005 0.2809364548494983
6 0.8494983277591973 0.06688963210702341 0.22240802675585283 0.13210702341137123
6 0.11036789297658862 0.07859531772575251 0.22073578595317725 0.15719063545150502
6 0.07525083612040134 0.2709030100334448 0.1505016722408027 0.2625418060200669
6 0.5501672240802675 0.8929765886287625 0.26588628762541805 0.21237458193979933
6 0.5317725752508361 0.6906354515050167 0.28595317725752506 0.2491638795986622
6 0.7876254180602007 0.7441471571906354 0.29264214046822745 0.2591973244147157
6 0.8946488294314381 0.5250836120401338 0.205685618729097 0.2525083612040134
6 0.7073578595317725 0.4882943143812709 0.23076923076923078 0.25585284280936454
6 0.7759197324414716 0.2709030100334448 0.27424749163879597 0.22742474916387959
6 0.25752508361204013 0.7725752508361204 0.2709030100334448 0.27424749163879597
6 0.6354515050167224 0.10869565217391304 0.2508361204013378 0.21739130434782608
6 0.2140468227424749 0.4397993311036789 0.26755852842809363 0.2491638795986622