6 0.6321070234113713 0.10033444816053512 0.21906354515050167 0.1956521739130435
6 0.5585284280936454 0.17725752508361203 0.21070234113712374 0.23411371237458195
6 0.7591973244147158 0.011705685618729096 0.23411371237458195 0.023411371237458192
5 0.5016722408026756 0.5033444816053512 0.2525083612040134 0.2525083612040134
6 0.6137123745819398 0.9849498327759197 0.2842809364548495 0.030100334448160536
6 0.023411371237458192 0.9214046822742475 0.046822742474916385 0.15719063545150502
6 0.6505016722408027 0.41638795986622074 0.24581939799331104 0.23411371237458195
3 0.9063545150501672 0.6070234113712375 0.18561872909698995 0.5367892976588629
6 0.048494983277591976 0.17558528428093645 0.09698996655518395 0.3277591973244147
6 0.5250836120401338 0.03678929765886288 0.2408026755852843 0.07357859531772576
5 0.8210702341137124 0.13043478260869565 0.08862876254180602 0.10033444816053512
6 0.9347826086956522 0.05518394648829431 0.13043478260869565 0.11036789297658862
6 0.7357859531772575 0.2709030100334448 0.22742474916387959 0.20234113712374582
6 0.1488294314381271 0.9381270903010034 0.21739130434782608 0.12374581939799331
6 0.36789297658862874 0.9381270903010034 0.22073578595317725 0.12374581939799331
6 0.9147157190635451 0.9096989966555183 0.16722408026755853 0.17892976588628762
6 0.6220735785953178 0.8444816053511706 0.24581939799331104 0.25585284280936454
6 0.9214046822742475 0.24247491638795987 0.15384615384615385 0.2591973244147157
6 0.061872909698996656 0.5334448160535117 0.12374581939799331 0.27759197324414714
6 0.2525083612040134 0.7909698996655519 0.2391304347826087 0.2157190635451505
6 0.7408026755852842 0.6321070234113713 0.2140468227424749 0.205685618729097
6 0.20066889632107024 0.12709030100334448 0.2608695652173913 0.2525083612040134
6 0.2608695652173913 0.560200668896321 0.2608695652173913 0.225752508361204