6 0.979933110367893 0.0451505016722408 0.038461538461538464 0.0903010033444816
2 0.4983277591973244 0.5551839464882943 0.19230769230769232 0.19063545150501673
6 0.9816053511705686 0.23076923076923078 0.03511705685618729 0.20903010033444816
5 0.5 0.5551839464882943 0.18896321070234115 0.19063545150501673
6 0.04180602006688963 0.9347826086956522 0.08361204013377926 0.13043478260869565
6 0.20066889632107024 0.9498327759197325 0.20066889632107024 0.10033444816053512
6 0.4331103678929766 0.9665551839464883 0.2157190635451505 0.06688963210702341
6 0.9431438127090301 0.8779264214046822 0.11371237458193979 0.21906354515050167
6 0.06354515050167224 0.3511705685618729 0.12709030100334448 0.2408026755852843
6 0.42642140468227424 0.6906354515050167 0.2408026755852843 0.205685618729097
6 0.782608695652174 0.919732441471572 0.20066889632107024 0.1605351170568562
6 0.07357859531772576 0.7441471571906354 0.14715719063545152 0.23076923076923078
6 0.9347826086956522 0.6070234113712375 0.1254180602006689 0.20066889632107024
6 0.23411371237458195 0.4816053511705686 0.1939799331103679 0.19899665551839466
6 0.7090301003344481 0.7474916387959866 0.2157190635451505 0.20066889632107024
6 0.18729096989966554 0.13043478260869565 0.2140468227424749 0.1956521739130435
6 0.7658862876254181 0.5451505016722408 0.2508361204013378 0.20903010033444816
6 0.9046822742474916 0.3712374581939799 0.18394648829431437 0.2040133779264214
6 0.6053511705685619 0.17725752508361203 0.22742474916387959 0.225752508361204
6 0.40635451505016723 0.35785953177257523 0.19732441471571907 0.1939799331103679
6 0.31438127090301005 0.8394648829431438 0.22240802675585283 0.21237458193979933