6 0.12040133779264214 0.9899665551839465 0.225752508361204 0.020066889632107024
2 0.5 0.5083612040133779 0.2725752508361204 0.2842809364548495
6 0.3511705685618729 0.9832775919732442 0.2608695652173913 0.033444816053511704
6 0.9581939799331104 0.2709030100334448 0.08361204013377926 0.26755852842809363
6 0.479933110367893 0.046822742474916385 0.24581939799331104 0.09364548494983277
6 0.07023411371237458 0.36454849498327757 0.13879598662207357 0.22742474916387959
6 0.8712374581939799 0.5250836120401338 0.23411371237458195 0.23745819397993312
6 0.34615384615384615 0.7775919732441472 0.28929765886287623 0.2508361204013378
6 0.29431438127090304 0.4414715719063545 0.21739130434782608 0.20234113712374582
6 0.774247491638796 0.08193979933110368 0.24247491638795987 0.16220735785953178
6 0.2792642140468227 0.26421404682274247 0.20903010033444816 0.19899665551839466
6 0.7341137123745819 0.362876254180602 0.27759197324414714 0.2491638795986622
6 0.7357859531772575 0.697324414715719 0.21070234113712374 0.2157190635451505
6 0.8712374581939799 0.8528428093645485 0.2508361204013378 0.2508361204013378
6 0.08361204013377926 0.10033444816053512 0.16722408026755853 0.20066889632107024
6 0.10869565217391304 0.7408026755852842 0.21739130434782608 0.22408026755852842
6 0.1254180602006689 0.3695652173913043 0.15551839464882944 0.2709030100334448