6 0.011705685618729096 0.4882943143812709 0.021739130434782608 0.22909698996655517
6 0.9264214046822743 0.7157190635451505 0.14715719063545152 0.23076923076923078
6 0.19732441471571907 0.9665551839464883 0.22742474916387959 0.06688963210702341
6 0.7842809364548495 0.9849498327759197 0.26421404682274247 0.030100334448160536
6 0.9849498327759197 0.9147157190635451 0.030100334448160536 0.16387959866220736
6 0.32274247491638797 0.07023411371237458 0.29264214046822745 0.14046822742474915
6 0.9732441471571907 0.4214046822742475 0.05351170568561873 0.20903010033444816
6 0.046822742474916385 0.04013377926421405 0.09197324414715718 0.0802675585284281
6 0.560200668896321 0.020066889632107024 0.2976588628762542 0.04013377926421405
2 0.4983277591973244 0.5033444816053512 0.2709030100334448 0.27424749163879597
6 0.2725752508361204 0.81438127090301 0.25585284280936454 0.2508361204013378
6 0.205685618729097 0.03678929765886288 0.25752508361204013 0.07357859531772576
5 0.68561872909699 0.6387959866220736 0.08361204013377926 0.06688963210702341
6 0.9214046822742475 0.6137123745819398 0.1505016722408027 0.20234113712374582
6 0.3010033444816054 0.2491638795986622 0.27424749163879597 0.2508361204013378
6 0.4214046822742475 0.9280936454849499 0.2608695652173913 0.14381270903010032
6 0.26755852842809363 0.5836120401337793 0.225752508361204 0.22408026755852842
6 0.6421404682274248 0.9046822742474916 0.205685618729097 0.18394648829431437
6 0.774247491638796 0.7775919732441472 0.19732441471571907 0.205685618729097
6 0.8662207357859532 0.29264214046822745 0.24749163879598662 0.2591973244147157
6 0.5 0.7441471571906354 0.25585284280936454 0.24247491638795987
6 0.7658862876254181 0.10367892976588629 0.27424749163879597 0.205685618729097
6 0.782608695652174 0.5066889632107023 0.22742474916387959 0.22240802675585283
6 0.6505016722408027 0.33277591973244147 0.22909698996655517 0.21739130434782608
6 0.6103678929765887 0.26421404682274247 0.22742474916387959 0.22073578595317725
6 0.07190635451505016 0.19732441471571907 0.14381270903010032 0.2140468227424749
6 0.07023411371237458 0.8511705685618729 0.13879598662207357 0.2976588628762542
6 0.1588628762541806 0.43645484949832775 0.28762541806020064 0.23745819397993312