5 0.9247491638795987 0.026755852842809364 0.1505016722408027 0.05351170568561873
6 0.9230769230769231 0.22742474916387959 0.14715719063545152 0.2625418060200669
6 0.9749163879598662 0.8277591973244147 0.05016722408026756 0.21906354515050167
6 0.0451505016722408 0.939799331103679 0.08862876254180602 0.11872909698996656
5 0.9816053511705686 0.3963210702341137 0.03678929765886288 0.07692307692307693
2 0.4983277591973244 0.5551839464882943 0.30267558528428096 0.2993311036789298
6 0.05016722408026756 0.3779264214046823 0.10033444816053512 0.24247491638795987
6 0.046822742474916385 0.5652173913043478 0.09364548494983277 0.23411371237458195
6 0.3193979933110368 0.8578595317725752 0.25585284280936454 0.22909698996655517
6 0.3695652173913043 0.9464882943143813 0.2391304347826087 0.10702341137123746
6 0.8678929765886287 0.9280936454849499 0.23578595317725753 0.14381270903010032
6 0.6354515050167224 0.9163879598662207 0.2391304347826087 0.16555183946488294
6 0.5100334448160535 0.7792642140468228 0.27424749163879597 0.19899665551839466
6 0.5384615384615384 0.0903010033444816 0.25418060200668896 0.1806020066889632
6 0.225752508361204 0.5384615384615384 0.2608695652173913 0.1956521739130435
6 0.41471571906354515 0.25752508361204013 0.22240802675585283 0.2508361204013378
6 0.862876254180602 0.3076923076923077 0.26421404682274247 0.1956521739130435
6 0.7775919732441472 0.11371237458193979 0.23244147157190637 0.22742474916387959
6 0.7391304347826086 0.49498327759197325 0.22742474916387959 0.24581939799331104
6 0.205685618729097 0.32608695652173914 0.24581939799331104 0.22909698996655517
6 0.10033444816053512 0.7792642140468228 0.20066889632107024 0.2525083612040134
6 0.10702341137123746 0.11872909698996656 0.2140468227424749 0.23745819397993312