6 0.8795986622073578 0.7842809364548495 0.2408026755852843 0.35785953177257523
6 0.15217391304347827 0.9882943143812709 0.2140468227424749 0.021739130434782608
2 0.5033444816053512 0.5 0.2391304347826087 0.2408026755852843
5 0.5066889632107023 0.5033444816053512 0.24247491638795987 0.2391304347826087
6 0.020066889632107024 0.09698996655518395 0.038461538461538464 0.19063545150501673
6 0.617056856187291 0.5852842809364549 0.22240802675585283 0.23411371237458195
6 0.9565217391304348 0.15384615384615385 0.08193979933110368 0.2408026755852843
6 0.6521739130434783 0.09866220735785954 0.23411371237458195 0.19732441471571907
6 0.6906354515050167 0.7775919732441472 0.23411371237458195 0.22408026755852842
6 0.32441471571906355 0.6321070234113713 0.22240802675585283 0.23411371237458195
6 0.09364548494983277 0.3879598662207358 0.18561872909698995 0.23745819397993312
6 0.5117056856187291 0.24749163879598662 0.21070234113712374 0.20903010033444816
6 0.32274247491638797 0.3712374581939799 0.22073578595317725 0.2157190635451505
6 0.7809364548494984 0.45652173913043476 0.22240802675585283 0.22909698996655517
6 0.2909698996655518 0.8595317725752508 0.24749163879598662 0.22073578595317725
6 0.08361204013377926 0.7892976588628763 0.16722408026755853 0.22408026755852842
6 0.24414715719063546 0.15719063545150502 0.2508361204013378 0.23076923076923078