6 0.03177257525083612 0.6521739130434783 0.06354515050167224 0.2625418060200669
2 0.5033444816053512 0.5 0.23076923076923078 0.25418060200668896
6 0.16387959866220736 0.02508361204013378 0.26755852842809363 0.05016722408026756
6 0.6538461538461539 0.026755852842809364 0.25752508361204013 0.05351170568561873
6 0.07190635451505016 0.49665551839464883 0.14214046822742474 0.24247491638795987
5 0.44648829431438125 0.2725752508361204 0.07190635451505016 0.08361204013377926
6 0.9364548494983278 0.431438127090301 0.12207357859531773 0.23411371237458195
6 0.2993311036789298 0.9013377926421404 0.26421404682274247 0.19732441471571907
6 0.2976588628762542 0.34782608695652173 0.2608695652173913 0.24581939799331104
6 0.5317725752508361 0.9230769230769231 0.26755852842809363 0.15384615384615385
6 0.931438127090301 0.16722408026755853 0.13043478260869565 0.2625418060200669
6 0.7976588628762542 0.1020066889632107 0.22909698996655517 0.20234113712374582
6 0.9163879598662207 0.8979933110367893 0.1605351170568562 0.2040133779264214
6 0.4331103678929766 0.0903010033444816 0.23578595317725753 0.1806020066889632
6 0.8010033444816054 0.3210702341137124 0.20234113712374582 0.1956521739130435
6 0.23244147157190637 0.5518394648829431 0.23578595317725753 0.20234113712374582
6 0.7408026755852842 0.7558528428093646 0.25418060200668896 0.24581939799331104
6 0.7090301003344481 0.4297658862876254 0.23578595317725753 0.23745819397993312