2 0.49498327759197325 0.49665551839464883 0.2391304347826087 0.23745819397993312
6 0.9498327759197325 0.11872909698996656 0.10033444816053512 0.23745819397993312
6 0.362876254180602 0.9130434782608695 0.2709030100334448 0.17391304347826086
6 0.8578595317725752 0.8929765886287625 0.26421404682274247 0.21237458193979933
6 0.8795986622073578 0.560200668896321 0.23578595317725753 0.27759197324414714
6 0.08528428093645485 0.11204013377926421 0.1705685618729097 0.22408026755852842
6 0.36622073578595316 0.68561872909699 0.25585284280936454 0.2809364548494983
6 0.5719063545150501 0.8327759197324415 0.27424749163879597 0.28762541806020064
6 0.7842809364548495 0.33444816053511706 0.26421404682274247 0.24581939799331104
6 0.17224080267558528 0.43645484949832775 0.2608695652173913 0.22909698996655517
6 0.1488294314381271 0.6605351170568562 0.23578595317725753 0.24581939799331104
6 0.7625418060200669 0.10702341137123746 0.24749163879598662 0.21237458193979933
6 0.28595317725752506 0.22909698996655517 0.2993311036789298 0.25585284280936454
6 0.5618729096989966 0.20735785953177258 0.2591973244147157 0.2842809364548495
6 0.6622073578595318 0.6103678929765887 0.2525083612040134 0.24581939799331104