2 0.5033444816053512 0.5167224080267558 0.2140468227424749 0.21237458193979933
6 0.013377926421404682 0.23578595317725753 0.026755852842809364 0.21739130434782608
6 0.026755852842809364 0.7575250836120402 0.05351170568561873 0.2491638795986622
5 0.5033444816053512 0.520066889632107 0.20903010033444816 0.21237458193979933
6 0.4230769230769231 0.02508361204013378 0.23578595317725753 0.05016722408026756
6 0.939799331103679 0.18896321070234115 0.11371237458193979 0.27759197324414714
6 0.717391304347826 0.6454849498327759 0.24749163879598662 0.19063545150501673
6 0.9214046822742475 0.8929765886287625 0.15384615384615385 0.21237458193979933
6 0.7341137123745819 0.9080267558528428 0.23578595317725753 0.18227424749163879
6 0.7775919732441472 0.11036789297658862 0.2391304347826087 0.22073578595317725
6 0.33277591973244147 0.3060200668896321 0.225752508361204 0.22073578595317725
6 0.33612040133779264 0.7508361204013378 0.23411371237458195 0.22909698996655517
6 0.1605351170568562 0.6003344481605352 0.2508361204013378 0.24247491638795987
6 0.5367892976588629 0.21906354515050167 0.23578595317725753 0.23411371237458195